d -11
f 14483367541615338123795671703134232472996396558861356665095685249524361087845536580516063846775997775139071674891982375006689605397645870464511633816168569590982276569874416538373958122170705825053593108932629859305808038372317566134372882441033444400367594854959345317183249794848219331200114157416014151681
3 1 6960136506502225323336261510700880534980411266293617581532624234128544125695328039734038389019591399572873905002600902037648156219970814208094864696431155047714754797195061536652002674455785411839273400255603359446030864894119034408966384249736184619674282386320292935115247865869541112244892240885000248652
5 2 5267560322120836725842804077954149043255574397772122767736930467807631307998536904471332468852666735545891701530563904643913450999011751400547691550317156608683732715977676525033948930114130979331870911773787511128030340403895221316912736632141269224095340441180005941950861956172956198301131010910325472716
23 11 9071966681655858121350198924400378102739705204198168845622948857802316399835166510596482705639113772273535563418369562326576909747250558947109076683336363617034242690023198032798193812377509526639600692206474102709077380344866689863161801174071390141001339768018672306998439583795297774356435167247356175040
31 11 121591403024093845614041512664317066078352788672957735280167205600376809501362726341148156605329878522473974908355321870617552327681724595092714494175430872157615969093858893133343834205296128985204504921295998998805917821098018821689596488140423309532527521196343332326351424332817924656691235277851752608
37 11 7157916874956781596773438391305879792689584526831301091641027731098513115479644591571067856559526190740879349537901092498972641043631864386631131878812579587527991225316935313254245930212200646171967657015787353805251362335982985695823419199972819605404865627702814488584328624804805320305930602314509831318
47 12 2642094865163108827036488217785210185573167740939438691083975322424209484561119708572062400428041914314485780810372595651236100866991388793216256992811347166021766031264383308517800697792389727580582013675552448845454855575699895665110579848568270110753005496807274057952360557698561241647120441062810304948
53 3 2005402689539295446433582746851191864125331010326669784021904261510348511486339764406393346996291680798414934710365235019453222225845764305658409149899465245296129424435366036163099351000433771919643683116100535419768283285658424781494746471434243502763942836399870861670417741816234498323404410496659488373
59 1 5288029869627578646560711884715420407709038163356171329753595415534431644505251174241748356614195221481416743085461004378263155575690539891893603085816235255392791785076519820083628429715496211588266554002512783107143176983477742728169481684271827966871792652058003383743496722363673934501127259014311944608
67 29 13864743330022723123492106430866867132134449927247541474896853266178669200558122223086885038357675477032169318006068496263636421674877135042606210728209735620153635798712365586352588182904200380030955563130631809318247419972038418397283279730004509182132335683013552768556944339524382965950585897210499524028
71 35 1964943366670985693707457025258095948105674843795305691717452892163377342924007756128511870029801267447162672886534210791636318445825591278570177439611621171575055878153922876729579358293230721738421991037305303407690674041127978339460753456437893687528618330505425035015999379428324697425613842090403399092
89 44 5607161202846281104090225772130313849275893566236419323697711292022301925143781282265087940847973425603061344818257666895305687052598709862214690160923729819638190032517402967098767502558175093137911125538100113460929455396960707117054144339766128297192486131373272788593245526688766956063020728731813767100
97 15 4629686386292988072128484527845427042036594684932538208402399040777952602428569314062398229656083257466276627621920051130678323104150790986567337096792430715838910841316436165448429094765246370724214903107204169311418795745570050508151702690944707052500043643409502110139633847323141880272636015126495672402
103 43 1
113 48 5128997262596124991951400230381722872922008131011404827421777883112894298359513684990891247096828711423275263948811806763731782855466541963651451143655404395584316189029670887539970348045840549564198998380043775724133807801638094142327158268617527846528330827469184363607976751357115830536496043927689626622
137 27 13307480653296536877208374504808968083695789838026187729628835788657674922535531503787143411187530114543062025677760212723341268664706890670592039476253228480681449871668765099434318842728507500579237438947785352202462695511149976997584021482238988130981168430424314637510364050753139994972328416279534903830
157 23 9555226322594475870932132136926905126169292552962658274313509853479110662670206266522615699420957316384299758550055849514916245944438213821499623765346773275777875273108329608620478448640667000857992568975519065150622278986348543299204695105125826284193035433184003700845217683998890207765376661131598298544
163 10 9419634834657104828613639023245917519504029649393746674973004486060927410276320518407942172114418741139879863190922499487328619532731961212424992409496061387651661623753750251418991073508645255055318616745061029537257657537786377301383359776267209759943065256240098568724450873495365447877836992127052333289
179 3 13827917561154607157714951081531063934414187594804484673653244670933793247620409041544319355789345431068416931772257307351098392088018032801972652522782741454558995402627197937567604460934461281168758541221342884156506056437267587042431729611635270369042307698850376946250508507107928240072889017025744455698
181 82 6641087813076883703388245532451790506555357995982362532209345136361380146142397064074474893706618226134523133701790617218132984097221003002686276485550326181406200804374362382956469154502775673791196053997830568229252423720608826519013568773731473508455647442575308642712696539670132009318930966381703265828
191 40 1016091361089170799738791313102433589207857239801831097472009575373215988093426063384960685887782285036527506418821792218533804507093413333899858080055764188433002342274651228974997611160302370705159411304849673444981163555052236055020517945239415418436677901805814447907791571546048773720475882700919263166
199 68 11487476569576481524040822449432413355248307023452390122261718927222769589295649379642797278360999220168372395200321335898396067884447122926623420465256149205454965960680107899467654957216520809642317341849139952818247736390946782668020561583147730651957462423956461882998036207352941341381024413583737316915
223 42 8681785055728007882519113873297770557964878345970919185629818240674301920718560148479062173194883299247122515852267370287123805319485525126164658600429376838503779278797981346896035573788688274344515744572975342329271496467525711555185670701932027017351794338030401851817097373541062883690801353984488561987
229 6 982315321853800889714024865781214893799276485753191804604891250834238081233346612917313887499151276736058935310228966506688997557383063736613772369827713191686907662666703242580677096239211554948665693158681657721746623739661666390428723496099254863222243963486309222789915229739722975192317046369379489371
251 103 11437571196660713523988971923817230852156309654849894213868184629081471347565181053877231234491877230610642291014662084238176871423806375373612761437366511760657597999585764385503155856521473949749810525956869068056116938505338150299254656769084978515585554144653923823081550078466943977487678167509074946931
257 4 11613452409000251450557856396403663739371094796610953537427142420783218488880890327482389811034710740427178630385888272205879117695375161785124269016988059091088188063107461678111295427560016914122071778656858338239053756334196226462605450127643603565321749818852690298775306244267009233221155617568203861392
269 126 11311826698098349750081856635485996675444877849651290748745058533818532851986045571392976904396227696880638826905949589686775887379248209588394102880425638451512760152732701888152701144368406197431113782783913053495259794052325833154098517204113912571392459514669039966811408617497243770715294912962993325376
311 58 11706525272807433502180528303688386046096855353424901229002886406889863171492375616426179284223680656999102753467925382520720433615120061154442603933333051980731154819463965260045606721660642379906159237851241257524521938405621444457887194640300572387067618574352681102844321547332967309409110268756817274109
313 54 6138780753319893752146654589436003977137304164381435676062853546020610739592611127329520351670312588122625888803751068059417211847641621892665223439695096113682343739064879194664668332826691338715815068927032603340752501648610679609163416433627784297308629249269571653703874773790651814188340166570891212528
317 45 11490768201749768003699987388035682107971276550161522183159166176375233175291047756528353461567773600692518507777888636024218613422228269123000723885802251314321208442170574417600127087843723468269083661431865770300012737613756251870669575739506283306535344548682712225611179488257869039766750130967051979634
331 150 6628219750750919715712563541331038469950981563477364152483403063069715631996657984906380700989655432346853514846325711701792432262935864111694771618933106654906075985570114278877871927966247992907896099322493767140463441290342881582146229376051552839434888350869711175184954454933727244021221458530918835701
353 148 9493252563360943746616062706993076875672142401655776025821040699006287643059499480675976762202821050387713289787279108683919402214250132894171162008661002602721405740920061203585146872888136714735152889972072515467074577843750151139409741043584039186819534503715323077723042024328874467816825623897061319307
367 142 3807741350206163860931553299633100753483425349428049258066900984276216909937114907582503221143725079948042979335347439567729797355343506703796209682165695473580704415516513193942550698231672104117076594603846787762561455409962362256551917802638653575879189522842171544602948865063732323042927850974172355978
379 59 10839030891086884285074811880778634508387388566970958334805982068883201669823718803549265267532610813694519628410358359566178179239366674260178395339210803048196989582962736155063585719194768744464026319740618939653961866014778003291707705823984426215610492363072207496182268061136369704087588413829212464584
383 59 7874172812556769756879104036608485071378460023040132898053840307558881561907706046333426956546418640524544825765191415832687821140027497401134525800471209799701511232629063435009465705323433372439604990806487669547971591047241417776910050968048601756518475427740675071223657044086119857695577757858423443375
389 166 2882199384136313332561527502660385653918905137014975899921970125313277884379202728997265977705686662624680976062325957522120121155948102369259885908681210090183547172637992903875694985013597265897764401932233711744482835672377819122206232585669862350603156653290751697373512300436141524718834604298688864199
397 11 2409705169953930590102272561368673615768894177516556423183214644212437898796619723120663037852594116611357241336902754534420119666867521917322733089193499738814064876586153529386559610387064593333551571272929714751171975230630643316402653404381407605057205561115559936873317831700941424685776145831920063297
401 137 9814087059655005991170119044009846945507932179079448603355714381141453505241856219389377158864697839445962638607457898393553840111444336925231931173719779107663295933350353996376132060740064009411695206798026116402425611832192140677002689404487042016239548793672451895708640120446264523046557530952642991404
419 79 8111055735903235233871984453052824476799283809343557620308769126586454370123046840502624136258791873544289392285128927981928018389036381490630275278327563317572371738531433931190528821442867168682506746201734404102121895042383211133759217970949263882261906984625058674163036968935166516816673296470670910713
421 131 9009000945149056011335320845076642370797205138554642727736373542696325626815421490810364167326444378996535280256166710092385387753845831200764558147886634589750175615116127539268999585081271535843481103077144781248709739379844338301337632060725680292474659970936082661785332165465003798239016385967822518359
433 111 1932800675066913435480119076928451951834772087397474523280311395167381742322569206929370708798043122325545689144937018421104089667228731594689644982883318848097698019467649899450495186618341585815113349348288867775422595689594175127282293172639984246194077342203656039169087733486201141057147583936916883833
443 21 10458897922863623467065002761343190109659785672255922950487155728099744271795330556328774053395936847677674119303411630418075984953687293315580945562708607189776641109091765705728218295846729320022150281779005718802355825160779929051258518263285163592372667069557530207614182095225095451892071614858985702918
449 42 12574855605939511508836984121841102111859060247233941064809576653541534685543838243128923478613812122601104169516561485527267215897468551140594568712699822623717779295986943346906451267122566411193179695263616998902143319884582490648095810730214795175712643858763424705681052474894859495920559999709960746577
463 191 11646639651683334295453510361573067615493671318971935167359820112299091663509370623378129246759714867706717955034905460937759006711819946793260787922013352890021077295598510671339699318580940521680643471342339994293843112278627006239595880043437559645950901433991243586999630131974672053150537278407098902718
467 99 3238392858307599291744195329649768888223196589936021732307736620068501515431179570265546816098353243371251846713844110393173609742439393719008076076257346692023290701294004817405780022187230362681967281777829414223046038996352448228697964538922419846298355745103716145535553627474902220767587612782766329463
487 57 10730858977674592867415839833097528618192729432910371306501661513835772832576749320217444581068040703467984554620960108457866130022567757204291710924018256502572384503930959436400560805783534041705737801364734221845733222536397397186525357185479413260570632880625815138671702561035413178530865835262186400253
499 190 9868357784369947110287275840247868667791136934123169870661774586185086327099902570352108943633016426526267332529521095214620279639319522633260888330764978358224372154940760994012230633494553008589521993656806813407097859300343107162555234523165460807013076734964911450113153774317845375063992070360504292232
509 146 9530696390176134618665846955517483788672061279542080632158905256963901498039120530766274138054447384999145287136200248547370356927851835167790667969354906704630751302929813739294304798776208304464663537212770123765198184809995602677160859820384968337517945372580137814323307746397892789142363962013963535667
521 104 7785367101089377299571647476120284798683341814707754331839485845508088506896555822246856364145991188042408646776211040032361557910160824613030820858763840646945112689456227702764071613453820684330271350134867243053963147398305851798491185782486732439693253637000427441547243913042058326625056408433933020891
577 160 630781876970225498288911120831474991141371226198903786008390092520841272921549708058360858936647847131420177522454492302776082251813833519183098088604677157829482401799432095811943593811167591247031431870037427420519516269557399228502811214609709395854029044140557113108365371180768075627146884129343716552
587 56 774525294081288697945868169616663364951274643691756205630869366104516173469994586845677132352496451126980858410890201114585370394954981916057235225518353107283205484088864818307853156186390823791238616973105891587666016062814358993123232578018869669859987523252356961881224735819338204118759543647390930523
599 34 2203862821332797935533037365155549471837744962859345636091141917994873388710415552612839232748465705997637224733368213941987797510825311274128371216239205702224575638943762706643474958352999951915067894002732226164752887723363197205790309788139818521986182960179634413052956956232010893042585275125641895777
617 58 5709013190649093534542018532719965897275802071362737285357813880097622346455110417728691659434634863958147769120416495557473538436949421662229351108091110303320078897620745444977470312776593813288219231521448329251340510352427948859780201600417523141259471363003367904021738970175210917341987977591470079686
619 278 4511194485854947800687933495157566375830826264812269917626475918337483280480850748458573678883756448733088089109027547730242691043543322609471506504490435916586587415827475808207923082558227577184949759090101964922480395385596522143740024697679795978350432790739721734776110745990799090322874602842790704898
631 3 610342702391052356885171918232833127098722761691466530472576625289995847215492670149197400949110485799063215715616241541173253193496528032583765827145838266412015360988989125783644359523278569273339702081264576315771281209586456901229467885753839868580512526448732986041002170411763959655166926742489863685
641 253 2802630086701771413429540988627971990517726029542572985293562804965314275553034959926985751663504162926611684963289368697683939621194688605584415366882412229779838331681982283416859013197817946868180641652280695574253008251339481985490079944432957173274815715424910978644430737489415184534748384575238803691
643 305 9471619075281237006145549371856013500887604402878521962039783987053391948449159709890735764453129976725696381769741020054108462346973139206590367225654037750886740061266363718663189227209855089529417836491504404179993445330297496150898905910476553571456875613600494106901516696714467774395276990456964172240
647 214 6292568636766649391985969254469529135350254296282784836746492530514224275397857730456677891206014132204941396495965498553967372646377733751297639309040412341574403917776212769515837062113578779474317615056037762165503002756765996836015730666486536654597249730489703130415395488456454867480181587930841827218
653 154 5889000255152401400792315589432378524560206738971546883328218157899604948635232062094154673108352780889951162542685251590208245582479622836709236375205046132220023644317066620352198674973578260801685816570407653871620841777110168459594915921638120106567065890294017869838418713207357202094641740169928399911
661 47 5299275474537608769849066244362562567405761557500683233698988180236001466765366921206575974847603626863662953460984839674628409451856956927668493542437973012190902345264295701721867464752044960595631846153732586688503905438840488029469702334430887056254483481017800233610976343206985259475374631375543685369
683 18 6386930368127693053289923849304098969370324778119394041532676721917393104354867889643399539214892542647893230367594680111813072975044623581369811366779638876590324215624814734104643293229657275490606910186609048678591381849727676723837562751949669214419323601555810136220378400992683594311410504822889270085
691 27 3802098480241285484010369597180232230903257715507069927559947873069848691274885566697316988944940268512234820264469497268295372970838171227873599382323263747404279582054637575474859232581971261084734617046457956111699149920208082293470881931231949382987304639937906487115548734951618832536494014088248368493
709 19 4782686729859181269129951521104117721299637485563807180679981108487744135361884807256812189803085879455934864159145838969899695905747102432562124700141264253919745096567925886248682253218476239174314378994853472352367722182332619283622816491640260085551361092531546675778743519311927971930230123500888887846
719 269 10368754401732479872715059491597726377923789922114475699390104756963112561600292571044914793886640532177141565276260242298635384172722600789412268956326970574555383339156613902699265264072978704183790477104870479946732266989483069527891788486892881324797225937865000003997796897198833640021011465581887383335
727 119 9998954112400543922630968080893523766010549852100347239764943959498738811352143289042502050456835028363354608324514352466530199230773834692583028830107288274432441953135559115991167972790595633054232731713741921840386261845368853642908828386128706630264381630501291064451622567615020921741987512435820149540
751 129 1726798000873430825927675606327985133179539936705726861918564997535396897506946392178527227411425584088060589705306677337142883297482024883621771916899816422102031598025719098505474049112922223434500144261680924159627770732086180994686459281804260751285216662067734311078592160224087616820215052751473843429
757 145 7109953656766824187853899651333692403774146326631989739042465247709150239190914799678533552664805619060957279286901956288444432933024749114195790384861623677027842948221865453902764645596190480031364730866485991563983856387230578743478354227006504879305546713592236143337372757176222016710522697684346535827
773 81 12735308765232712413600769529161810550682426663346949322200604423974272967016210565839882419265513078790974560665017038808320187609969301855284862252667168390400615318067227894799318432917126885893940802901989797997550634660713319154554535669319022864806932196150587818605272919137772313222418872080533188202
797 33 13838815222851358631237444535720977153275558192058406522261914309143389180931515079382649620153882321693862592742301808670835903415678969365023300300529016061566588307928232764878981955837273311457809866279853055189342605666233756127402597201342418963066067783242312018253620562283266874257493323910173844308
823 169 13984541590364532623872474794491825080717496130387086711053736498964454068637565752821466644665389469367969271229158742331301720279421421392440141512720717338627647059370960991629477422065834885904259026268029445600933138986357596957485247023003012295657141819847703476403332899304049916772808961553946713421
829 407 3249715406023882594958874798289409378578888549570847486958161105408449552006584170208838272918035925412938818607036546537511448744695853194773489156003000515719547885702875618047829885605732195336832242368832317349407726201652238785712367570993971660707654720254135798216789100419085100544670311894591041140
839 228 13900518944707160951325960495777287686115774467319274742723880950147114210893503190079374011153492102399568084949112139007441238025347072055483881690471230759909683312771458400203870616541578408253791684094379442652621661652282581925528372032418702454568476419198553194531292810047034008031868141804554817997
859 295 7252595102029697402335986041363732242346017003084851831771733442049036869659989383410510447094026415804159589625674884610454701099388794961517484255162514601545567983248261600825636869103434094079364057066905110326817348769394019105885406104750577929485815070250604444653131621440128348694035033470617264205
863 387 14184834343639786481304249471929339914011000728223953396466292666755612743481222142305322027275427645213072654009566422583586110399580262028616132546229015497948973271293011680611891361306692464189571841846991150820737723749888218903186676218203006132655323782733138309080386597272570911900598733347010902311
881 350 10818906531961796236874086787941870852843968754766892088396114608125026445147661946107580798492313292150221044898947473565271482532027381330522065409740907015433779606353839963694070618319241403733460036281375067438916396581773489312258497903734277362193756823003409917462161451727382914599836926009442393002
883 144 7854689511326706175708451197394116904503618227701448039324580340050111246917435241067464712210692955617854130576007162430030074601378037403431578258167373400872637084773903845824781707045423259684349441926630075878456315313874760614643974032200112154135433492185477608797566386729579325720016837063845296620
907 316 7720177577453448113760143688202847859896467484372872979680267524634782035017341777474785144961243059239152598035360460028729604140408173411141205112558934937724916020064279539816175862438453609661129598981067294160375141412411784302462372581322411060227197945844348146010758438420047553986197886474944558473
911 14 10488174721450725522763413046022753151094868009201395607324865292534803607632931141280602164859484797788641909910991480410458691844035699246858210096523607461102217763000377229783686982345933164197956096889196793723006861205361499689567096205175890401842412744523849886271881025670897627167832375562374955193
929 294 84707391513549212011496852815026362035880311051057428909116778858661444709507756865539872854431460998444657694302744070609482131051968341980078919107232899189572629914766490186136536859927508002063547525359818507627529660345731352612100290204062252103958520296300702789062833338118291041718026895454721992
947 421 10773927595044401941699938935987882989241999047931557423927627928997159331761427045791411639135970070077686999214309733876471031476492854443146393936911145730726707660070774623103445159189534263508841715962740884290562720602703209050525769429406217559998630685715180491459126288856600089518276266518712052345
971 414 10782849213398776783495689479278583875300199746258832543863991180781242250571240120403877304887383222040724758899457118059540536406830818956661421072030875584257790164170100207603230012229047250552436590641348093168543690184376610212036119600534669101106449051458304886019784540746674620263966910670358854239
977 483 1838270939038429930320218041158683651561417267854542532949609260379200279139123352121877916774811019337847564871661455492052276407944835852857219588672746720436648995107847524407999966310657635694444786079945651351861613857757901090382340075258738676225037702562501915385495357158413199793538955899968591635
983 135 13596883040598983880122601444236967984424509638732797966884797471784777179661934505422380016903579488950753118213156994351382703705416698516688609781631922784284764446272717532329423153600143267678849983136632509559782220773349993172914488143560381177594731568313593774158369939159413685216698088669286055968
991 401 3214843458799450945615873622436413013554806048197595434781764117118122986513657482251250246257358593753384738003906238950393058945517229332131813491874926119532254374660663886475262808243145922185816441531789285865456854814889410443507885696198602023549368441957853083505863631703839296203036169259375159422
1013 483 8511668956167204235128364630254775917730818372167852133137789343661483820590924179558557639605356580143086673646400435215912416730576617322696143184421160086846727827961630707601805164881762266404039279747575624410095232506335976383552423860353433900559968731661287582843078500307638867189642670158542318200
1021 306 3871902146793582251540943214840903085153935643153589183615994221124339792530638253339608821756702319820071018552476959198410763404855660014124153788956564534858571780292351339726727077552628977392413262080359924751244310531511689621781639012404014304414665392479619156638383382339700279980593344811391624942
1039 290 10246555773633832728880465248640096642308871763371285712884616989192592154915277507917667747607714014150889032781575261772512224080328345997972922358077854834497257376029416361942865375945993927233155310230751139863814523308553373185491316309053291793491857588366896409362115585268126953470143505675405806999
1049 452 7063379921793971861965366506545513815766315496211176114819770033375264875551596808510774219830257494739670181207557586752579958729186744109508916576891747684569667570952454212943106912625418427913092551425903478220749125451121881770536893819710331998527524560011168154978719920553819036270437674494078344551
1061 292 4028402924636802600771993526451026100082742184444500712824498816179067508724025931308942888342667341378841854887473376412790627700793627394372533924649356534218686089815738428787891195739387992789226261458074013170195477348157286303416980028947204965950918039101864691349900093554732810607300481045999959609
1087 29 4671914342135313382942925171190482021536043057406124493002684801852764570028521370141100472500803087283078431297871282749598192121200902212066417666251366881031203182982241690042209038449616246487120389595912619213529456264853852158561331359194254805405656996299755725244177422359018352370195293203065109036
1093 113 8542702146328406571918436197526368376622385208417644088998106729602686035786688673806886012420953921715766753334485815628190446283315665408452113278649018563754051145268606373720366636547078747307241870331664267054240012064607995224951489447392357031309100364067534523305561039633217873578635455639476709966
1103 171 13941845821641258521332619542293322435223799622098395160227063479831946549128176948253467730842482999510451495159059938818846948338227751157973014504870203889052061768485825809417550023797824820877279369107285668932100612411283786184637680911685627655919837485827664856651093194154922645797122133683606951080
1109 506 12963560616988967582405524873692270236758555229942988578805730185389943539735753643698883470826970085320540594211238568455675637282865120346817450870513187913614305777491150201147000777841299343660817983692324977829864741380898275135695021941936697951077991251305884666955869902219919001275395730188658688194
1123 345 8130158537998829502214577500021160716111674933537744458035903606221961796562541146083425171125719769460890265471703430662130085696778904275150357815322617536794451879179614107269547694551764210223473652271461603229616486480290197294194715458589840236963778084687431621715641914094991245939891272317584882571
1153 165 620537600978633811734205122670837595322821666636613765929288704753892779111315930405687146149132055161184076189682438959365485131775592799951046571868870852672792715032329637158439049495822672154270844275953191090901385461018731692069059643367783590867142807878522139337313505906218284183340734310623526092
1171 378 5242716922940139984717073915595385926292573885997224996776140175665020151015729422426717244358319515733409022066368987863261981548815175327218072935854623432526587906790933013780716407639854521651398902629952696032254857092388880912465705621133490460215230911259795649265564805450191839295413917634590905674
1181 543 4365609446388676635931937439622917472364450544010531605564700634539557323738582026880920466975105021467179064765991035685116119161846034311082496508713814111359096656390238759866060428946690299465737776898877437709592777547679768786599529750195132230155862307509537891808759805275148759100224434683122543213
1193 96 5331031874967500515331468665279073575296087532142311850528884328524279887393283533365147088253783920569914788076042831560457475963763324293555540606890963766772323528737885702060237703237452341613934398934462305116466381736475728246380848317797095007496273728968043074843627916463310474912213260111329134405
1213 528 10549281666897796905062691283256392908528268853068598242898244039988346725895820298114133184352699677250817335913203536864972800303875809147564412691101998280972787827207122230771341473076203018884419977985012700578693017110546327814305053971960842509817698587067882197235444167383086107095369578660634294330
1237 48 6507202795869167639704180336011497298066815363396255295511515876499669143404283540128482560890270341830435483267840434064878955363339464789466857501956811385072035486890528028245412966063267720629259288909705675961596472559620770689790851954380999423131440246021331237138314623566539472893170950374274865858
1259 127 7227467870742364396694408544909776049665943193457485959269024579179843743566087002278699843182124245458979488389729145941344435464504453444060455151120466887209391182011910480093271500509015810160179679691238037635070617574461018701465435386716034324100195686689224826972890611460593597480011759346736520123
1277 599 13149298439563850735454346745872703179244186776030797006321863268108072153123712005831634322943852877276864688616628512488158617164130363224258050607949348055215605532127256659314143716869845676723974458244391449565780159507013837087543882559760507978673217177912397896863283489959243872390026983517764155958
1279 72 3090143736837986922587052250132786243165972535876445966655728975348614157528697583187570315269396963340923908091896836521659542899291257730823633834596821096369000017663448030802825058285170880213201992907397757749515159453363353201584517572668441783103364320960234163391373985813627008373940834423341771737
1291 61 9544789150122808333737614405288199053260888264419854492674512129022177014836940478064972338381106701496371591026368921553993644240673989482593653167146393085326720360182547685028400020298186556767940210214653349498176310492717309526934105693629360227374196354250017620459425597961821907867195384472280917732
1301 43 4664111941509093993431800966093846272563592356176747567291317169991033616322176731085127088515931726672397947536491544756621241727056419740721163031658680617371053793120561528475003270579616943775400966763223761536462544302573388365594061765987268636804534562895019137548123446935107218202349892049738489398
1303 441 2927357898040624319576833147875548528497829205334440239009024386429622182834561013743542186815477945065133912858524591339993517513992337104143728673704634727977715174974307783252087622950838799347575506110329960997275278423801809809671381237225315954219871840380778302809844017773344849975676526866780914745
1307 192 37627257455161537468546823258617641005617926764849108182925087063775303533791034595648314915470423956178720812188506121704964084724007078349350409471614991666146869994811993224292886876284444820168598107593011459434437022138520988956568807286192127411329878068466811252141688400218010216663030633728189132
1321 521 55942299782151395744737565019642826729776808928638002585083255960432123456694268060213748137935171967455769894260319352479980362851617095368269615901229450258935570344827907734946682429695280849392871625101201877422500746826605140659658748279731282017567527341506451222313594783928707273995695256255976344
1367 418 12055891401801366972087327341107758924947909444673185858730663418937798885102870234451573445585296635697295538946016205155710677153664358702398252815552881182468839778373905894901528659759512754107961920651611185842233175905579280267048416233381993294530548990910735991320883331993861680007383750565834214356
1373 327 6812226646950017245571488905411144063511195869387275175849860976302801824717176357370102704725961812998012045227941047321432555154747861987942415287388976377625194941994643246577285189982762073336700977598664414041614425508991725487721285355245579133755681625702651011892348159601685256767436099457057576826
1409 422 6256751797652099000996021514294776705050419426618396387737662037099837522492282982084615249019689502635272257077144772941337277357544442856235389229263282382619036310326725722909703533465466145773828259625333539345251886601260975047109104867625959503722693134993417812853363943607375176283849743346802986953
1423 306 7926886937816357750568100924784321523528468153641587613618816916578211860822545901549108469650266903819766600836866555634998422354376063465793639799693254378372189957322325105499565191127118816123442958698097413378582153818760153058660666731534674444173016306493952648664931950729852143320887503733113180556
1433 466 2605191120073613427928458632470501071596967272695567941083275841283536647278297658486104044526197670533504037449397792716319395878383034531091147220314044947865189922459332753781989585644197716806097242270624236817346019271082196761837141517355689266285851431716604088309795654833145433477906731348356997270
1439 510 1782218869923293515965113041922877164955867117011335928479676404488263565867581253366655393045855377595240174216262864579736139954509929019608981035039814698407906027788389325780014607509630243212692951409679072179342245969590186137063251840676077473901508197301642078784972187132232491108441087287890426263
1453 721 297388976324622126193826108373851694489304816362709252928601815182730138381912822991895008635105480718611545947161702908915276403327059335233098008640807685484250454645588643358196512513285204330799724556714022874552390709491163323791550436860864453279139841156204599558019414613654788932757091400201459116
1483 79 11877350428984752128830161190937257661491819894460078999633663806067288382364912557720894931515816079519669775384217514345681074940018981282171485883082387977401811601376582484013388741381224217283746748805202025683700930587020987237965187139323396079676408320021801632462316554877370310706880853451343881455
1489 518 12867937346824204174994001912271988175876057588878410526330519967625501247949079770515811615260397527728580470767936647260525604321211784080825747611605237384075717745104231451535930977258341886453872752595847003206085019189068795165048767771539422470920023023886401597290161412935075733341174715278928253732
1499 420 7424856375730717370338095851585492535024354031252332512134514434497153658028506222559679032783919411144976191811763661969083664524349253510563704566499005590141376990586299280883792800462345645483844855856098984751058252402021448947581975535988548716337371291923381161599360264617887741181974264290055140403
1511 271 7432816465450363933494410944914905591544215842763612249427091399052150936343414281550344871112798172569544877900868651383584284414730282062528195878765405535180516775493717735020989952025896328080394357285980694562686053073547550011588740530469195580716940789635782274220412310194102080631336187077479719164
1523 387 11642907423681924327973556125424751899278532570504702509667860039855279709961083491066956736445742303947311548551244798363720363151538678478631335480943411693469845911999445607720906896802919211488906570609129814119168967649490416758739595347675389894765098824723772228194676185441189138464227401199018506047
1543 731 2109064970094557844899669299544782335400311688382717943173150465377392679271863942276522439459676668847465450828664620732934008460740053226788966281385941689957409601882596538646909333994629844903451801076882915750470802116358227581246651650512196896281556506200225537886469893878611527421080658511736865102
1549 413 1281253540955889769621962901472107897995066586619068257598723669359483146445931411122718348467422247837515590479813637335377588808485762008420242838569590427595998755048744319364792131210456147342190660809110991809489092240765329655669547227490512278311651899065138337026916578914729134442248719338890064235
1567 159 864505240694178818737922356521689067734908940206325346353843321537365374125935160707008225857644240028854570277208143873310457964198402181423538532141857355629387294745664100938176294087919199157548341931760473554661317102436748271268043915720970490012112405351588085488666260126188174989525598711098351308
1571 530 13047942166760845755832577669938756612972332795527398201344138662967878181540399466880553579881656906950147591733537181163688332038028644615873568581073824643722176931751361350000976880186137603217480081774327576708052452084723699206571887707777533479718755855190209735692814437909685682590672377354051470342
1607 700 8363486362203648405444231900529759264179660872049809146155622341257673186683053382454349420158739023537140873691870343282176777359063461358975600390922665072537634890054100476404251469986591420643118643350985556639561108443081500870683155249417475311428733996988939954174687021667506590676650133854517268037
1609 769 10803846013499530691279343930658492202302753288008393279798102093787674022311157956238684272012018089793073554011716983100830245256611593109179185908792062790282167298792004010542994326588373585476704632022855378689588232024172709913397003572704938977255200803167945857125608246742350766381057966369572502841
1621 793 4895967734695637284999990672718852365125001407079299325580687590827845517978790623201359814366758416131283896932225342658458053895346658322208646391731193183286769117450237135596604294691947195199781548634287603721594293972319050668588612411954837385066964373298113730831890353160695210419879404820632019984
1637 158 2074708833944334309477155794280176603663414008868512966924997490642755307755108847712410066474889679711598730419445994154284631182328660587386153091491608535776311032632820537731958901509347695765482867548338690377759736903577928694235147985608020871173972923926662905559741446626737857852227300966647657131
1697 630 6748913811428380985677858007516001467870788014909659422645374306682839752736590239023914739220351800949033785067834472480206078995992767332571419906552640088478638116286032166615041616614899113106002200093608093002168813345696769744927137115878365077907876518118043738162913242115656218308320063191214525556
1699 246 5908001064668637764033463657324238301965227024741979479652181467179302916076284866937393173008794669415232123372090362936260713316474487183345085162399617482057052025941852893345114456979411745210905863429489627252744613517765848993100080330353580472097546472046526869033278459416240096972561264701899196201
1709 750 10510405266112335999659037621371862224157027180961351441151071565791431124914129950470816128466873064546277143244679002343215419097120278093434644527590283244204768049302872994776848464252662170887338439979634346946937913531414092433383855577053267751549960117664963776901175501788788650881531217536357747532
1721 622 13261464809541971024069587786015347611095418032464563322735565927983990157263904880523680793828854140794347072989000270418749818080914768541987230548641208041367068864701271001697084349944380995501202710302925539134657870541024881974601734808524123236536236374657249507662703002565433866445490117537274683153
1741 677 5218607656966986538397205994173132869550023605630482317949404270828950274473579923618053500402782395180165319068433042929761772858258045511018099779748361882940224416686879915936614031273332305028062242972176351810686045592159309863423881350598450753937987020855407634885474235737680597032502680918887688236
1747 379 11418605527197021628739413851612659817819287867661077247596420323343818430886826208160135193506184200161809654582409164969213523554425247757840665575909335069679289455962943629370550746068056229702239739050052337406373085191876774561982576888908403912841529892099662586151770116508477330743633184531597360440
1753 202 2482500933063582892745551367743456561752499027109068364225389298437888766507756392229927916008364203072422643122282676079168698703734951798074910739646405797383481828708756380604208405545365525779870056245694101384558211562419718062984497368017686879808959107986497879930057057251963728781216303541889017505
1783 497 7081617540558556986663278752162691913022693526037688840459807788354705312528220485974083119081840019187189848857469603971470882416103328722906276486665639749097586288109552132748733541892321714771677185917173668009007452691532678316052210129990028094941818820355243791292623404588525081085089973249897205823
1787 406 2777982915116701918620450436455226515524494293495878280520983332035240118651992420447211842947451782085395306142694200453196032401440609223429722259968510639926873347239675036790409255248008461914132094636251489797267443913055283751530468104336434745611956161597662716346343511366605160189434872547304089652
1831 110 14162265348779688427550460536194467458910612125430646753517906873297620757705422211157612506790849890421002572260887115801616134507322194646798823974645211740746974876624450941121993735739488575953500913598079705294001676487991396685750114270985527089672829252470496132420556378535938732752569861826137588924
1871 399 12598272448801398534490970593384983828054843380615320353535968163658163320526518659337822288764853680903182714408975072285411518028012415315949148292979122218349435009926138207213759214902675598759192670967828289713126635284955260611269118061319171122329435317180923136721418717439276598148027274923166090578
1873 633 10727407770046718029187816589179083734048194288896114753601438340644673487899629561751267285605825384329452099926970429866029659803047192877001109188907474347965735033095482916038844119960665052042652016136133079323211889014079485098576584509202119684349850467270176549752674584942971217349045118787323754151
1879 91 12376199031417000197875805699230394467939420132773983520324841661080695224331922064998457386637788392168194754602347302107055416616238526368525011409361878934523353365801520209626867057519748202467752652603081715179558487488525056996636268100031204097479005695392428425633748587587267064083352973820091579760
1901 906 7067752337419034549550473403624516964350697852214347273255185104634696749754001000417260416287871049871732773653747106572489988316196154693094225402481294601841863763978543381324918645323190035696969619457603794523499625241331538836680638313734755069870291206742966216384754570254660658898937028262346273952
1907 548 1543052661348188072132024973391918420451192935847861242955973010002808210256445881646231150842716607247883054951243653917417453493455535431380621978879057384002491531669068003359933776838259868234298355325271811105220515699046956676362591217899794131105844458518144462205099489973507385760882265082388706554
1951 553 13828405174619594614194056662392133394233060855973758470415885973837658988180459666959612937094952215998745432869441507724485246580013509140514866621375883351159512151955402975627971799710188264450676323352557767887640217821790630874461914211948296287930165440247379227215398598719859704381294807072065924754
1973 959 5301847863829012781638627206804168064050305521135518562513450371960660323436189992026686462571869382608027665924445979508167015785606448332310500244126408636041794134945338327726016329150993236061656584087090450574507896242569454421748562964020037891722148354417665623378169786158286773923591889309623682480
2003 148 4365990233079343661480115553604598138240291417805651995174062959994230287717717756904683956223371969999468960727042552001164259298404935576393549837628576602031360345063623587483639035930099431361719969872594376248929879416682861422720254101713043742676298339036132051502430380643265031630983169256874357282
2011 73 5350659291707127811894279598065141317197390443701153487509368767959769539198469771412893638219034275605334686576076487290270195698371060689409314797323090597051905024279967218444312584156520824198223153089389220635049866371363949151721925923264984242705989523186928353475240460490707056230781106031436407050
2017 398 10871924067195904221456435827678010759141754011263495250924583279113939846577270287750558990113589249966533023600773863591184771820228890917309904992975807919808806586824167134958080255516520180833502130281901787979987680141207753066795934249388423265207398397789840264580399900803598769648331744887889912393
2027 880 11683175891008071729137933215736239985515497030990940069098665143667812242385922911896503257097420738007043577609858904281173851695653201995358770848431034675532627462036560536683486306201262174917901346638808181201291255346304888634793270115577970886871204470096777527632330827094090981673777957253984098397
2029 657 6657445546433035363669534269597447923779051258136099937309490053756344705139604205612416844564271064841606262402477702423813989179392552816663299413261067697398209813265037652311072078124888319678846928767243433049398067717304994223892224719620806080816467322874463630825853440624203219109779120045369340268
2039 365 12548026007486327493654234267257121050285931970167092161115811764758868965299780183135474174498849786734352041900322340130518951582491289355642922858636572596912821138081064160842825117601384029525175262538638729074684082498249701747650085641582706743032263852151905001509557837020484958707405601293198788519
2069 69 11097749719232236208901857464211767248389684332662832125111523607590202083234481445898648935670674799152794395695420188166999173020467903999793182696825774086964475062636923823064228752754058749559360033976899264480225755153446492103539182079100908381118561188555649585904931528420912507199370241522355532637
2083 931 4933533256174083272313816589619224058301915404424715577941201427447444122609988710585315214042555728457443903366947647603646466762075324322857242213849748796026675429998074913191851533888324486197248864159936112253451493532344570789579800795564023113847977020776142420307959613015575303758527866803937955414
2099 131 14368856115734372922133595464123176686525448532683802867645685832782937754251982385151555333706855904442469600743562231169699717040304026168951522425109860180829055411554522711344000544396655234347030895269039584385190373871522147346794603662302745824449192682909941431293017510715832929288519767590977102516
2113 246 5469320859079688043422097978214705634546501111618950849130038173555988443239436209950198252647803883686262705260099919820360738027727154850308651678773015611881074716385669783624618944873363015924923363075882260679392889607771272615526808584297062095769318567707024962111026052285840577122064099093162038816
2137 657 7387043446153431862506769663938914685949464799123314814395147802231806006820894897672535262506222098263793627201192875527395448206513660288303261870078880373686343972153792255665191051528155973496368907648960844425466709433159856449542278998850101569078571467812830006427933758074419868311466571815268513284
2143 658 13361361617287082558128646317976299935678320222917395039358207003811817589590780789710191785111357925041965334393446338451231318011415496774780796471315349438733809827037743239855227246640488613298857407561941604591334668842893953472884046815340397397348610914117899838415943170876511584161178091052237680381
2161 987 2804051284540963044755830725475881127602989031486329099513951883617911773596498862340980785835392677418714475028249024865408321613785095353460072748711649125928588765468388891905615654037913010508504598785670709139162910926732670801654750687043129516705369543683150227281498149991871663780241737041191879810
2179 571 5980752316324957308308578422219215389078141699676290641883832458991392850052235892714534871317330824641148954956800124722230586790016781648329182493858642450695692134683323683346632697340210133599797610024589212487450582255119518669001709946355969009946883678222427859709261257649566056708142301216176064276
2203 489 11887903516874112779311158884735177337621470731306213942686687711181711954873442129043318677491947736654257729203871624550382106324849127179711788385980347674003169502042539550530508008104356352219463500902745790632169255675206745310599222211847300639780685339702526577113575899661914511434465992240731975377
2237 153 11274230854429467208513197004010301872761780404117554592120429249093575166127446823474098775828081003935551299218260802746486909913913405839094067424246399224689022052753482260295092198746286080321840189675932541011510991002652034751655344587428846193502510075058654926814529722905670239923136830308421408830
2267 677 13925858040886870376440068522220122534219228264859398872440200771832553585550239689664796746470209662549116208343233120147420835985805939259179463294604443959716589109775911247124996639590028271832644557044405180284410160268651899242221524881964745360935056002821363129706074139762911496030279185208781624322
2269 1097 2296667935123911427350377878438828700740521512592097782386086731574026938398743628211074333743021744020334216639674730676119852244030558592282535228022939797972435092777902332194324447716357881449414734765832826712415205361231578235232451856580228369437470172416012332063763625733614608289475762333387837680
2281 552 11183351292691880674974631418598130370610095154194934131991104502353461300582716277151869828640633449303818621690766041828534687140322824359893788632260538665619933134289675342565818369319409206185333011687790207123146815751576386537989900875612765373952953432725387954849743077045218668328363113594999109544
2293 77 10478519759356011299429193153238194954469985444348474388559991141694474432795778438072507265637764110281516597340734367715952618665517275115294358392075222949874038418400348029478112515803548762370404020981768603023529148855592386587686945128265962586997260484649256532315056096035536236791351055101202037197
2297 900 9004054635436089347907601837163349160298951639068093750776794418592043515032311731049614012500547567803217311563089511034476363341502400214359583729652163061523491136286902032768908294765108180520560073178952771509779794834468967344920266607087992426725534671469432509629576716181085266123718134398527050886
2311 950 850977953727150271560740088502630226557081296582324295251782582196114453477099934940598936484569729582929024148734370220367857434062640758650714266231158619929605912806512807176253389231141107056788833731187414677009202013506499233466295780468155917563723424850082508728129964307053159290428470360670597208
2333 349 7132418719300907819733993845653609322642480658729705708878370332908262208848208051095040232314811709718896676744990575190503500255732525567596792312015503450789266166964247484416884883292556239026269573497450928759994891865589411485702138199949985373427466422859013569742660462576103531600335506822589661650
2341 497 10445069096578433309209008537919079938729193118864878863063297674932321424211791964316361741725385970104382090880953733743878227722686880693268506665435194678804554194730619226120688705068910372689766095830733052928641594861111819064582335470704630656852563522753894155831778725401156693049119733331189524732
2347 125 13499117055760057697880367135868367247055361638768042582854328585211895550260855016580504779906363951939543878100701268216941616688157094060754897936166345363056503414482940772391861490570247255353552699743900254952666875530746441023842071395173414293593270559927911649419730704060869504502634488539208085671
2357 510 14136203276545390236376948572976499979528146991954116262050402067912218212832531771735556267768563103624119499550636813544156921925153035136908346194876281034888385552018674414065351567473429280369049939208858630216126586201350357744230559822273284498926763458092221902763504196511089995127762528118335015126
2377 622 1667891231618171436767631684866084183144668489145984521776609909002170617449965009427950445097216492614278112983333683975764693352232992878388471159091692017036697460002178598046844913799379203303640255411915517694838366370811393958116250326809337708223014308249472232311190059556496485923759130917347496934
2381 742 10924833917792398489183616118930901977817217465489296110195260764969977798934671267629768840169007778503380373681636957247020722400062248015975010840810782438958614409580362060655409802978118121509835638483951418703007199496564648776967869595274539790332349167305804708829540721617129336774594101118427996215
2399 1140 9409079046779986443774906953936874196207825436045911722101921480476921503160121265202209361416369425959512183437162971028098960264870513862131975931204151410619742052411961031390170715688990766573893818731003696742049057742510039101682587386067371951297231561771971375728920147085608579383973607401707426594
2423 1141 4298801559558513577416524752591760372696790218382571904275084715134938884046619701818263322675353219604467534320528461016751020489031248736013423675949139134828859045434384060336891789016915189595473883678003837669808894008338547899597238321228890290748384939555712344664996319212867245691745732361245769109
2447 107 5874538879020824276815596183161079023528629496242432400720597031128519130717113940779014146106399867792397559730386000056063490165644967221770152540594186830872861852382071153976068366857499050859028727408078668383101669556148442153108267577852078216095752304486517878399890592938127200651165131568809543551
2467 126 3658942463820500044842493902460903887633311864239972313394329700541344463810333834313771584555077680077274503077425445292647817588757204467412965380030282294204261422567432895354310433688881607270686863542265117742966097299995379835182469212082629522987543691389706824818051422533929392039011507311262845799
2473 326 7489081616086132849824584236166864582087713900555152799992454493476023515291748336539711251411188089631605183705177807951281581500647291002397116188025572478109523323560868156482718504376654418363371771693861577007278061075566087455807582046691726145064766814536211472315637533761873490976620951303695225398
2531 35 6848896411988063294394993486052354972821299080643504143746741707943381895882920624039708200771922820673094910758931669684478637952888664318353164133682157674176856508470065967865675729005943813250985169884726893638335291969092117232621404408728498626971444735971605942728794303458925235799640041159996511049
2539 239 13896886674620618624930918185897401118514862686945304852904167268690180031391340983868684214132453298499037033228005632915672518975713051915745204727715614186326169479672128014246999414598097200481077941528206218409109943209277340696132720078759555667310326051976201736437477850740285117482734436656972320478
2557 630 10148455774601795493756403229769640808785860356093701802883613766258765011810049612932611711243478701788838137961367835633361257201668243428997262525748894927744618633877207554219101470243782005409104478708639529646332234344166464765424927909214173877346725935898521963397065003236238512924061084412959566797
2579 1212 8941004021141286071778889562891749420193508193997629641586515502594751773594767982181422831922048010511115332642546765398751657810621143556807157619183411747461823589146095561532393425895823121469612043141666224567518144551319805654284344212490346939354282474333539082455996837078663265345550033837815466485
2621 886 9400544210241322631351304324550719202344753165274362302654347778081494056742861957029533188656995796421835106262485916467380787626134843700976036833875826476933444342414494390894784545953566176938279083032338036415359132674531665725865860476211442695013381781361395605782718934954842070287620191173658533337
2633 1001 3064095798449770177861217689462958629818628073104984808266289916801622474028544715319686448114356580630059170738903092632855424610692474241596916522637093392056753241571325928036426512788808411622326788724199699917552900075360570662472681261328959877254619664084561671814609826260474519398071700122397497901
2663 676 14331806047575362936533458811237599275376924715526622768689159798333356980949616846619691280089476667216097687811302222080996617009542523485563431899724505357951925218964007511828488371435802752661365321242567759397511679671025371337055722970364989094513613259586999548606524291875973118871427666422533944426
2671 564 4833423678880433633806383370037552786378194697915865112148688492524039249948571209678438418465413074399236897209344540392940557333032454787686256253862759730118172438473163431533601653371888640309333892038888606019661250023549104914989611686189324658032616137821693755970547241957787630987853683499422367598
2677 24 1118812232639174779346992536527117459741380132124778475376298412515275167368776700564607893009589598166733763284600210266967218388360031827468407529676331685038576326315698489708938101792536773710161367952403815507264702651106290190027191189642201619016654583845280442741603843192075884800305539954097132442
2687 312 9899265386819441286128461087896376032631475588114975944199135623687413192646464185853268401541056324410906081190351134572000699720514047120188103704024621169182742498666678823068052798853192148579356113363813044977146685298634701516849279220217351130042354418146481479351297936269130041459623818385852846056
2689 475 6655400948879984359452525658355742993765192320742803955460611206456217638453847358026240527569379390701187124378511447581852276937258333210796054572084202444165172031365464487702317316087315945663192984293969929746086624475975516975732587675314336616402444501949702463964068193233804176221655658476270667394
2693 1016 13664146833825220892868125779551205551564753448676805177227262106016455972311880668780256800712659524082204404265411819754362993538966801216134595907211417076321084459216611280846657553654779275931190272252787051523676018267313737871989914808608394039786888966369890309305439583796070912671495136493900999911
2699 1334 9399772037204550948218443959837832007930374613525139738679603143103530507920111602877924115287426277389756656226189606060592936542028977126438862762385720880031412637946548203381322944822390845440797616837444804038379534951931410282335326867597830495695847745635923221546856126126775845072212879892470953738
2707 1119 1393160387444376653498646690260619524647183188400134385812244924499617581620538291552547611665127291663371504356637610192194425817827527732475261016059598822496769591509701629793533129019797181321182776321899071179518075511924264457965955255187177144798040727053620945411254354533695585115540963225273860395
2711 390 5121551667321769946961013727064294709147344053845098909554664378910091470301415294140147297186059544704696581395638340269222789073154164698044753925106208213579022162738381024672175998847329802133196500676822658827340467638377831748825028387764976616938075172752383145738307649247394560382172204367499724931
2729 99 280576974579086508509493477333445925656254247806483026320941551505355936155773594875738248219714314330969356649690545368905820591255473953112662772648000431031421490562798471090625399408983205122301265352294869863086843790545131141331998913649304858272536874605803318893395396059277998644016703424430893694
2731 93 13124026169153671770436884494444571812580928302202451437124894158352960373072359462618247873067999608043181655566429938089024104878512588076268019806698320763668347497136166568739969750815956776843727448440553594513176198509594709905232865301867063118523328860884035127026214556564909261829469804055661271209
2753 686 3262624908449479897734012726462151815605894866793596274652845924463638789819585472468790092969461888685765801848847961016056746091465201055433248844125831989126816466455644629537519966926189283886400271920809253044684935784243072971448676506048907206109396494667034503791250288647604962548299264678101425615
2777 1243 2803655121690096620293098547140006563324285706612595143376924295592088378032808910203619741448475667879328030574670227335990616363588009570525741858483981795404503286142767099022801242290702249733836159349279781974754772424028819955670036986246121168920344603349689822129509641953061197666472226183096030293
2797 1340 4923503650072060402814033072429179827919727173531376794584216296487384467982127060026965167252112742889819803035804300022505403988644133585754222615813848105927743377440733870192655429266109821163165858464396745264387600981706512903660310339082813134719101168070650584148622018481882072923838694739791160435
2803 189 5583630782776567255966696438058394987404369942767747009656710925121721029875342552160536096406839442612538672235249723589744305224337613093828481803605115308259443528682957782413883716304910275428452614569563870994986572951978393265698034885648455087015849573856342961535857911371163889721118440512606372971
2819 1241 9656317741572708701124687175353602189763951847289504716623896050885585160426875802624249618167181475253157920629586401278152347590140278580281620801713789144374282523565626282531976052598417258698445292187582242949427765495502683007184373167140951125672946158159374439581890630735756081176602310669023101676
2843 1345 8141418024180528947179866837424210833885274123470833581165923918853033723497089324506213991803980750517676104143316780201248634761360549945737321675499497666013265251196148593013194250677664457065194559393524732186389759984999326249061790948569918597561308420898272279208927933465226269442411155592335652676
