d -11
f 599631948588778455774983063559305749266052686254486520127418518674773874646962819307369948065366558408286759040543029658582296507675124512506518452482927128214830732401092700921146247321682998075317475712204378708260793119345483756909105266045944569278370382020204878725453068300078369495647944905619802075113644857816111822258803243110084785549089203780468866311990534694618650060020259735209876234784536345500906709619897743939813156146221945491865483058039509173159558603032796860134750910948921040941301083039528574966673777440143529420014627110741513061844180247296252429942432708490323062185118377548957351937
3 1 1
5 1 428544669829039673976104899565567472747882992443923133233429361365466658454113707366538663297409046549527215362764576724701987359387178714151657197747302174787999508015397706022943959568439500801815549771428553775636668643249827511050605906948428912992823896829872832201814637093640001365727284187239918532849502620489314965838420376695325608530625172133274256284518238091974560869133084143565690844910427705741647197282226354172529524466862909237038974948779210677405047165041148918960175842756289017659427164094028025802960910479361786619375371970364403740722340902083336377711527143671742685671994680171503274013
23 3 353390529601744264875127014987564742705877318397871650680041655760875134154791456797887045518046167612197889227674413182754197344659560165201675801995317118648285987064060141707285916918066766997340388402634561100724233809806687055412584307614154145162820379836469002609437543309186268446695225165778455814640167095128403911218691724882128023322192773680463555310984116848857164854632348029313931456550573987130434325366394380892603857221857558523997711025871619431188862259979281017808130317682495845372373835758750191823165581606154541023064105432497293043236237995789446635439149189205157047262888411874287833467
31 7 597443842299600578490355089467179636265144837127296134359103823352281432361980799497183418310073600038859366696579612493199569333613480113337079593884754652063390620241799369413830111263923280641939052192545444375317495179162431145337580153138944235930053871228865913359428568006883376485055926411735046351875781702636468004954748046911307499437594052997753767086455651476278798756445585949113951847667441727113404848896495241075779511744435098264772911440844176116330285731003252517041706208338205159812136107258133473400612362603724599071937654577025423051404153341094356789594230235782676998677418441362648961183
37 4 37598274450779201255932991030997714091655643919086439748447891494641994829348217941960593674655352904304916145049620384844870927681212385424880175237657931611850218094084104568765624846440999138234466625413681127322585721522443267727129624716022665698143918250744061695920914512553753104536468703162277881139163416918436638395561703970727222835451292880183922218685367544690966439506600606432171549469353970005235974597244807421613558320610106243922017886940756888286261035353926068433105679439029806490447614097236943747289093556131094162689013622249136228066721479515135378267289733425701247239412486852774544850
47 2 242790115347449180663590034215637838816020707521901239574736983609377603741961082212480786031707980373577411944620823515769568969699287339871962614005275341366493299168022299655042360412010364011313299571320436638391546226313393847440273078145894003195895464381156476339436225186959521006002910355338019139385509986831220611981461051725478273112969931278103631850696144585612775085243590346188875711407634290844806876992477625458265337367993845178211928433238835104247349356452170917534783423751988617969534668094838812276467746566303055399166829291197086121328194307544257001589618154171099096016597032426981978962
53 9 18890576786350607275250847969367068312392416494690765787616387253396700560423038239982908663424730189670194533531279224397265354295584550608514679131410636908888320859081683110942832919855277677192937218897284837214303825492772878513075156713446034537600074496602121932577364869082197066718229816244634218784227569301434334841549836566993057902928002162259784758305740290887056613676122802621663010235917408402274947452408537857760551768205239797873227092443377485701506267281611218470420948780542525586059658440173582301833076225277803930815946056340939403145805086373033303372101969154492681300437746292150552240
59 8 3480038936698535711818927914669957115390367960838908936268166237504567876002306773310394631683419355181804806224344919072590729493341953412258819945066447320513598724606162297087762360871833163859506715004495853743729740396532992289817384399369929498634597257422753212095080025133335828258674241233054486478116980441346394180977229196267861529458613646740893728493973896344596255902605268510185034687459938637058252329654525299947896063415960488541531864171001972665343216339266150138495971993327759617579467035100691890979072742638757664786982281662000173631245760655114662524271188919299129888762706935531254832
67 23 149881781944466178061211537571745559274538493846843683051127929297719823817073705250890731302181175722374655774483137799344174592536290063060702508636752564925979910919484670286428550380397584839227576367573845372923743555233060769469448735475883305775218351779966093003088681778028666730162633967220998788782207133658516919903027275205032812526769436855993728659336461351038415699461143948533019866666217571300298029584586204353366915607235346970336810062405110336366750433324357000160858914990728960687504606915788569248675196062148438363601475478457006170145014916942758135431850630027166315907079411304354491023
71 8 194900506979343661114958276291409527578160537316575872827658813709349491424964634667479945198836543611536940549256056107118234658617459670479231519642918362518691129283969669503960057525348027876497637394032435967842369065509828932750076308094065796690550263886758981700579942363610717431642967706086643618486367335467462777044018857118908998390447549651839701261046728428374761188320435885543227636707712410463745598388011567494757808036404345032862907474409269235272457636452502318493563432635657482391444070690049826197136558848934496177362753824595570166115636632984025528515829956908376242478341813501762501474
89 44 461438079772132797255667743730099537389123800370698305833239210404605478174493599739329276948874795012312080924665764458249482458890251843336798175345075748313329312825131259912306293984141769596999739480474552349387298018447901130289792930237129537408810774293159952712674014858588734853176720637613404436381130828060366019451780649632948532872452446974770038575707491700000807874520589818594606315753295460880635904445722108285872309487119996628116931235317534531375756118790162057262373079922063914415686863918399457726304196750019150463270474154888336812287664478252925968759902714384292110665791848053733533516
97 3 491007154077142858253909616387906207622687968833966554044239662469897473779395031963606443821057833333196321679585681612172694334052618318577305431361978370283287980438790244857515933263443729962371421961535636516949624053761457081236359712977444029161188983583308258204028915913722953629121362501833025438309155625780902428126745720292737106179907936624337781440678111142734367345851997092559915860107672399125459023216031138419395829477124178441174684627198620089299494170130651125959873796777689509749417897346216975629116135261898529521427541347255842577202871512032444698622917619756461336738759877263865771443
103 21 501502928095400830221301902853783960173333675061130605222239565563576865562079227271944728605518956594323572077777870231094413689010205712673294121401143968103361740654683823305461592982133300905202663084229906336720830442606889765465903257879469604253284133639802692918794986212392530688138730244638038112214034288360798279546731064717172040937140586541460857057552492859239495811608839046707561505916597951577522462230223868547871534368943726637658898240238646358474838136698913569021274068673266827231774726381752123361586088010039985363700208888660856262092716703974555281877208493841284061643588447354308324622
113 29 546798012755875600712719925045199590982093330441641280688825688666337094797336940720941845724199037629142388399485498067060701845434831637966799704707303820907696374527156602652559803993319652837472047534580827933896389868419086909772328982032443959546370239794121099980828498316524962264691276247043216694025101729063641487040764289800534001498091210575610829833865679748463613966412711381153390921473068869154978999388531002323955161402720389166495493278195265410560119765393195931685645128839826745707957670968764057897516245973561009583115556358929469580055193771958390133567728583712263786829696595849474400108
137 22 171021883339535388382227020086523020160272454911880256978705933172677715485721603105012713480043971293806870032687132496459365185841268703687497808303065322356958606487556212653767385107542678029381711324203748129127185489966607775304571673214959409342382279268117271744038678115110916844297387468715070349691366135969067440417671964036762333604408629548262349777595230094671112007484718471412665772014554138636983517376132466694015785394609248467296811448105973029114308029753924503653250447285989669290288007214331277140059855175567038748108691580325005503105525621660523526201081562453224597056933748743259081869
157 32 583629849396877155628132593842399124580709779339915947957057781850395703171177148077369363420966128202394135244772413536420894921751639650929019001085262215958948395513889312982567512724235240567930187936676551360156454884761074967803670408905729308623674935649613504042555761860727340768846113478157900468512831762973935346656049453630839957080590598043874886813448327247445326199735056187801289302830235218948979229850227188905962283608379128426584795389138607953360256872509732577061546696904434273466151774124025336869089466692294178242756578531609929214615755450746432472629269376719183869721309862792813004568
163 48 551037753951669598154834598585152917783542193003705755609619234978145957324723347160190372875975824070844318547269594756764793194644143246676279361276089159694093332381585639511117694481432692400890322775838679062215358300024937742151417105427364351182407449683747888466310104109452853966367789222125497955922445730173850331537975555952208821975346532116949018464181488938924583839302676165892991793725340577925085833414468715505731731730467167599536154077963473782369359159678949356786629885528127825602989679658208916339580142712258110265927188347401807742978039252942137799728601478770276447146669006871795127867
179 37 509839957192490434848962234666714805718297209550156605640278411363180901647148859993621760978911386381661796445987112927838583238233721152706607201689279531372276832309485667789378068888023333334563286342263014886997644559186470157686263327070189358007132459912985022108035590630602183756802980425059658641694382563171015064235537453990912970498024822453767628636472505884181820406703327266766666432375202456483578582427856836953469362994575461853473088012190675953073442531859695327532111386114499949048076236067823546309567870371187988209160521160293951231536804996392719019892425302146445116057950500640525155053
181 38 336518463493624802359295290998618605037749610170868323600027368998126995770969473383459544940313503506299339223974461722861130301763289699535542899671952957771789745840689371558848127074690797252358926888553062104740664985850634245767462953097458962540327246362976186947675216323553268223934549924327060677146857221512297831405400995630142245347377865185453421045901125509890957710646883579988090859579351670587185363168880553930872335361315604491839434645304539007066466408246842163878682661241868001614469351481922445852045339327205130819333306846464870470921321959173270674201569716778439399948827549600739733512
191 61 35019524914848735496529910097386176397783786162979987719326750505986875824576738881541230813980735735967650142799027443278919288549252260037047838028831221967390147777281894478341406788690743451075026256445409246078162929542659369613542857872301821996836269029651367858429877713148102008297565972118525313609224636220132415817490092681040534388274141895267451213516945617523619271695502618510652060044129978055005352969131732367837125066743745790084685531909252256280032825407251261122830832230848679358846921480007136131580459072064036215444883579516089636688784090588472078013361730325278842624601562941988086989
199 99 329620864789158993997284322139629521260084370286783069302633901549874429178894586967077279667506536819738448743426094931978000901262125510095669935339697470549564768205168031965182456995586529500857894823969889294456197487403205380170420944289946458862878196416294878264272016260507289992197196406314662305733427579739297207754404665967276872304389606585554753128544651328290114079121728382424009501893063243437153029334484068301412370524984340023601932229451327297453358508986113642751144775558600916352052178710916375146746630928952542298490356873074249985762233878073628264171074700319359362409283852739407671972
223 17 50514413771845798140185927737014512673759448864545113382400027122544547555852190640250378391421379151654648406662299177035195198511750798922228618235232276264311001414060768440316942104546180186968441437732726840021775369644514751488569684921749699363842394222682180299757467035332268906168081959133921838471968949969954936309486780012639559613262975596692992569527566864560081581289097449493909451578370771208426395586066445866365598303227303919562026546502936735397864262095028471676683429974377621212373177669320779480136587083900730293879054406416319329529307702289634118204730143661449950251261545657727224398
229 36 306714562137261619987348200035026315817164293325657872585235903566802809124256512277114850150865357746669439035873713292653863419494757904514262497274132579361070694133676524754703542085868807714430156001059542247666388603018039571092501445283082368479403499061979699541083801101197829827803977934694655993661805780678086838181582142144977336546042801481800702487365329284702150928565621308616189477854264040584407752084114977284499437396480398080347645037457136988936123789255201157562431486220117099765768644752454483245866870442891828449627083528477665255582818150278435673791144054875046561330667927369794651260
251 55 480579249632140554569985652800985318695363917059327298357534455197516321354420856015309938803246166363576236131857616849972099947271628789071790287759915083254920595901297439924409301248209646572347936634167513082127889916011591101406459168390401674908718204301744136189137324063807213418551266290253177522007854769015825971154613180322641955390878915705073044206484975826691701880368277331257724440552223866608268813716191316238657523390956886763013027876086228333374796777365330949886142047534873326629119581737800831455072902796022034869740701539676858754195053502983167368427197457066485209705783249568108089833
257 104 24367236954854630064276310265600714365434397109513720376612937891826742568212133709883253249944655412121431264331401715461272449992016146977733338134953530190162208432626342390554058280366775992466483955521442135654129749864700883433144814114946267536568961566627319326155406461860469335680929205112498605206471007007448122684709305836241299407441372135139588322159712633827672700808998576870600932881755882508953965069760928954736783638521948786846232685097945438880843461605985697433933348900762365477033524061332334478554823709856930538768165228410351660292443099115575772723319281367673165086994137072571265414
269 16 73274383137613153126798108256374371761761025975473348718565775895698357937269436190224505020727064190404151456855302542223692637610370715780361013359112814740560014808924278027655993516556902342205164415050152908529415867613958204550632406209369813684471129862032483027309000760262216460967351582535908080432669240020346511307826213999785000101776272073247961501714888579008205362862083586456407168416925849235386852057125956769257570811724875455357314310167613909996652950332715754706049540381113600999513326740660723115333865550169387063730968148811456468350030509871835099677702566921942553153481620280658942076
311 53 78814039411768978309095236757367728383565402614890912458744846145002473517334354446923757826834554868332567927206197345133431896171218282604691633995218569698891945371264989104750944851167080480338056297158772494865777818243674482411163642207865306791299677266358636901657545241848230372468438118898981873600812584147367256936280970504167289195231386055492499088671597849309056635320174265093466791158874624566157497771291035046476862532500806778927262367948023950890932252773148640500684179598587831014230875005735685807116490029964582173889270947361561783683549271763981777053789581715603638224817658395245416234
313 101 508963701715329324600466390841784229107933823428098933663840257594163299853909184020799900925313312385829691727185499807358228878289961451199638544821250911211716724771874946063403241550689480752645000801563314377477392366473797905245333439275903748454616123320801087776128213435428397140259217276059175625927808516195665807615875033510988640126717257444753999763956760857500903073070627892032921257890157498428796665573151773244274957262084556942715846307908401451555932889444462355342107698370571192830866008061204923879196736697165382991754379892429508378456890781698407686920556554817313847105531123702867187121
317 40 170627267595960231839230675105827008597182348364119719994020231556679437494770399043053477116620613266186526357809625077770792120847112437258110115355632035943312078834526520356133132353716173656151663318190458893608258327807637103532416678513426327879874818365415773783958713435738779397255418292732327162136488801202654563604613083849944300029451095313325652409077565944985057214088912982656862738261537988328401385114442330404594860295458094075487855197211620202701400452821915684901078022975486504776424887366852937029833752107789048674770925131791316872944577797877945921588283577845947407835508558076628516453
331 126 570852024970331623592323707575266136032157457468810071091770165308741017850959301341963034282588183485544031658941317906276915499453407307415189434229173778160593789264226898724857479534425378224232690068495061250402121816721269239409399592951234178572808198825969883725537308169449651094239213430505512675223015253263856446032463619565864086865375110300636087075551865840195633306287814010170945379788465123114516938131776976985013749731686459476914598979472340000553134797143683652600837506838975412014328913761485964333877462979942884899073123187879569558349742039680939692151836612361077825231631660221335375243
353 8 584773587503474657515908991098999883348971303459375424376103985461431519273121630100732064051544564234355234426137222607888437040718642398417665548505917861417768570114493317452828409291437435995490689611881198378773584774231023530260472636280493228069904671825403925010554168035329560429112472489916494444326519892664147440787337732093531973049345847990929571733547569036938667045445101775192150049745628455899577459203299579724464073650709727764615854594190787402478808147963406754534349670985477675367382057691146303500105611075947025110548606973377267172199429112293480803409606648634754158837484982967460168318
367 126 17684553567008886595416723185646127026174423499833555296492119526186436201496679638913596608657330778762736159916355689963319171445620186805018631461055942351449851405250870369704772376883897958021873637777924348043321010967793101073776856209153828045648199239971547987530240191975138047935039899351310572840764423279070208994129556849125845867475188613394737412552163114723159293835213521214744618460980727819483598637761551650758432034159682334839656000685997707333500677855692026015674243369333376031263064185035754087534047490105782849841485775706813525731599348940424072005145184196050202013508475434199002929
379 56 314821452569913570209479104793535127455851164090138696487519501764139036985090933856933927741475182915238042458006167927637126805580045884394263305968536489769788957508675253722124718627372651573615280307282621073982280279184866737889573281726403624056634460668439702080355813233706625124843354394475318536964848199309421503768405204747559442028962533072271391219227654491335339883280878760530580668825854129498663870127511015676227526240149939367929184788314709501490215622434875007324295709394664224596663652345743514970664015135599495514503859980847844282030777842680615576478886331741594712801700561107799322204
383 119 406131033435694950653917187249464546814034649868306906990965578311654277583609138833937103232342158368361256421680953079719956893581725890603621959976015630827880780742149104885468558990562915638390698220137526215206964170050236725558545703337870707449768298072752474022622630330797015778344093597378748289639743184299624349549177096584381379715976633408588177284832316623225505715827750531579402192325168723282805322155207504060429780893259872808107132458722583163887590161188404577672523149124034828659503726993491821150185489811704195671737540274013701885642977795186359389214038633100958718168638554242633194021
389 16 116372331493306096966002533082020723289707684035439356366107274306680326227465291962573162167330525187427510311835342518331356660536956232892375337605985703397724760803591809114815775722665030019337214996845273845572308217329522756617097802831508070299471978113591284231638911279670438633855786361974708618674880871249078813028950884925956805318923715166539964632524731895868928497028923336365588450226260209700753460493683073968996317691888232992134701615285370233394412314668276780651014479899933086619365604641545192676316729723074881270754853599093208302562643118670650328238515748144554311972893761306954688423
397 58 357810443342874980123194021579634779825956439284892557896274300163778287876388653092901810435884629374861882295097738571502264591791372244323748628163799482349877933018891161444472253535555176855840248803826335993117364299167411939113521631703245412814869646398086805263818744848017725324740907186887748419887466334340648755197470735401462779672321476731099963351345242316406276509208217939278380001644296003306856505546166006692467526523942801703486149876666832621383198151971632498937177242278639402714277831032496225640034455647419176563366590874572184000526542697127989037611714018029146034685512786249772308782
401 4 565120293065068351650048918933468197785377902568197199945051029533707959510308706629429891569673626071919307156954444326715750753652665966635928188218369911835810400192604911473914982592322835883241816841186032245448799251018311632948557071823043890172886399797990930111241864227449046221039505744117569635353261911060139037664937756740219087755584782455152176294086893140626936002399649709846766959118988523462459113079999175507604357965300512676709111509596152984880885389716026883868979037500315918148085698832326403586335365344342605932252299135080318329803288153452507815779536250531386317663448197079584042025
419 55 400563503895721192019446982229112920142476019342506854104556580021538755211416271440222640248302628531627432802593983599460593563403136016027687037841563614607969911559650842204082294820088833086525845537618761080629708046547300174166166769321245613324491803842648309312474172286322231847355998478132216402007919445590082257289228906741118908384078295246495847445425042575803802527783009679301919097067895335221355972157278589885994535500002771598431054001831234916508536585643867349031015340312838766650982859398661371454314378033421660801193899765116051010348494821829846560115656408350511371720255512907075495284
421 149 521574553111536330774042581083556537054849762056132880105191787096728828421769797996774923690409983117442424018895676470940104062279239965844974897301177886307652171406700170927842976284869862999782842445452808047943828588338718851765317690023666365932439535682049557905972456036376467720315520210564991302487406605420643937289720225760775021831478513551978282889898822712623185266746263478010510243703293981063766072862593527578899646033052124158341048071043594135745906575252738577791542716838051383585350292211413807197553239163215594242943848609660457260996525607906119805630696968505812334614801480734823069107
433 123 553313370683151068407402977038803617981630640991318352036823456848826154232528817481671540496027902399979395564116013279850336335026519326086392219699341863738237771611234305058864131310251285768145903345117846209248463686435642526059704396178280199018137495048740824488947000254547173515693068770231926619802621074735416029843773846492920850384043169327146750982331074381630202291684104471811483026652710537021645446373884573932559522833741823806827496577759342169668673487107466055980046023695375789648775940735021824977082546289949648119810539775577732295497995591720870172486049115748825319890718529417242187329
443 25 310785501489446498090359132454586076396700561877912694277030438153003183914928718948699574479654659498137552234003638198598641372372160969050814901623153606312512718692484555292337380135693740935464647313482005576512242764703863866285985694701913187271135241942369084041923031791283489019694850266157951161986494816300992760460428239314663330353168385454130106843896861145056775990480620072060895353368800485986800637188281946825669457164662711249197596925705710647241459038397354506021385289113329945707208180620935177912568654394726327567685790163416256494446923581354264033890786312005946364248047817733427078011
449 81 174894955939554536187805959306851220613309388351492951831701465610487267998303970556066012541454881880870426794203986415055406616098820342066134821380052125544361575349900147882659209853048117971763993519967712052058684641463154182549650183201157505917255499251502448477366659964577198210965226211426703590015037787130280494489142377430290865973840048757594179767079616921500916301641024534010038310664879227849677593738543782316944175073893950587075687374725673885490472849918396668458415622293190417349919246618520936278008225774233426151261891807459246502531545340063666868364000409563641236118579124208198718252
463 128 140779434530023844491796071913504781089208981398154162436430821592155165578493321677501403610639980337201879291400726335510734242497059622205295420324462127844977272437830317936562711103670589909231555267877860129463063079078661542290484324572069426504159507389193749078776443642091914033894655539656828659278500939222149654659786633978722964913524477702138444383416013269348114587284788399032267413852661815806554415773464174585480740561820639922147728051557235582114788979588624763563872887441133731982509216326918413089135986655820677428536380563147528334075071166498192571503688090447054655122094448375111494826
467 13 313661877417059676522075065133357073476964547113748385233126028046377957566903957910334215811213810581258132925189894843006969364749005385110735521073195790494771853628066964282618437570849012591240717627416770741790933456482260643420114181404520551854593404475779308687091772301511363814619490211847431634873194623291243422324067783750266201076378996201506848156480467210914976339511835485291493430821812310022570321518780645072528428618569043060074252360832060872126054892707163540615911926454777177093020133703046618976311278974943076724567897714431730861915375576959550146370461636649143103388130628443864137669
487 176 420543276675883503711801345038528254859102387027596904847354427360785291704810538000242770684888067794399034516538943201501765710651397356231205162068511640745116490042521056642191583447684934953010457629646595790330300992656932248310300843360680363598852385909895557473132754227948696274192406333492265761302819686269450118824796945921332290568443962541058750484791951928695035395836488548480515427569068866255201087933406170850293127521351539496318499391133480012854344987266338748877822478726565356806740436757732878474054403061435296653697994876758370432780237555333489818503674469084249779554146999899600223711
499 101 30752733339711601042722652513004707218796160341834809134526309837847650948511887788163293748133352493946128026203383831396081637324109860528667571512706628309341434444383359752498111960269333150142801613141072229702526362517818356047941907944251639071917177776654717886016545924142674614132897959265795882754464509276791451337968046878874697391345065571325371607644859876580292442006867299919531621329570532619479700871429714198761354625855554323612141622053495120790774239570503187320044899204015258473029391159284121759599637477924891388250136752793763520220310397337922984108970093935780311209115551712510719676
509 207 266550523764501928423378658728483467415146982471735489500066676548007178970814049621363177513783561442915354515111682290614205053826995847542583597089186022566825220356004668955213451104359068547425321609445485029046528041263590569893963073416287217624383569761716051783171709581420261624312001423767801969545626672803211948767265059543335595430784331930807143371177838281322617170008557125079491138926682576837634840912125957987959050401089050569627023160169517689555648439763682125566713981403185196939095267362031425688553953178880807389081066936364010995903639229549737396501995547823808450846805636842956815320
521 155 345434434927385752147515740541314333781229729198676644631480756587279250899838734201683225311932739632004930325294126451430786554808527011617345303135954497797042048006510574082213444915615892034162553237696926878693558662469741062104287751200412190973801914496257915995273102651108810673267884600903802435534769814976137579339104596642719461271772133421242294717449614909850983375254075830916659855663769620302780992576902187655609976239653727312836752097331293853449353224996898492683182853799984235222413529267339048648523997502312160222565501624461446676954305741258244046853057917520109606380436323123064220969
577 208 250881687381685379750536912157001168221721027181406103890933439764304428313225789881121093796592703424981498632758659807078876849746854562879113858253949484869953747724865749672668564871311785662671003854903171982716997350129597963547257976214760754824702153231127479243660720619372126528796165303303495321473099874070481558073269205148848877568583842032559331214457159525218048296527037012082773399575160530046055715210487107649770680911053010394646510067341647345459737181415151041842374744295226171357666120634908395769281132329173590557662390328303332760175248392926594374986831586082527970062044815904686505312
587 177 366087969914654099347701028759915273549644941601877287681700206990728696376779052332599591153490741482966413686627814134239821705634698733436695531756221152401680820746127388525192501575032937420423002059270138588985654144326194123772528945625273287229744312832712815784770239011094236079891339423963637627409053575324158932580884150604365105851689755065031881143515603587547860790210583380836816331917961961248533984120777466115742924214579509831658433592100260125518955477332635881807574246388832530865865111392503060489512121697715398809438060940895944994713682648120144830484388142685655980799041835302828866437
599 49 471527703224430131631270498086409822508461726110343622099272802919956458196791976373339161317089521668948073608097077872906791908777295533034078971839282559175381801769305093525310198542542487033934313882460800303564823646678255093227398609959898431925610226083245845605146635380996035364650457615063568956705155089139156571936550224165254963068774806008437708540695096556335720378055723388080975784543580077577752575299739299036816564531833617820149592137433834836683733327390278809116214974753877788982593246499749700410246870608820347255928492283043512332877496457329215990606454659811617541922448237101331804088
617 172 393865207850425826341965783292983658625709382861463125364065910164152374037786201067369251361724106394651136842206004638935661495929115126548089036100156129615273685439885250979787771367546897117225629896067479691256685687566691189930193159694888928620657280196179745002833191429868592516086291542772738004255645703166096577282570511634910446550839154028887073563556729579077092086456535265883781397236791005638145836586933370103990488750275611680262875077279985496259662004224948504987994422669972624179294495297127362567959495052776098266599241288003606032496617591240006448994548420766133619538204012236885993243
619 201 481932412630802006707559258157044697357429015588122016467498624446623769403981514270149704434020783492028035346301296967277536395888261695203581137142935048680580677777907635503268416304549863652882071960033228739640162600009403408987701951314941115172082066459817896858203031889243105937993906359719105473742082904080263570166089618433975900548320505477425343323540098297975481369793995483994531713606646207137839189560777500327147838974310258113085630647848027987910200150902856855872521761485213711493716970850847604242635948247413876861003784827820977749116512639627718629757387468542836910765554904868450781875
631 55 203249889972163859713093113547524705184119659793362811540858221061661095344615178409036770982914682183723238233771866314692969289106562939914529229147671948852778651378752752468252381458420795656481182936136350213511941427410507475517066082864074210099209929499293714290399778371948588343401723646068603335890918694612938629949496489090302514303633942966910101656092212086304119592486449322765996224595101101381979208984056694276256443548949859878849955019794443702680030790334993621993504729230315933587344325965094861599914254991065440322802176416258016009013289597882295563774870822130435816495954489746896485872
641 56 394941567516522562464498590820180128184332844882052647960245026187354186125186420343442595370380873239421917805414997412378717294579795693457040948565468162460877549754913891166581461510093827815876012792037183649370427597125080972660975121373971273696775369292540528168454357928526989572879353226373949129216806634420893106382385466324190070189881644699875146191468803380502166492758569513439640536991744163750284377802886661471073227424590543595591815713221559439019166351772301126406869400200368826725621663262493826176065721966869878696254951500843886143157397735973617149911005932247428242033290170629401617764
643 164 446149239209913370796338498361618688810080079691464179968876347895539903690898442216203211100949404429867973689096245206909089119675562797374900842250856073029901353461074236083562580447962294638177328415685411250980089129803596964223718070753009900678374372455745008524374870339159838822186489889785311275073603735581648746019768979571126797902864553111681097807851715283255729284376196447350042596445948775502763420337874000716946601991444851421239433714060648163097110042671143451778899316306389737592085395009036767587704449217860523485999891714468239445194277651136293303698598273019059633708967567106184182928
647 192 220001123325396058738164754482947361447492234657847941351485971622517521968076727760076315768779128122525615413611699209722418884841592350791520253548435785089149158281438044055217645865853130272758104997879706716349237449423355857481891603871519797511182744243062120032715206342608527118492676604583775690313409634939591777147402437618206741187566055656670024353909070950408919349921386657162359560387405945223136702331047099457093067269760775560540930067438543361608822039295770297266383739169110014237532136244232722171271889602275965604353819787456580407505904491321044397180843164001622353202098446432375333831
653 218 65399804168994151375410235725587341770522227250461261019964523229124937792664155689138067074917288865707186027006452108640060669216034165613494188727694002962631412385519062905378504379454403708626651951059246146459518171264076140691748514534658657980420182761028423259148198775340496528359942167812028378750044013740167215692502984874738409053144581802789748814490185476400997853490402355584524721876967850441089723687888331464563262322484317479950962902962428698906803774443982377269784870230414621750350239783045671086678098550633665643526520776830914290782641537761542305602069574371517132032687971528938924731
661 77 74906833743051609043201163484798758676774730690392998260687301783944696816408389915909866289905016957968692097888016850258432340965105812439785629091907788425925411987177922643602168863712986549164837751091141503219168740950325453401770323980113624346007952765354184989816876142308015418831074921268715797494351259834904560842405543600601656990500502678808751774529000751535338396205260402241156721043134731438978670186838972887167223051557544110908128441793112916347851905838458872759954180431512075008590157050183278014327649929395658966775711766668311885122000555521087544105538037589170122325075525896347795830
683 229 512837401911920908356613369646766854512421402009746421382992672475765562489235806538173107318966904892085359321444167947310871665016235779574861656422537145518749573668748299850796611235976368021042924203285815932403823849692685375830813229282385606632062226229101119569027907723754524424867163127351114709715628440477170903543726258551061453129320488326792806554534736899578092214714918130694931769430173824952207537126263521675102115288882346486212106477924322727065376645365410708501951463856623482654377661775031259150428193795797867749378146817809029043916936372032958741433048145286610450285939381591035035595
691 140 347977993832303306091693413910854352471559242306921368632667213507302206889713716051507112209711347094415276720798943846681215688110258032781129106714082415654601149529457103657487122406833858132828548753793708353860583817059753092219082166753795045590759540914491566955067928919482176727538478946877989471313008030903580281056813828430496102469816670701083952250552782506619161226877215584472838597417680336751793281164507818905486996855593019384558236869191424972334682181493584191363474896714827420956144045118756910247693810518589306070566102533236702706178608048660396563647506989219489625029647007182945745739
709 262 512467387694987406726640734168406317017032859043585720495223019892290497219591432726057616265197427834156319574331354072814826689284989134682523088423086530881455633105390173437793286650548754285613968416714261423365996191576106323569867551297904693283425437302265636447717519836098255503638607148066432266219348024377811540359077209975014332758013899584233242214321709991183213386201769658385574971691304626364854996172713883335695837327692044428487171532666037229693370934765698267082533249020282353226143499712036453035445716826413534960504904681405625920186646932564439689114830147262859061752936901786578809292
719 147 12710807420049999023359380420975021263466200780614715739463747380193837948337279671696488238921619342424088030715588804728730509494972222508130794506668084480443268420705937710019970547191175810868616781244401055659091635099804396996480503132147870253842905121854201613504848532419080547624417511293811066159061390891777205529213015166909889136872753992245458235710052746746170505833685547793654763303238280252411928762965472734746865499041633978381181526250421661384011662606893385507689222014461262621048946250824924313390883693453863525274090621092412784108148223388875828846816557967935030058774820032530343688
727 300 553752257764930115899615472059659632766785650742330690300095499582260825748848616896661299906656824915042603405951004261832948329715224699061919307153260634148884676368384721002634341761303154113430851315938790478908143969581820727449326933565045985099070402899219333678122912129743375039923354693022537570956176175163428740497787069131903340708256185276819963388340294086179348949710242128386352809029600850452713949405662921648640953243323340465856680734806250408995164134548318326741047462322688819707233524924736325222501015975131758094520829968855548575284065132438365745657837412780824460387874313172359305583
751 250 107627745773458574601849257478082142224215078787533331965078681762701417754700843749619810640208187689480355245147001533223896859702109414935391606488617394496231266193118823563791960354705479789723237459289152082558599962324398181788396961328289318019304090806422759342261157358852868182819018606109291734370460685224612019069621144862934807038369188796481471014322254632173487817058475022345559028513008981889486934003635157609789007188379138305128341673572488945302498588214433844865538235897703952210060161845463136944992254753512297946619250175914498220335550324735352107713524101379581635836525869221388988485
757 26 334598524231206109405332571777265545348540973540507518649201108584481415271836342914469456997849311549181864890615822442967660560407642895890117947451901471070630949736521767895337185420871653235327449702140020087764103149476201042813191785704629875588140196874908327365812684849130554556684820590636498708466811865018062529908067243752995132436643205861850134868935898056973695220363990406023057317217061027427868171854259082923161060221421974695002883387689387232447649940974128576852575787447644020165063673965529567241038936647022858671903435034943328631658533418030034080074049688128003598941750035892422831746
773 349 72826237299404102523239003922107045440500051481901923156911987522547773201159542614570249723235460485742470083919710321634048678239819967137915428599127885956754985331898411856214208259177239872589621162981475331570086301464956457374808846327024218290525650670791970284691324400065510704451053971895920655304939125740209951187374387962324693037817982016271219289330143022479930474491908646149603871157653177484269795010070036009082316248100744714441872071815997771852981308815290744576199641547901018285419858908503078530727979678437093558430563175967261739592506637490454004798432309791434670905985016137139148254
797 201 548734981443746829688654624011272748980853851920259350335041766345729758858622916841856845679939201818808596441675259032407939889593664076471482618963155186915323061750034498386075669190819718206749920188803593294804247070214563835993674590953291322665101194487621798152348527180534446233631257623664463360695961150997686944917096480329544010377065825102746558479347367483448619151603013763719153259437405841609308040907266095040470864564301971557715461957476397211401798387189851115481343115364438461862289348219584337556356369784344080761616443255246386745096296889173614402740204599401440395214031914805663294994
823 71 466897389551166710830855154198768240315022909911920999426466256239932063321953819231476282465656448863025121250902883774507682347111949629744862585884047980104659323309826993368841814838503170523152104180024280547976110123754562681127633721093982121456393490623988631671913227865278555372424028910431690736589187022780437826264463744483628853145731944133511482826903289827695167310860656160091239764716613382016078730763862956797432867862313969531398190390716826337653256259347525745394493053649245024022595063416640173965971777102903224580498790999825837555273851742258863074450579237908157769647785241079008480862
829 351 107065530627023783238195068450451297207218895260017918992347375431010709469985776816540326896599447147665603576129345259454233267568776878516323164091618109331031314876720945424701146302442389173498020572083092109748564956332577005566448700931634593302254861888767707704095028867306144692480515907304119519806408380931851939678552373510211448644079698958747743107106140076160101635498492206700465627514543581174091055507734975871035571516869032243373642348401201689652481081624931523974873677311647371549850002933123695045385389421052080113136905157543883918097343254070099494941557469051369044008100128277635877411
839 15 54727781087729170663546265033409718084985992819555654944413104239169905971128864221775039945416001086471753301263041698245928449028304430288927843242995768585065423763683645342191046784994950495174835377631189484697926135052879265279407637540958150282708663689084789379693768876188904849282910879453671858261527814819776765764302057604196154259546160287851417346781629797692985756905686944793148167823972327333779450247678703447392558843474684309157316123810456994090755341020496446911508089652997977851246814318089951718742338998829348223162518427361281590939345483530514957213887545755348674769603860455356195623
859 297 191321494682739526261156238278375220730339475508617575247189936918705132171921758549003088394018114879389667310551718799482465776831461566562498890304835817054852416441433987544081905356054117824888966736713363171507911236485213402695088185280024442403454703882597797140409129797858466979799456781427198747454680192978458665578725094953831940704602911227145216925921606175226281873787958268907762268862650803029579714120994179703184959440050822861479040837522147339571134143130905713615118787328405375222959065237555489887240399244728756978500600670186429161612319460842804953867029333601528042692490043042069361097
863 239 209337096956727602983635386271895097188595819075548993225891606502510979899997108894305052542306813024725037228385826417736838868907802481463605248378536002162069946090249096391863396413010443820088201988611740377634731358818369176803419692244042242466197649125487694193768860090581391963521840675939066812861705808240606893794652672986543274362005376034020895905771109319520907417158006522702282861282204199582045048605303620659309003381314901261481645850622023539992135573526934161555553816256945473626492196634925828405129349219794296395621735652134894141661272715242021666808121249432954533105373494662474718874
881 194 106482024198881749331341855784825959004999021594583968494572297551242218534084900232199133295481849040340299297943441936671417187365964862169089842276288949742037958142200375818226514196195606281338692015953306485438978521499472901419466313407898954625730768073760589472550331603727194178453782849348432754697007494511500456684526620675882075868596295163745845962613486941669799796330331279791222914561282990216818762692519949143292150455242750108819019652695785930533827486316059861732853374446432968179598012992506453081419751719755556508461894197221690029125741923376066776726879802936326699868853765030906488393
883 299 69829878110840079258930322241656992531028071991100079059908481383160074727396331224319835690516357920355001198861231070649246631969700739325322846857516526038755516484997511080189980864360525771212771689250551298225820493481586036528078724049607392149602053450389119618354476550119648802909687756127353583514697011677049718551734044090881658499851117450976865499318147546212927053450128498799732723615381601771484361648031441204919046654604368284253531314148941288218861171469345367943816979042465752716993079337297015370855130308673522661289669364311485005689543630110908502604424501912456481713416869285970803022
907 227 449439311926133149662584627707240067170297542351520034733898345452590003670095218360874131502750014431757350454991094188431199107837333266214227937807501460163209973409360230525711978555769074791240820103140436634750260774189012439861761852410145185864697233288987790627215390588173455147540616127653414228797037280118386773650607585243766901971661156630701394900473883418184101517541725232791334461020652555016933405785845581796885926125695828052735851827132430693460919320574229785553963097184806805022025845811222652483577331212229765598147071712176036775430252642490477254302184863790655511078545362348580676816
911 416 428525275048692301554359075592419743072736620098951136577286797826594798779948030234069456927643187162830718923424522209737505159412862394521451719498364905850330040316633792952362998528254224560016738294762452524264725956826981433379893495546250600191334154431134640565382929024501404282772491085542619535114384296395367776109088145360354766902666154332565386159398150725196754298308993486768912590160359766424429559301554883765682320456424676357941963472625936628101382963185306371474972351779055624506204176244555365934965726158473696449539596452834856742304962542638906119554907661480180700440143951316722477684
929 155 525079510623101930710859618498970604744583107684547615836115665790629256854354404757399558933481749135030767023069244729524566186209363557236200736379711076426659323060819560981907092713921245475088873760997705765136469254440442460107555038524656338228540202795203801338305157707036180279276662959084340885691147299499816573682233771813599235019657520068208364175338810039449397794996787892924582704444875999881962093668229574394814569464955584686158335516625118796058341200965796392264834303799609398883862258818811450498609585936224893444962732667602266903972028066914579640579415593421190535336524224001839683646
947 271 544047968683026104337987219333234566215480642030305497396525372366196494852106620443191228238970544506438714349525131544111095433878776830227819127378034351788958013458431759756486726756771304894482699182108017138660354518611799315497474614926722574881518224314524218033824887928052954892859371097354346495255250314340999578071685170210010388692603883723150773853016081854802063708692976582155934683779758013125641335152689441827569006677701802869197109210172597938398771025549603820235240964307587436915342792449854748823354922211897628766297631793796330890759813213515587930044017178052406443397542751579718712728
971 96 58969761585134334764714953665917440648283254785358357824932470743220239687518929221354551078543976585674817453660568895279660135007383346914623410849926877590655185103888205445576897499172985601066186679294220135964784811705845451548215550204742916829329920687673929552320921183293862631336944233009833601249446631525824266562631524953609805669389482663662248907414630199738364303589608193881711451886042470942112361595863994295183513518861321170343572482830827751580654176331584659958534770164649728794215101288028632481002151745937894542844247571207069162247248264331743468052963763290005141721787997251516516333
977 346 271027844767873406146138199951390070237882538691528074200665423821216230114740490992679615338664069167835641545362440836070529415869980799044044761078526953880952630114740326066290459770528201773284154179931996509498417288895452013600353702294552706732453511875691988515022305209767286332429759531675324174056470544710563330475285966509028612507796896329026236174481302281341978249819178728165153477715139425584835516152972036876461409018320684099832429701675058253603942907037200633721378314192881917638845070971119093257307788347084970969484069718813482193106039262382903280491030511357884927970831772061695038802
983 6 464849439760069692387728849452946013037941869997639296609316334465419450847171369702511975021222906734677613974319270266852858334377228654768022558650218248132628578449899344995738445546815154184425768871924694668692183980632680642605251547394300257826733033624787435758524461275815700959547011783196766522550256714879198561999272365989955023744943913327481148506862565963401513199697865217608074941285080684725171745902104274896485923986374507192403251145204986294635359631415864534790473040117444141369564830266233767063742282856687741029890724115639717853931113020836709564002998539269844792355080991261957144806
991 181 283448043700021062533902178724253907125065129913657998240713811772913434542829278993772789247281777035485308007169760995480789459437273999996482892279505257066737972107103103898440843562560516325617620026310789525425773253335626424248211115146835789168466084484963507994618766562469587315747275026537943339420125918146667112356682618976437806790875744458733504550766903768731563859634384246476112658298267938530225405427311873389181661154960327954732089381349409035585781279048200498848439680664791709565832320300575378274358128521747476743500377915457300886783213773100465809929786436726199147177443855502095357697
1013 15 455130967468525184880511952655767050129582133301588182735809383425820089406075650537343964035839049730759933535667330775241993636858826554345836476367856991776143082710261126901965771049521466405839262997261104130108677631221734436032263459643519201929003850143444083769763553059671262867041743519265119528887383637378858722500046434895194158018024907011203102931263467183822122868767344468704073473490403986659861270948683920998851589924105310943250798920723888343920955530999391771616224097838437153061207908721190470525927327574656482638570979368189103303043475360965339577142015643596994730755074686034502720502
1021 444 99523548552358641868068360434399650269153643041800103231617475547417328286261932216728200857998031671743942329129499233240107848327371950784486062386522159076684993337261077285332207528707052047012212201281490358257332782680755205172695648292202157579028329932684194802476542794583505185378756262575817616484757331446350685267072659384312820689128790698629720791506313783407041209424097360966744941057101449081275970000437517829179612714821829444093685519251950851122456275106230969053217161805646463720153094974076819534369630812045983394694652334041740975786947067688942596864410885001243085298123694075566898990
1039 463 586220153523455281336635430936465939968731883541690835670743633274184709648481222945840695663958364351491668290978580466926007293406752150027131856631298714950016761678860878166349296842912772488150560022454164544133176827266581390878826902222858392483009581548820518837227591876508855966658367738084443312001934263715997574021442734112945817361051209321610229514174441661933009750824528559334171088453853392394162570935617376679608853502395746396139992517472133765277321895549537669301427554946136856786658417573178107524876735535866968203676153707713775812697756794644101515745318074070553558064388210769281587900
1049 460 462689374330501975468656484301975985476011340306859096889869338220114286386270896061116941181356568021326332440431275367722464564186020801490484683583510931537457609902352445460334128860757439781800944562077820668139445426457575228083599749318153800326547754886038018632607766893690934249364308068181773660763489273984784285909885825387369854928564151561878546661608641258234831979922384052407679402549104810647866227028674789681744682765461581887628079787083015296906957662296500827245994749761538775997378842537393627933512621692737917404396423467878419955171829471256642111516439952819176256222305513200089082288
1061 528 425062294175111853617886955512564785905336385800610765278886901822434657260273740556396911179261250739891715176800978438148038246311022946925849864130936343796002011260569688531893245407094095912001134476295109285107271683128849947747721708912907227979594750571228176831251905859083255557259385055053965303759745335864973675497386884370165316579209989192799588357576877236739203736220766346856192025864216379815451056081311779196975487782737645803652463442179432818223156022556741141218047361270836694239097194138536994893026943648244307742757159564803080298681665128680224650152273484216660460119983619388882473005
1087 482 289106731220122017507774113427105869444826029186409908130214071840886465942378288730071220349758639023467496070203143225367239296927310656714446981519483711449328733838979700464325739533496686765838773497914895579838036703513524394590830092129907959146712143712094919572876142760077883194201849640967021638290519144373255190604447678842410147920029795233209437617067288101967779235903919683361459132154935830726379760198318814857538234988836549542933914283528490490426023426229304275056702746881468248012289505357304761568963728060323973133598728686240464882492843391259594484029003080125690539525685825845660581679
1093 428 477903594582817270764899875636520695534787845157396056388660095882566392281102787313091269986233470552984055751207134393105880934642952892664106007210734834604149658280887335256709009037987063100138938656163156370830396724252179708431516492549959752130467909707580177231888845727187190657463151689250404348746860641895752864032607133067792931920833324183173876324730557210719229336316331689379020142426171203448868005277868292673204768915130782824362022996056965293800088823545324353014189611286401637747746296744915495451586788308984177478042965022397547328276727649228598412395772633563439030582303713091965243541
1103 254 274963443783558782357026131161683338867595760699059057686879571465177026407902839881502718409877301200388712903045185434483958398280325537598472591725959610597225062355054878962035756667236220979042167526711221350814204986846771847674328874739707528607804757451020562480425174278587270403522840115250570516335478117375344497914122373292755137125327946057323110047575369716199154291168011687910805131993663927475150244052961901444451020747084599971146116779147547470336376534966002039942674195598960781996150672342634000088047492840343630759177252792208892397360667343617327996572191494713590086190826564430804550982
1109 314 227750233356619321182778147320965913214775122940933254610119208013124599167775691675973217561377955638487832182099283473719164628962648585998543437935132338770265004750958051439694365263762622377922590973319984750373649449791805212128794609263558009036118366242442926469849759079900325264312141344746026119467245411845331736235917322119423081595912341192279491957261123822865167801185686380550240249320957992847038481128082024178482869729565568983921983107132397294723302104930301682902733668550792993203441691155769893483607542372163260558478846228256364321694254128538031002814004378343214412959457299389890996519
1123 3 578102803217173315910835581220680810104003814931675155466154662831433825286050286288531205945823242541239227979202379780358364282134131549053613680335555016355789168210584214840041082103012362117897624215842342544162602281792472466455098344862719363973691186149573948634703929051499592491008795137555978450461041376211188456821468486981127065993568535361940589364415793202880062734092129430497431887216800569823513734007612794116269567139747934717777296389393202981947374204406906456413806595941953933833332617709239297462028086287521584626405704648523113679525775053747324024102755602628267595588412826454061967969
1153 328 273631939855161798549579027211461984200541902094585850152459676593518748228778590937874547860767431971888976050028805902115968886141471478317135199763373378510567560075200339890921683175882211839939316388962704390530300437762260941069268039735564392367223068773407211807255026558648448484737495985722413821428267429432912902953820112120056135945793263974872198433818845993618358796523527719287653259080669367001953688304704475721087726124188330691347763197158519262098365896337326014916429184471466848752406249509900293031233718696766799023190959031818270897969132012521345655600273324546793978770804243119947765289
1171 300 61061360095637542619022079441768154153518501171750614640715350157528840916638212609522647846457877085975776384600745900601037118040484191030599883844427536068970642901579692247580954964462191775512909526388025180673310161830488557377031999042278607821974455327360603015082199466293611325965879655575636914336795851568851875200905753575379860366383379904880734233874529124665253683412985418886515508289561550489289533770198125597170083733346333742271618639284159808822635781108327554919985099762074450793147262025742632514925835886475091919282169493575071430938506058028145757113700531801568524206132682017606925982
1181 509 294207733204566185199348247168437548705379330303693339266977616722790978500189936245468940940584629149707981603512510136362234036308392276039651799559394949796648238969247425858866675426922996717850711712720853540223974003262903504522760904767121146275852119229697024013409321773592442477854335420376102362350452304168988656894133894020126019779199036770621912311984379313214376676470370515227113645203148815668554995229566371578787227019551889917705951274517666019716547725693216634634867573865394414643381912450878716269978423139298113596265788345477947466406630421618483472232631934254747794098245641986023986714
1193 488 246779838409717663537067279216997852053532707090563966910615099726231417635317849120524628044405258863523684205665838865105509032914557584924693812095548741474500707760831309759740625641438176007962606020689976912643795420117191146221757769102619741957462290740385195772080615884310863634000949041384787677298988750800639540899014405954975655002506073531004682641408327781570944863640254391507525640621928714589000184432048054414118881522650398050605123917572527119752086804189467822536116103120144796107446208065069986450028597518457986602935042530114573584160588238460543543225998893180715651873020677389783537236
1213 266 372435311830932532164833735647289212819364356222897437977853846536762124584657555339987531643479692299842290006962294423362228404489274460247063887649542916837489647722548305906510255527830385861905529105726608710391834276506491528636168518649686616708382977874547486733256723275012239369408468055728888052439390111582210942972459165392382134170522839672007178565945656429201980682824968369916061449048082933979939539281899422721217412571727880179340218520945344772963261060757449005033588080431910358361154610856281476159476270195462512161187737785354899062223945314866592119431053766267282055175307662091572273613
1237 148 138807263361076152712945531541313794246005783716730298599003309128952833406187962499103670451572118952013019281013936887489343872938293813934061187633334542737864197819319063250451443464170367393690798850644620647437004686423758228824644808982441254001468732695224490100688571101919967538527971461200659688373125015059367238784009371041296523730763850404586801887076953830959292040603941359927807435459366751195869759730706117801504094647107422600835582423709565717922253679245095214004122656945158538737841154364503195163614272531286794966897810648908631560401425659273087218906901576666683505725610612323879914936
1259 368 94559454727865636720430972516337511818925086182156397340325650541662820830579945450777997334594021849208949882884123382302966819922132531149604945188409565531088965837052693864197220887197570588568520882269322225726140893278251509323579864091601996233414646905653678456616362744924410977705968173089705276953438951720130919321362703386050662935064444644720193628750340828740379436849623515742817700174481703770794537237434306208325382319378638662255674826460200386431278917602529695099556100114759485573966445154529013654130258184388524329799450491796898954874914055295859464655969889246813342778209668862405529149
