[17, 6, 13, 10, 1, -5, -12, 6, 7, -4, 1, 3, -6, -4, -3, 6, 14, 18, 5, 19, -5, 2, 3, -5, 2, 0, 1, -2, -17, -5, 8, -10, -1, 13, 5, -9, 12, -8, 5, 11, 16, 3, -8, 4, -24, -9, -10, 6, -14, -6, 6, 6, 1, 21, -1, 7, 4, -2, -4, -4, 5, -9, 4, -6, -19, -10, -19, 2, 9, -10, 13, -3, 7, -3, 2, 2, -12, -2, -4, 9, -15, -21, 3, -12, 3, 5, -11, -18, 0, -3, -8, -4, -5, 9, 4, 8, -11, -2, 15, -1]
[12, 3, -14, -10, 16, 11, -5, 5, 1, -13, -2, -4, 8, -1, 7, -9, 4, -24, -20, -8, 8, 6, 4, 19, 11, -4, -9, 7, -5, 1, 8, -3, 0, -11, -5, -18, -7, -5, 14, -6, -1, 4, -2, -5, 1, 12, -2, 0, 6, -3, -11, -7, 8, -8, -16, 2, -2, 13, 1, 21, 4, 6, -10, 3, 15, 13, 6, 11, 1, 7, -1, -9, -13, -3, 11, -8, 18, -12, 13, -10, -5, 20, -12, 11, 5, -7, 2, -4, 4, 5, 12, 2, 0, -6, -10, -22, 13, -9, 0, 7]
[19, -8, 0, -4, 11, -3, 2, 1, -11, -15, -11, -4, -10, -7, 7, 14, 9, -6, -16, 6, 2, 5, 0, -11, 8, -6, 0, -9, 4, -2, -5, -12, 5, -2, 10, -13, -13, -25, 16, -6, -13, 8, -3, -11, -26, 2, -9, 1, 5, 11, 4, 12, -18, -2, -9, 9, -1, 5, 14, -2, 6, 1, 5, 8, -12, -7, -7, -17, 1, -6, 18, -6, -11, 1, 0, 3, -5, 11, -5, 11, -2, -4, 4, -10, 2, -5, 7, 11, -5, 3, -4, 12, -3, 5, 2, 10, -9, -6, -19, -8]
[-8, -7, 0, -7, -2, 12, -12, 1, 8, 2, 0, -4, 5, 9, -1, 2, -8, -11, 3, 6, -10, -4, 4, 16, 1, -3, -3, 7, -12, -9, 4, -2, -1, 4, -12, 12, 16, 10, -7, 11, 4, 8, -5, -25, 24, 7, 1, 6, 13, -20, -10, -10, 16, -10, -1, 0, 4, 10, -7, 5, -1, 6, -7, -11, 15, 8, 14, 20, 8, 1, -35, 8, -10, 7, 13, -7, 2, -4, 6, -7, 11, -6, -2, 18, -12, -8, -7, 5, -1, 2, 2, -3, 22, -11, 16, -7, 4, 5, -3, 11]
[22, -2, 3, 1, -7, 2, -12, 10, 7, -11, 24, 5, -4, -22, -1, -7, 6, 12, 4, -2, 4, -1, 12, 10, 6, 9, -1, 1, -11, -9, 15, 9, 6, 5, 3, -5, 13, 10, -15, -2, 1, 2, -18, 6, -13, -12, 0, 9, 5, -24, 13, 2, 15, 18, 11, 5, 11, 2, -18, -4, -2, -1, 1, -11, 0, -4, -5, 12, 4, -17, -9, -7, 9, 8, -8, -6, 12, -9, 16, -10, -11, -12, 4, 11, -24, 5, -26, -13, -1, -5, -4, -10, 6, -15, 12, 10, 8, 10, 24, 8]
[-9, -5, -10, -4, 0, 6, -8, 4, 9, -4, 15, -2, -1, -16, 14, 0, -13, -11, -11, -11, -9, 6, 12, 17, -3, -4, -18, 9, 8, -5, -4, -1, -10, 0, 7, 10, 13, 2, -7, 14, -4, 15, 6, 1, 10, 10, -8, 14, 16, 1, -3, -4, 2, 0, -16, -16, -13, -3, -26, 1, -13, 6, -13, -5, 11, 1, 19, 16, -7, -5, -9, -4, -10, 0, -2, 12, -6, -9, 4, -13, 0, 7, -9, 6, -8, 5, -3, -12, 14, -1, 0, -20, 3, -23, -9, -10, -4, 4, 5, -1]
[-26, -5, 11, 13, -9, -4, -4, 1, 6, 15, -6, -6, -2, 9, 1, 10, 16, -4, 23, 5, 4, 0, -11, -12, -11, -6, 1, -12, -5, 17, -12, 7, 4, 10, 2, 9, 5, 9, -5, 9, 6, -10, 9, 13, -9, -5, 22, 2, -11, 14, -5, -5, 1, 18, -2, -7, -11, -20, 4, -8, 15, -2, 3, 5, -15, 1, 1, -26, -3, -6, -13, 11, 13, -16, -11, 10, -4, 1, -17, 10, 0, -6, -14, -2, 28, -2, 22, -1, -3, 4, -15, 7, -2, 1, 7, -7, 15, 7, -8, 0]
[24, -17, 9, -17, 21, 3, 18, 6, -6, -2, -5, -10, -5, -24, 0, 0, -1, -19, -31, -11, 16, 8, -6, 5, 7, -4, 4, -1, 10, -19, 2, -1, 16, -2, 10, -9, -27, -30, 1, -3, -12, 15, -12, -4, 2, -3, -13, 2, 13, -11, 24, 4, -13, -2, 2, 0, 1, 18, -3, 7, 1, 7, 3, -16, 8, -8, 6, 10, -15, 6, 9, -9, -10, 11, -1, 6, -3, 11, 13, -2, 5, 6, -1, 9, -23, -10, -9, 20, 8, 6, 2, 0, -3, -4, 3, -25, 7, 12, -2, 6]
[-1, 27, -5, 7, -9, -2, 7, 6, -1, 2, 26, 17, -8, -5, -7, 0, -4, 13, 5, 2, -6, -4, -8, 7, -9, 12, -1, -7, -7, 2, 7, 5, -6, -15, 1, -2, 16, 14, -21, -23, -10, -6, 6, 14, -6, -3, -1, 18, -1, -8, 2, 0, 13, -11, 0, 1, 5, 0, 1, -11, -6, -6, -12, 10, -11, 10, -18, 0, 3, -2, 9, 17, 12, 13, -15, -5, 18, -14, 4, 3, -17, 9, 15, 1, 0, 13, -11, -6, -9, -4, 15, 2, -3, -4, -17, 13, 14, -15, 10, -6]
[-4, -16, -17, -5, 18, -4, 3, 9, 1, -3, 11, -11, 21, -8, -3, -15, -3, -16, -10, -22, 11, 4, 5, -1, 21, 12, -2, 13, 9, 7, -4, -3, 4, -6, 8, 6, -23, -8, 3, -11, -1, 7, 3, -2, 30, -2, 12, 1, 7, 4, 2, -10, 1, 4, 2, -7, 12, -2, -17, 14, 8, -3, 1, -4, 21, 3, 13, 15, 7, -3, 8, -15, -11, 17, -2, -3, 12, -6, 21, -14, 14, 0, 10, -11, -22, 1, 2, 5, -11, -1, 0, -12, 8, -2, -7, -4, 6, 3, 12, -1]
[-16, -3, 0, 4, -4, -7, -7, 9, 11, 7, 3, 2, 13, -16, -15, -3, -11, 13, 1, -20, 8, 9, -12, -4, -6, 6, 6, 12, 23, 12, -7, 7, -10, 0, -8, 27, 2, 11, -2, 4, 9, -17, 14, 19, 9, 0, 10, -11, -4, 30, 3, 1, -4, 7, 6, -20, 2, -12, -19, 12, -1, -11, 4, -6, 10, 13, 2, -8, -1, -9, 8, -6, 8, 2, 2, 0, -15, 2, 6, -14, -2, -11, -10, -7, 3, 1, -5, -10, -10, 5, -11, -31, -8, -3, -8, 24, -14, 7, 7, -5]
[-6, -11, 13, 3, -21, -6, 19, -3, -11, 16, -1, 4, 0, 8, 1, 9, -10, -12, 20, 0, -4, 14, -8, 2, -17, -3, 15, -10, 7, 6, 13, 8, 13, -12, -15, -9, -4, 4, -13, 12, 3, -4, 0, 15, -7, -7, 2, -2, -18, -12, 8, 3, -6, -8, 14, 3, -20, -8, -2, -9, 3, 2, 1, 2, -5, 8, -3, -18, -27, 0, -4, 7, 4, -15, -10, 8, 0, 2, 2, 19, -6, 24, -5, 4, -16, 8, 3, 17, 3, 4, -1, 11, -18, -9, 6, -11, 19, 9, 2, 7]
[-6, 26, 5, 1, 15, 9, 16, -2, 11, 8, -11, -13, -7, 10, -7, -5, -8, 7, -11, -19, -3, -13, -18, 19, 6, 0, -14, 12, -2, -2, -1, 8, -6, 8, -1, 7, 15, 0, -7, -1, 13, 2, 19, -4, 8, -10, -17, 15, -2, 4, -7, -4, -4, -7, 1, 1, 4, 15, 4, 6, -13, -8, -10, 0, 3, 2, -8, 17, 14, 28, 8, 15, -7, 9, -3, 3, -18, 16, 8, -12, -5, 9, 5, 11, 14, 7, -3, 1, -3, 5, 17, -3, -8, 5, -30, -16, -5, 4, 2, -3]
[14, 6, -3, 9, -9, -10, -4, -3, 5, -12, -1, 8, -21, -5, 6, 9, 2, 32, 1, -16, -11, 7, 17, -7, -7, 18, 0, 4, 16, 4, 4, 1, 0, -8, 5, -11, -8, 4, -3, -2, -6, -19, -4, 12, -30, -6, -21, -12, -4, 8, 10, 16, -24, 10, 14, 5, 10, -14, -2, -1, -10, 13, -6, 1, -2, -16, 8, -36, -4, -8, 13, -5, 6, -1, -19, 10, -5, 9, 0, 0, -12, -2, 7, 0, 7, -2, 3, -13, 4, 11, -2, 11, -17, -6, -6, 41, -38, 18, -12, -13]
[-2, -2, -6, -5, -22, -13, 2, -14, -4, -6, 10, 13, 7, 4, 2, -14, -3, 18, 22, 5, -3, -17, 5, -12, -11, 4, 5, 3, 1, 3, 16, -3, -6, 5, -1, 10, 13, 22, -15, 4, -4, -6, -24, 5, 0, -3, 9, 10, -5, -2, -3, -6, 15, 2, -2, -2, 4, -8, 11, -19, -10, -5, 4, 34, 6, -11, -15, 28, 14, 7, 8, 1, 12, -6, -10, -5, 12, -21, -6, 12, 11, -1, 9, -13, -14, 14, -5, -14, 10, -4, -6, -9, 14, 12, 7, 11, -2, -13, 14, 10]
[-14, -4, -3, 7, 20, 11, 4, -7, 9, 0, -21, -2, 7, -7, -13, 1, -2, -23, -14, -3, -4, 17, -9, -16, -4, 8, 3, 6, 18, 4, -7, 3, -1, -19, 14, -16, -21, -13, 11, 14, 1, -4, 10, 8, 1, 7, 6, -1, -12, 17, 4, -5, -21, -23, -4, -14, -13, 8, -13, 12, 12, -1, -1, -14, 4, 9, 9, -38, -17, 1, 5, -23, -17, -15, 5, 12, -18, 10, 8, -9, 1, 11, -22, -2, -3, -7, 20, 9, 1, 5, -4, -15, -20, -2, -1, 5, -12, 6, -7, -11]
[14, 19, 8, 0, 9, 13, -5, -3, 4, -8, 3, -1, -6, -9, -3, -7, 20, 13, -4, -2, 10, -13, 4, 4, 11, -5, 2, -11, -27, 9, -9, 13, 12, -9, 13, -34, -9, 4, -10, -18, 11, 5, -19, 6, -5, 16, -10, 3, -1, -6, -8, -3, 0, 8, -6, 9, 24, 2, 6, -1, 0, 6, -5, -5, 5, -2, 8, -18, -8, -5, -2, 4, 3, 2, -5, -11, 15, 6, 10, -4, -10, 2, 5, -4, 3, -10, 8, 6, -5, -9, 0, 8, 10, -4, -4, -7, 9, 13, 1, -15]
[-13, -12, -29, 12, 13, -1, -5, -1, 0, -7, -2, -5, 0, 12, -9, -5, 10, -16, 11, 4, 17, 5, -14, -18, 0, -3, -9, 0, 11, 13, -17, -15, -3, 4, 8, -6, -18, -9, 19, 12, 1, -15, 18, -3, -2, 0, 24, -8, 0, 28, -11, 25, 1, -3, -18, -3, -17, 0, 1, 0, 10, -17, 7, 6, -11, 10, -10, -34, 10, -5, 8, -17, -12, -5, 6, -2, -1, -4, -12, 1, -20, 2, -7, -11, 8, 2, 0, -6, -2, -7, 9, -2, -15, 13, -3, 21, -4, -23, -4, 2]
[2, -8, -4, -3, -10, -4, -2, -4, 1, -5, -1, -9, 3, 11, 3, 1, -15, -6, -33, -6, -13, 25, 17, 8, -1, -3, 0, 8, 1, 1, 8, -5, -6, 1, -15, -13, -5, -19, 12, 3, 3, 13, 13, 0, 7, 0, -19, -4, 14, -9, 1, -10, -1, -9, 10, -1, 4, 3, -10, 8, -4, -1, 3, -22, 1, 8, 1, 5, -5, -15, 5, -18, 8, -7, 9, -11, 1, 1, -1, -19, 7, -4, 8, -2, -1, 0, 8, -7, -3, -7, 9, -14, 5, -4, -5, 4, -12, 6, -3, -1]
[-16, -5, -4, -4, 24, 2, -3, 7, -15, -4, 13, -2, -9, -19, 2, 0, 3, -1, -5, 12, 27, -7, 4, -2, 14, -16, -15, -21, 22, 3, -23, 3, 2, 3, 2, 8, -10, 2, -4, 6, -12, 0, 14, 16, 6, 13, -12, -10, 22, 19, -3, 21, -6, 13, -24, -17, -2, 4, -4, 1, -4, -2, 0, -6, -12, -7, 18, -9, -25, -16, -13, 3, -14, 5, 3, 7, -8, 20, 1, 0, -10, -1, -9, 0, -2, -13, -6, -2, 11, -2, -1, -3, -4, -4, 8, -4, -2, -9, -11, -11]
[2, -2, -7, 4, 17, -9, -8, -7, -9, 0, -14, 9, -9, 6, -5, -4, -7, 7, -5, 12, -26, -3, 10, -5, -4, 2, 5, 10, 6, 6, 16, 1, 1, -13, -1, -4, -13, 23, -12, 5, -10, -5, -17, -14, 12, 11, -15, 17, -1, -2, -1, -27, 2, -20, -9, 2, 19, 12, 6, -2, -5, 2, -4, 4, 2, -2, 12, -1, 9, 2, -13, -2, -11, 2, 3, 1, -13, -4, 28, -2, 18, -3, 11, 7, -8, -18, 9, -6, 2, 17, 2, 8, 4, 0, 21, 9, -7, -9, -5, -4]
[2, -5, 15, -9, -3, -7, -3, -19, 2, 4, -28, 7, -3, -10, -11, 2, -22, -1, -22, 2, -19, 10, -22, -5, -19, -14, 18, 3, 15, 9, 2, -5, 0, -12, -6, -7, -11, -16, 3, 9, 2, 17, -1, -8, -12, 12, -17, 1, -16, 13, 12, -13, -16, -9, 4, 8, 4, 16, 10, 11, 7, 2, 4, -4, -4, 4, -10, -19, -9, 3, 22, 4, 15, -7, 5, -10, -13, 1, -1, 10, 18, -1, 10, -7, 6, -10, 0, 7, -17, 0, -26, -7, 5, 11, 12, -10, -10, -5, -10, -6]
[2, 1, 10, 0, -19, 14, 25, -9, -1, 1, -7, -10, 9, 6, 4, -17, 7, 4, 1, -16, 10, -8, 0, 4, -17, -8, 11, -5, -2, 11, -15, 19, 3, -8, 1, -7, -3, -10, -8, -6, 7, -7, -8, 19, 10, -5, 19, -24, 19, 7, -7, -10, 13, 0, 11, -2, -16, -5, 12, -12, -13, -5, 14, 3, 19, -8, 23, 11, -7, 13, 4, -1, 6, -7, -1, 5, 12, 7, -6, -6, -6, 7, -18, 10, 8, -2, 16, 13, 21, -15, 12, 6, -6, 17, -16, -23, 9, 21, -9, -2]
[-22, 4, -23, -1, -5, 6, -12, -17, -13, -7, -13, -8, -10, 17, -1, -1, 5, -17, 1, -6, -10, 4, 11, 8, 6, -10, -5, 0, 22, 2, -1, 9, 6, 11, -6, -14, 11, 10, -5, 21, -12, -3, 33, -4, -9, -8, -20, -3, -5, 22, -1, 3, -16, -18, 13, 6, -7, 4, -9, 8, 4, -8, 0, -1, -10, 7, 3, -39, -11, -8, 1, -12, -6, -29, 3, -7, -13, 9, 3, -10, 4, 15, 3, 12, 3, 11, 11, 2, -14, -2, -10, 1, -1, -3, 1, 18, -21, 0, -3, -17]
[22, -4, -12, -4, -10, -3, -7, -1, -9, -13, -10, -11, -2, -5, 11, 10, 10, 7, -6, 5, -8, 4, 12, -12, 15, -1, -3, 7, 8, -4, -4, -8, -9, 27, 13, 6, 15, -20, 4, -5, -30, 4, 5, -17, -22, -6, -1, 13, -2, 16, 10, -12, -13, -10, -7, 7, 6, -10, -11, -10, 2, -13, 10, 8, -15, 9, -20, 8, 34, -14, 10, -26, 2, -5, -2, -11, -17, -9, -3, -14, 1, -37, 8, -6, 7, 12, 17, -4, -13, 8, -2, -26, 17, -11, 2, 24, -27, 6, -5, -17]
[14, 15, 18, -10, 0, 7, -24, -13, 7, 6, -18, 17, -14, 7, -18, -10, 14, 17, -7, 32, -28, -4, 5, 6, -2, -20, 16, 4, -19, -19, -1, -6, 11, 1, 4, -20, 7, 4, 7, 2, 15, 4, -20, -30, -4, 21, -15, 10, 0, -6, -6, -11, 10, -11, 12, 9, 20, 6, 20, 0, 15, 5, -17, 3, -12, -8, -3, -4, -11, 12, 3, 10, 21, -26, 25, -15, -10, -13, -16, 11, 20, -8, 9, 14, 24, -9, -1, -14, -3, 5, -10, 14, 18, 11, 3, -6, -2, -12, 5, -5]
[5, -10, 3, -1, 12, 7, -21, 14, 13, -2, 10, -23, 6, -1, 2, -15, 21, -23, 6, -15, -16, -12, 27, 27, 1, -2, 1, -3, -15, 1, -2, 9, 20, 15, 0, -14, -5, -27, 4, 11, 14, 10, -10, -19, 9, 4, 10, 16, 13, -6, 6, -6, 8, 23, 13, 5, 0, -5, -17, 7, 11, 0, -13, 3, 12, -4, 24, -4, 1, -10, -6, 4, -2, -2, -4, 8, 1, -15, 3, -10, -6, -7, 5, 13, 3, 7, 7, -11, -4, 2, -8, 14, 7, -5, -16, -16, 12, 7, 18, 1]
[16, -7, 12, 5, -12, 4, -3, -12, 11, -3, 11, -9, -1, -10, -5, -5, -13, 11, 0, -12, -4, -14, 10, -3, 22, -3, 1, -1, 12, -6, -26, 17, 10, 28, 12, -11, -6, -30, 3, 10, 8, 21, -9, -9, 3, -13, -16, 17, 3, -9, 22, 2, -19, 15, 25, 12, 3, -9, -22, -16, -16, -1, 10, -9, -15, -8, -9, -9, -11, -15, 5, -8, 17, 7, -7, -6, -10, 2, -5, -12, 5, -7, 36, -7, 3, 27, 7, -9, -19, -16, -14, -13, -5, -10, -9, 6, -15, 24, 11, -20]
[15, 11, -1, 19, -2, -9, -3, 14, 1, 20, -2, 22, -6, 5, -10, 0, 20, 0, 14, 1, 15, -7, -21, -19, -12, 4, 3, 16, -16, -11, 11, -9, 5, 10, 12, -10, -9, 27, -13, -8, 6, -11, -16, 12, 3, -13, 6, 2, -7, -16, 10, -13, 8, 1, 2, 1, 9, -1, -3, 3, 0, -1, 6, -5, -7, -19, -2, 11, 8, 5, 17, -3, 20, 11, 7, 9, 13, -30, 3, 12, -11, 7, 16, 3, 18, 0, -16, -22, 14, 3, 1, 8, -17, 25, 3, -8, 38, 4, 14, 6]
[5, 5, -24, -18, 5, -11, -6, -5, 12, -9, 1, -9, 11, 22, 14, -9, -17, -4, 11, -22, -23, -5, 33, 15, 20, 15, -10, 6, 13, 8, 20, -2, 10, -9, -10, -1, -1, 6, 11, 8, 2, -9, 12, -12, 7, 4, -8, 12, -17, 17, -1, -5, -2, 4, 5, 0, -6, -10, -19, 37, 4, 2, -26, 21, 13, 16, 7, 8, 11, 19, 1, -9, -13, -9, -15, -8, 8, -17, 17, 4, 4, 12, 19, -9, -8, 20, 11, -10, -10, 30, -6, 8, 0, -12, -10, -14, -20, -4, 12, 6]
[5, 12, 10, -5, -10, 9, 2, 1, 6, -9, 3, -19, 11, 15, -3, 0, -12, -1, -10, -26, 12, -15, -1, -10, 21, -2, -13, -16, 11, 4, -13, 17, 7, -2, -18, -8, -6, -20, 27, -38, -8, -9, 19, -9, -13, 6, 24, -6, 10, 12, -12, 2, 1, -7, 8, 2, -6, 10, 12, -1, 5, -13, 3, 15, -17, 14, -3, -7, -15, 15, 10, 2, 1, 13, -4, -21, 18, -1, -6, -16, -3, 5, 7, 7, 23, 21, 22, 10, -22, -5, 15, 10, -15, 15, -24, 4, 29, -4, -13, -14]
[0, -13, 3, 10, -16, -21, 14, -1, -8, 19, 22, 4, 2, 15, 1, 4, 7, 14, -1, -4, 21, 24, 18, 6, 0, 0, 19, 5, 11, -15, 18, 8, 16, 20, -22, -9, -20, -2, -5, -5, -8, -7, -6, 27, 26, -17, -26, -27, -26, -29, 24, -2, -8, 10, 16, 1, 13, -4, -12, -14, -17, 5, 14, -18, -1, 1, 4, 2, -23, -10, 21, -14, 7, -4, 5, -24, 2, 3, 17, -4, 5, 15, 17, 2, -9, -5, 2, -3, 13, -13, 10, 17, -22, 12, 2, -6, -17, 21, 17, -11]
[-19, 5, -11, 12, 2, -10, -11, 2, 10, -3, 38, 12, 4, 6, -2, -5, -8, 1, 11, 18, -6, -2, 9, -2, -10, 4, -27, -10, -6, 11, -3, -2, 8, -7, -5, -11, 16, -7, 11, 20, 19, 11, -2, 7, -11, 3, 4, 32, -11, -20, -5, -2, 19, 27, -23, -11, -19, 3, -17, -10, -18, -5, -16, 3, -17, 8, -9, -1, -14, -4, -2, 1, 5, -12, -13, 6, 15, -24, -12, 7, -16, 11, -4, -2, 9, 24, 3, -19, 0, -6, 13, -5, -26, -3, -4, -14, -8, -12, 18, -3]
[-5, 6, -8, -2, -8, -1, -5, 0, 6, -3, 4, 0, 0, 17, 11, 5, 4, 5, 19, 1, -8, 2, 5, 0, 11, 9, -10, 7, -11, -18, 11, -15, 11, 7, 8, 13, 23, 12, 10, 2, 16, 10, 5, -17, -17, -17, 0, 1, -20, -2, -12, 28, 3, 3, 14, 23, -11, 5, 2, -6, 9, -25, -1, -19, 1, -18, -7, 1, 13, 28, 19, -3, -15, -2, 1, 5, 0, -2, -11, 17, 19, -1, 4, -6, -36, 31, -10, 16, -6, -1, -13, 9, -5, 4, -4, -4, -32, -4, 23, 7]
[-18, -2, -4, 11, -8, -16, -19, -20, 13, 2, 19, 0, -4, 25, 4, 4, 3, 9, 2, 6, -18, 7, 16, 2, 7, -3, -5, 16, -7, 16, 13, -2, 16, 9, -5, -21, 14, 9, -6, 28, 28, 9, -7, -26, 14, -3, -23, 22, -22, -14, -16, -19, 2, -5, -28, 1, 21, 19, -14, -5, -12, -16, -10, -2, 7, -4, 10, -1, 7, 3, 0, -1, -15, -9, 1, -9, -6, -18, 13, 16, 14, 9, 18, 0, -14, 4, 10, -15, -7, 13, 2, -6, 7, -8, 16, 3, -31, -2, 6, -6]
[-17, 1, 10, 24, 11, -11, 9, -1, 13, 22, -18, -24, 2, 20, 8, -11, -8, -10, 17, -13, -5, 9, -8, -13, 19, 9, -15, 4, 17, 22, -6, -8, 4, 5, 7, -1, -21, 6, -10, 11, 6, -1, 18, 13, 16, 3, -10, 8, -11, 14, -14, -3, -20, -6, 21, 6, -5, -29, -20, 2, 28, 3, -14, -4, -10, -9, 8, -8, -7, 4, -21, -7, 15, -16, -9, 13, -12, -1, 6, 13, 17, 3, 4, -1, 9, 2, 33, -16, -2, 13, -8, -5, -12, -14, -7, -27, 21, 27, -13, -11]
[-13, -27, -6, -10, -33, 4, 5, -7, 11, -10, 19, -2, -5, -8, -1, 14, -4, 11, 2, -16, -5, 21, 10, 15, -11, 11, -2, 2, 2, 3, -16, -8, 0, -6, 9, -7, -7, -10, -13, 8, -2, 18, -6, -3, 19, -15, -5, -17, 12, -10, 4, -17, 9, 16, 3, -19, 0, -23, 4, -5, -10, 23, 3, -5, 14, -14, 25, 2, -2, -10, 5, 20, -4, 12, -8, 7, 23, -23, -7, -2, 9, 13, 14, 2, -16, 3, 4, 10, -1, -24, -5, 9, 21, 4, -6, 19, -12, 33, 2, -5]
[-23, -25, 16, 3, 6, -7, -1, -8, 3, -1, -12, 6, 4, 3, -8, -3, -12, 10, -5, -5, -6, 10, 8, -9, 24, -17, 3, 28, 18, 6, -25, -3, -7, -2, 2, 17, -18, -2, 23, -21, 10, 2, 5, -6, 25, -4, 18, -16, -6, -3, -8, -7, -6, 16, 5, 0, -3, 6, 3, -7, 8, 11, 6, -5, -22, -8, 15, -7, -10, -5, 17, 4, 3, 11, 10, -1, -24, 16, -3, -11, 17, -1, 16, -7, 18, -15, 12, -15, -11, -7, -6, 10, -9, 25, -7, 3, 0, -9, -17, -7]
[-29, -2, 3, 5, -7, 2, 24, -18, -4, -4, 14, 10, -4, -14, -14, 2, -15, -3, 8, 16, -9, -1, -9, -7, -34, 4, -1, -13, -9, -6, -25, 1, -10, -13, 18, 10, 9, -16, -2, 3, 7, 27, -16, -5, 30, 6, 13, -5, 7, -7, -18, 7, 13, -24, -12, 1, -25, 7, 6, -34, -14, 13, 14, -8, 11, -20, -9, 8, -4, -6, -10, 16, -8, 3, -9, 33, -9, -7, -27, 10, -10, 9, -6, -4, -32, 10, -12, 17, 14, -26, 9, -6, -6, -1, -12, 1, -10, -13, -3, 0]
[6, 25, 21, -4, -25, 11, -13, -3, 6, 4, 7, -8, 4, 11, -12, -14, 0, 18, -3, -3, 7, -12, -5, 2, 5, -9, 5, -13, -9, 0, 6, 28, 13, 19, -11, -7, 14, 11, -16, -12, 6, -15, 6, 1, -3, 4, 14, 9, 5, 3, 9, 8, 4, -15, 28, -8, 3, -10, -13, -18, -4, -20, -10, -3, 2, 19, -6, -4, -18, 11, -10, 5, 19, -18, 2, -26, -7, 11, 8, -20, 1, -8, -6, 7, -1, 4, 2, 12, -10, -22, 11, -9, 5, -7, 0, 10, -13, 22, 7, -14]
[-21, 0, 7, -15, 16, -11, 8, 2, -4, 10, 0, 3, 4, -8, 7, 0, 7, 11, 16, 6, 9, 12, 15, 10, 14, 3, -16, -2, -1, -10, -9, -17, 8, 4, 7, 19, -18, 16, -16, 11, -7, -17, -8, 12, 40, 16, -8, -6, -3, 9, 0, 7, -1, 7, -2, -30, -12, -30, -4, -6, 1, 10, -18, 17, 6, -7, 26, 26, -14, 8, -5, 6, 2, -25, -8, 8, -3, -12, -10, 22, 15, 19, 6, -3, -8, -6, 19, -2, 14, 11, -6, -8, 5, 12, -18, -9, 4, 13, 1, 8]
[13, -1, -2, 13, -4, 7, -9, 15, 13, -16, -7, -18, 2, 27, 2, -18, 20, -8, 39, -6, -13, -17, 5, 0, -5, 29, 10, -3, -6, 9, 12, -11, 12, 17, 3, -25, -1, 4, -5, 13, 9, -4, -10, -3, 0, -25, 12, 4, 3, -19, 6, 15, 10, -14, 35, 22, -12, -7, -9, 5, 17, -5, -15, 6, -8, -21, 11, -13, 24, 3, -12, 2, -9, 10, 6, 5, 10, -21, 6, 21, -11, -18, 16, 12, -24, 19, 11, -5, 1, -10, -1, 6, 5, 3, 4, 23, -4, 21, 8, 7]
[7, -21, -18, -8, 1, -17, 14, -4, 7, -1, 4, 5, -22, -6, 1, -6, 10, 18, 10, -6, 3, 3, -6, 0, -12, 20, 3, -7, 21, 3, -14, 9, 14, -5, -6, 23, 12, 21, -11, 4, -22, -23, 2, -12, -16, -6, 13, 8, 14, 8, -7, -2, 7, -5, 6, -9, 0, 1, 18, -2, 9, 0, -8, 31, -4, 7, 10, -23, 9, -9, -14, -11, -1, -2, -16, -11, 16, 9, 5, 12, -1, -4, 12, 16, 8, -11, -7, 3, -5, 26, 3, 16, -9, -3, 2, 23, -1, 5, -20, 7]
[-10, 3, 21, 29, 0, 5, -12, -4, 1, 4, 9, 5, -7, 11, -5, 10, 8, 16, 14, 0, 14, -11, 10, 1, 15, 1, 0, -21, -5, 0, -17, -4, 13, 15, -2, -7, 2, 12, 0, -19, 7, 6, -10, -12, 1, 9, -16, -11, 11, -18, -18, 8, 5, 14, 3, 12, 30, 5, 25, -5, 1, 14, 2, -1, -9, -34, 9, 2, -8, 0, -27, 17, 0, 14, 8, -6, 17, 6, -11, 13, 22, -2, -7, 22, 18, 2, 12, 4, -4, -13, -2, 27, 14, -18, 20, 13, 16, 12, -6, -14]
[-10, 21, 16, -24, -9, 6, -8, -22, -2, 0, 6, -4, -20, 5, -5, -17, 19, 14, 9, 6, 7, -23, -8, -5, 9, -20, -1, -1, -7, -5, 7, 1, 2, 7, 13, -14, 2, 7, -19, -10, -24, -21, -2, 4, 7, 18, 11, -14, -15, 7, 8, 9, 12, 0, -15, -3, 14, 12, -4, -19, 8, 9, -12, 18, -4, 2, 8, -4, 4, 8, -4, 12, 15, -20, -14, -26, 7, -16, 1, 21, -14, 12, 10, 17, 11, -10, -9, -11, 9, -9, 8, 1, 18, 25, 12, -15, 21, -14, 3, 6]
[6, 22, 7, -6, 2, 16, -7, 4, 15, -15, -3, 11, -31, -12, -23, -17, 18, 18, 4, 11, -5, -10, 3, 14, -13, -5, 0, 2, -4, -10, -14, 3, 9, -3, 8, -24, 22, 14, -14, 7, 6, 5, -8, 6, 8, 3, -5, 15, 17, -12, 4, -8, 21, 1, -4, -24, -1, 10, -15, 5, -5, 12, -9, -20, -11, 12, 12, -5, 13, -25, -29, -6, 6, -24, 4, 5, -6, -14, -3, 1, -30, -11, -2, 26, 9, -12, -5, -2, 9, -5, 6, -16, 5, -8, 9, -17, -3, 25, 4, -13]
[-16, -6, 8, -14, 2, 4, -10, 7, -5, -12, -3, -12, 21, -14, -2, -21, 0, -3, -12, 7, -5, 11, -15, 3, 4, -2, -9, 6, 8, 7, -29, -9, -18, -26, 3, -6, 15, -13, 4, 4, -6, 12, 12, -7, -13, 25, -7, 0, -9, 16, -16, -23, 11, -4, -15, -9, -11, -3, -8, 18, 28, 9, -4, -10, 3, 15, 15, 9, -5, 5, -6, 13, 4, 4, 20, -12, 5, -16, 4, 5, 7, -2, -33, 5, -2, -2, 3, -2, -12, -6, 7, -26, 3, 11, 9, -8, -5, -1, -6, -10]
[-2, -24, 6, 11, -20, 11, -3, -3, 6, -4, 20, -3, 16, 1, -5, -20, 14, 3, 13, 3, 21, -9, 10, -16, 0, 14, 4, 5, 9, -15, -11, 10, -2, 23, -8, 11, 5, -3, 10, -2, -8, 1, -15, -5, 0, -11, 31, -19, 18, -33, 3, -13, 15, -3, 29, -13, -4, 2, 3, -28, -9, -4, 15, 7, -15, -2, 6, 8, -8, -18, -10, -25, 20, -5, -2, -15, 20, 0, -12, -11, 26, -24, 1, 5, 0, -3, 10, 5, 0, -17, 1, -9, -1, 12, -2, 24, 34, 28, 0, 2]
[-34, -14, -14, -9, -3, -13, 4, -7, -5, 0, 2, 1, 17, 21, -8, -5, -19, -18, -2, -10, -16, -10, 12, -9, -22, -12, 15, 0, 14, -11, 0, 5, 2, 0, 1, 27, 28, 9, 10, 0, -3, 1, 23, 13, 19, 2, 6, -9, 12, 21, -3, 11, 13, 9, 19, -21, -12, 0, -19, 20, -1, 3, -6, 16, 9, 2, 23, 8, -8, 2, 2, -11, 1, -22, 9, -7, -15, 17, -10, -2, -5, -5, -11, 17, -6, 4, -6, -1, 5, -18, -11, -12, 14, 12, 16, 10, -9, -5, -11, 11]
[17, 4, 0, -24, -26, 35, -7, 4, 30, -1, -10, -7, -6, 19, 2, 20, -3, 4, 14, -5, 3, 3, -7, 7, 1, 5, 4, 11, -21, -7, 16, -13, -5, 14, -6, -14, 16, 0, -9, 29, 18, -17, -13, -3, -9, -10, 2, 10, -5, -22, 4, 9, 12, 1, -9, 9, -9, -2, -14, 2, -16, 4, -12, -5, 3, 12, -8, -15, -2, 9, -27, 10, -12, -3, -12, -16, 18, -9, 5, 9, -19, 12, -4, 4, 2, 7, 13, 2, 14, 12, 1, -11, 3, -23, -1, -15, 17, 26, 12, 26]
[0, 7, -3, 6, 4, 1, -9, 12, 12, 2, 23, -13, 4, 1, 20, 4, -1, -8, -1, 2, -19, -2, -8, -1, 10, 17, -8, 6, -6, -1, -5, 7, -11, 3, 31, -3, 3, -15, 5, 8, -10, -3, 7, -19, 1, 3, 6, 24, -21, 20, -8, -26, 1, 6, -10, -14, -9, -24, -7, -9, 14, -1, -19, 33, 8, 4, 8, 3, 16, 14, -8, 15, -13, 0, -24, -2, 0, -32, 7, 18, 14, 19, -6, -3, 8, -6, 32, -10, -3, 9, -8, 10, -13, -4, -2, -13, 15, -7, 17, 2]
[1, -5, 1, -1, 12, 4, -22, 15, -3, -7, -7, -24, 11, 22, -5, -10, 13, -9, 24, -1, -11, -2, 4, 26, 18, 8, -9, 4, -8, 12, 9, -20, -10, -6, -18, 0, 1, 3, 5, 16, -3, -10, 7, -16, 25, 0, 4, -9, -24, -8, -6, -13, 14, 20, 2, 18, -17, -8, -10, 1, 23, 20, -5, -9, -8, 21, 17, 14, 7, 17, -20, 15, -15, 5, 38, -3, 4, -18, 22, 7, 0, 10, -3, 2, 7, 6, 11, -12, -16, -11, 12, 36, 3, 20, 4, -4, -15, 6, -5, -3]
[-5, -23, 2, -12, -1, -10, -6, -6, -9, 26, -12, -3, -4, -1, 8, -4, 25, 17, -4, 28, 3, 14, -8, 5, -2, -24, 7, 7, -4, 0, -15, 14, 12, 26, 10, 4, 6, 10, -31, 19, 15, -2, -11, -11, 19, 3, 13, 6, -6, 0, -5, -24, 13, -7, -27, -10, 11, -19, -4, -16, 7, -9, -9, 15, 16, 4, 4, 11, -13, 14, -16, -5, 3, -25, -3, -11, -19, 5, 5, -3, 7, -21, -29, 6, 10, -26, 1, 12, 21, 8, 1, -31, 20, -9, 6, -21, -11, -10, 6, 5]
[27, -9, 5, -7, 13, -21, 23, -5, -10, 4, 11, 11, -19, -6, 0, -8, 8, 8, -26, 22, -9, 14, -23, -24, -12, 32, 10, 1, -13, -17, 33, -9, -13, -8, 19, 1, -21, -5, 16, -11, -23, -8, -9, 14, -10, -10, -9, 0, -23, -4, 17, -9, -1, -6, 10, 0, 15, 2, 17, -11, 0, 18, -13, 14, -12, -12, -40, 7, 7, -3, 24, -17, 17, -16, -13, -12, 11, 13, 0, 18, 18, -3, 5, -30, -13, -7, -6, -3, 12, -1, 13, 21, -24, 3, -3, 14, 9, -16, 19, 11]
[-9, 3, 7, -12, -7, 4, 8, -13, 9, -4, -26, 9, 28, -6, 2, 0, 15, -3, 16, 3, 11, -5, -4, -38, -11, 2, 9, -8, -13, 12, -41, 6, -3, -17, 4, 3, -3, 4, 6, -21, -4, -18, 5, 9, 11, 12, 38, -2, 2, 37, -2, -25, 1, -16, 0, -16, -25, -14, 12, 10, -1, 5, 14, 21, -5, 20, 2, -20, 12, -13, 7, 2, 15, -10, -4, -23, 10, 0, -13, -12, 2, -3, -4, -33, 19, -6, 34, 11, -8, -19, -12, -1, 3, 18, 2, 16, 6, -2, -19, -26]
[-7, 18, -3, 18, -29, -2, -3, -12, 21, -5, 8, -1, -16, 15, 27, 2, -11, 10, 16, -7, -11, -20, -16, -5, -8, -16, -25, 26, -9, 28, -19, 9, -15, 6, 12, 3, 23, 8, -17, 16, 22, 2, 9, 2, 14, -12, -6, 1, 2, 7, -21, 5, 8, 28, -27, 24, -4, -13, -5, -16, -20, -7, 11, -16, -5, 0, -2, 17, 33, 2, -4, -6, 27, -1, -15, 8, 0, -18, -33, 1, -22, 3, 23, -4, 24, 11, 1, -31, 0, -4, -2, 6, -7, -8, -10, -33, -20, -16, -18, -4]
[-21, -13, -8, 10, 12, -8, 4, -19, 9, 6, -8, 19, 13, 2, -16, -1, -8, 9, 1, -3, -18, 5, 2, -22, -10, -3, 3, 19, 34, 12, -10, -15, -3, -15, 8, 19, -1, 2, -6, 3, 9, -16, -6, -3, 9, 10, -2, -11, 23, 21, -11, -12, 2, -23, -14, -12, 17, 6, 18, -9, 6, -16, 2, 13, 17, -14, 6, 2, 4, 7, 19, 5, -4, 7, 4, 15, -13, -5, 7, -5, 27, 1, -7, 11, 14, 4, -6, -11, 16, 8, 9, 1, -3, 4, -11, 8, -24, -33, -8, -13]
[-23, -9, 0, -5, 2, 14, -20, 1, -17, -23, 12, -7, -5, -12, -8, 22, 12, -19, -21, 24, 7, -12, 8, -7, 11, -8, 5, -10, -1, -7, -16, 4, 2, 10, 7, 4, 12, -29, 5, -9, -6, 13, 10, -9, -12, -3, 7, -2, 6, 3, 9, -7, -6, 10, -24, -9, 6, 24, -17, -6, 4, -21, 4, -4, -10, -19, -7, -11, -8, -27, -6, 3, -23, 5, -23, 9, -23, 12, 8, -16, -29, -26, -27, -3, -16, -20, 2, 4, -8, -6, -5, -20, 4, -2, 3, 31, -17, -3, 2, -15]
[-7, -2, 8, -15, -6, 18, -12, -16, 21, -18, 13, 15, -12, -15, -15, -14, 11, 17, 2, 12, 8, -4, -7, 9, 10, 12, -8, 22, 16, 2, -5, 1, 7, -9, 17, -18, 9, 5, -15, -24, -3, 6, -15, -8, -6, 21, -5, 0, 13, 5, -3, 1, 10, -24, -25, 4, 20, 13, -18, 16, 12, 8, -26, -23, 8, -9, 6, -1, 23, 5, 5, -10, 5, 6, 0, -9, 11, -8, 9, 11, -15, -10, 10, 20, -14, -8, -36, -27, 12, 5, 7, -4, 14, -14, 7, 12, -38, 3, -8, -5]
[-10, 6, 5, -2, 10, 1, -5, 12, 28, -6, 21, -16, 16, -24, 19, -22, -3, -15, 3, -9, 13, -2, -6, 13, 15, 5, -13, 11, 13, 0, -5, 2, 7, 10, 6, 4, -5, -10, 25, 4, 23, 9, 5, 4, -4, -17, 38, 10, -13, -22, 1, 8, -16, 12, -9, -19, -8, -2, -19, -1, 17, -4, -14, 22, 7, -4, -2, 25, -13, 8, 19, 5, -18, 9, 12, 2, -13, -6, 8, -10, 6, 11, -12, 7, 6, 8, -20, -13, 0, -16, 6, -16, -8, 1, -24, -27, 32, 4, 29, 13]
[8, 14, 6, -6, 1, 3, -5, 4, -6, 10, -22, -11, 2, 24, -5, -2, -5, 18, -1, 9, -13, -7, 5, -3, -4, 2, -1, -1, -19, 24, -22, 2, 13, 21, -13, -1, 2, -2, 8, -2, 22, -10, 4, -23, 15, 19, 4, -6, 24, -2, -26, -17, 0, 1, 13, 26, 28, 4, 7, 15, 10, 4, -8, -15, 0, -18, 1, -3, 10, -6, -8, -3, 17, 5, 22, -5, -4, 5, -10, -8, 0, -20, 11, 1, 28, 3, 8, -4, -11, 8, 21, 12, 1, -10, -13, -1, -22, 8, 4, -1]
[4, -8, -19, -10, 16, 5, 21, 14, 10, 18, 22, 15, 13, 4, -21, -24, -18, -1, 16, 0, 5, -9, 3, -3, -2, 7, 13, -4, -6, -9, -4, -18, 15, -17, -16, 2, -13, -25, 19, -4, 23, 16, -3, -19, 10, 13, 4, -12, 2, -23, 10, 23, 13, 6, 24, 4, -7, 11, 29, 16, 4, -13, -14, -5, 12, 18, -2, -6, -9, 6, 7, 15, -14, 17, 7, 2, 3, 5, -5, 7, 2, 10, 9, -19, -28, -7, -18, 25, -13, 2, 0, 28, -16, 5, -15, -26, 12, -3, 4, -6]
[-14, 9, 2, 13, 6, 10, 11, -9, 23, -4, 7, -4, 11, 1, 14, -20, 0, 15, -20, 19, -4, 13, 25, 15, -9, -3, -5, 17, -6, -16, -2, 21, -9, 22, 3, -13, -1, -22, 25, 13, 18, 19, -20, 7, -16, 2, -20, 16, -11, -17, -6, -3, -1, 9, -3, -21, -4, 0, 14, -9, -18, -5, 16, -6, 10, -7, -3, 16, 6, 1, 18, -9, -5, -18, 15, 12, -32, 21, -3, -23, 9, 13, -12, -15, -6, -13, 10, -16, 9, -9, 14, -10, -2, 9, -17, -5, -13, 12, 19, 20]
[-19, -18, 6, -6, -1, -8, 10, 1, -12, 8, -12, -9, -13, 14, -3, 12, -9, -15, -22, 5, -7, 13, -10, -3, -6, 14, -8, -14, 15, -5, -11, 6, 7, -13, 0, 17, -30, 7, -4, -9, -23, -2, 9, 0, 16, -16, 2, 1, 9, 5, 22, -8, -2, -2, -2, -13, -17, 4, -7, -14, 8, -17, 19, -42, -22, 17, 14, -35, 3, 0, -19, -1, 16, -4, -23, 27, 16, 5, -12, -5, 6, -5, -11, 5, -8, -24, 14, 29, -8, 1, 2, 4, -4, 7, 19, -13, -3, 17, -23, 5]
[22, 16, -15, 13, 7, -9, 8, -13, -10, -3, -13, -3, -30, 12, 7, 1, 16, 5, 0, -8, 15, -1, -7, 19, -1, -22, 6, 1, -10, 1, 4, 2, 13, 9, 5, -5, 4, 24, 19, -12, -11, -20, 3, -9, -5, 15, 4, 0, -20, 28, -18, 9, 1, 15, -12, 3, -5, -10, 27, 6, 14, 14, 0, 48, -11, 2, -3, 0, 6, 5, 4, -10, 4, -7, -9, -7, -5, -12, -6, 12, -18, 18, -5, -3, 50, -15, 10, -21, -2, 14, 2, 37, 8, 10, -6, -14, -1, -12, -15, 7]
[2, 15, -25, -9, 10, 6, -19, 11, -11, -14, -2, -14, -26, -14, -4, 16, 13, 2, -27, 0, -12, 16, 5, 25, -4, 3, -11, 0, -16, -10, 5, -19, -17, -1, 5, -21, 0, -19, 12, 30, 6, 12, 23, -22, -13, 11, -25, 0, 5, 18, -22, -3, -23, -4, -21, 0, 10, 7, -1, -11, 2, -6, -2, -2, -2, 18, -2, -20, 16, -10, 11, -6, -29, -6, 3, 10, -22, 6, 11, -13, -1, -2, -7, -9, 0, -9, -10, 0, -5, 5, 3, -6, 2, 4, -8, 44, -3, -6, 11, -6]
[-2, 1, 11, 0, 4, 7, -2, 9, -12, -12, -7, 9, -5, 4, -29, -8, 0, 1, -2, 9, -13, 13, 13, 26, 1, -13, -1, -9, -3, 5, 6, 2, 3, 7, -13, -11, 13, -6, -10, 17, 26, -2, -8, -25, 2, -12, 5, 28, 17, 5, -9, -3, 23, 0, 5, 9, -7, 13, 22, -2, 9, -19, 14, -6, -14, 5, -16, -4, 20, -14, -8, 20, 4, -8, 13, 11, -1, -9, 7, -3, -4, 11, 10, 5, -1, 16, 6, -7, -5, 5, 8, 4, -3, 13, -22, -7, -7, -26, 8, 20]
[10, 9, -6, -9, 2, 9, 5, 5, 1, 5, 11, 15, 4, 1, 26, -2, -7, -33, -11, 16, 1, 0, -14, 1, 0, -2, 0, 11, 0, -22, -1, -7, 6, -5, 4, -7, -1, -14, 22, -3, -5, 45, -3, -12, -14, 1, -1, 12, 5, -38, 0, 18, -14, -21, 0, 8, -15, 20, 0, -13, -7, 10, 3, -14, 19, 6, -4, 10, -7, -7, 24, -2, -5, 24, 11, 12, 2, 8, 9, 6, 6, 31, 22, -9, -21, -14, -39, 19, -1, -29, 3, 21, -9, -4, 14, -27, 19, -4, 2, 7]
[-1, -20, -5, 5, -13, -16, -8, -24, 1, -5, -4, -4, -6, -22, -7, -35, 1, -1, -6, -17, -10, -5, -8, 11, -26, -12, 26, 10, 8, 14, -27, 22, -16, 14, 21, 4, -2, -13, -18, 20, 2, -12, -3, 8, 33, -5, -2, -19, -7, 15, 19, -30, 12, -6, 4, 5, -24, -15, -21, 8, -5, 2, 6, -2, 11, 7, -2, 13, -6, 2, 8, 0, 26, -7, 15, -13, -9, -13, -7, 5, 0, 0, -15, -6, 10, 2, -6, -25, 5, 0, -2, -11, -13, -6, -1, -7, -22, -1, 2, -5]
[-11, -2, -9, -38, 9, 15, 12, -9, -4, 12, -3, -7, -27, -18, 4, -21, 17, -2, -10, 8, 4, 1, -8, 1, -12, -5, 5, -4, 1, 7, -21, 0, 5, 1, 31, -9, -28, -25, -2, -10, -16, 1, -3, 7, 10, 5, 0, -15, -15, -1, 43, -1, -1, -14, -21, 11, -2, 6, 11, -7, -4, -4, -1, -24, -2, 14, -18, -34, 1, -5, 17, 6, 23, 16, -5, -3, 3, 14, -12, 7, -11, -10, 15, -20, 14, -12, 1, 21, -8, -9, 20, 4, 14, 15, -17, -14, 6, 4, 0, 7]
[7, 12, 1, 13, 14, 1, -20, 2, 18, 10, -6, 13, -14, -22, -2, -7, -26, 0, -6, 14, -4, 0, -5, -6, -22, 8, 6, -1, 12, -10, 2, -7, 2, 10, 2, 10, -22, 0, 6, 24, 12, -8, -1, 6, 8, -12, -1, -3, 13, 7, 25, 18, 2, 6, 7, -1, -22, 7, -7, 10, -17, 5, 0, -40, 1, -16, 5, -6, 5, -3, -5, -7, 7, 12, 14, 2, -11, 5, 8, -5, 10, -14, -1, 15, 8, -20, -11, -12, 28, -20, -14, 6, -12, -4, 30, 4, -25, -4, 7, -3]
[-2, -11, 9, -8, 18, -8, -2, 15, 3, 22, 23, -16, 9, 12, -2, -6, 20, 8, 1, -1, 15, 3, 9, 10, -1, 10, -5, 11, -9, 23, 23, -7, 8, 25, -10, -26, -15, -11, 8, 28, 40, 4, -22, 26, -7, -20, -16, 3, -15, -18, 1, -9, 21, 28, -20, -2, 6, 12, -1, -16, -13, -18, -1, -17, 10, -5, 5, -2, -12, 4, -1, 16, -4, -1, 4, 6, 11, -12, 23, 4, 1, 11, -3, 10, -10, 11, 20, -24, 7, -4, 10, -2, -8, -6, -5, -12, 4, 3, 25, 15]
[-12, 28, 28, 28, -17, 0, 7, -36, 19, 11, 4, 2, -1, 4, 5, 6, -22, 11, -12, 9, -11, 19, 4, -14, 3, 0, -4, -6, -1, -26, -2, -3, -15, 4, 20, 16, 3, 7, -11, 9, -6, -3, 14, 29, 11, -11, 7, -3, -19, -24, 10, -20, -5, -20, 2, -11, -15, 6, -39, -20, 6, 11, -3, -20, -9, -4, -12, 21, -24, 4, 3, 5, 11, 5, -25, 6, -11, -10, -8, 22, 16, 4, 10, -21, 7, 8, -12, -13, 7, -13, 13, -20, -16, 9, 8, -30, -7, 4, 14, -4]
[3, -18, 6, -4, 14, -5, 9, 33, -9, -4, 7, -24, 15, -9, 8, 6, 25, -40, -9, -20, 24, 4, 20, 7, 8, 13, 2, -6, 23, -15, 41, 8, 21, 9, -26, -5, -21, -10, 19, -10, -11, 7, -15, 5, -19, -19, -14, 13, 23, 2, 12, -14, -15, 17, 9, -5, 12, -1, 9, 5, 17, -10, 10, 12, 0, 5, 13, 2, 20, -12, 23, -25, 2, -7, -4, 7, 14, -16, 9, 0, 22, 8, 5, 13, -3, 1, 16, -4, -7, 21, -3, 13, -4, 24, -5, -1, 25, 25, -1, 8]
[-3, -5, -16, 21, 29, -7, 4, 0, 6, -15, 24, -7, -11, -12, 9, -20, 12, -13, -23, -16, -22, -13, 33, 17, 11, 24, -8, 7, 6, 4, 5, 15, -7, -1, 17, -17, -10, -20, 7, -27, 2, 6, 0, 28, -2, -14, -21, -3, 20, -6, -5, 0, 0, 17, 4, 24, 9, 31, -21, 2, 0, 11, -13, -6, -6, -22, 6, -12, 23, -4, 28, -12, 2, 11, -16, 3, 8, 18, 17, -9, -7, -1, 9, 11, 4, 9, -10, -23, 21, -8, 15, 10, -22, 1, -22, 2, -12, -20, 10, 7]
[-2, -9, 10, -14, -13, -1, 2, -16, -2, 23, -1, -5, -13, -7, 9, -20, -1, -7, -9, -28, 13, -12, 14, 16, -10, -24, 25, -15, 7, 18, -12, 29, 5, 3, -8, -5, -14, 7, -3, 1, -5, -2, 17, 9, 22, 16, 14, -33, 20, -2, 3, 10, 5, 23, 8, -4, -4, 9, 16, -2, 18, -11, 14, -18, 2, 22, 7, -24, -26, -5, -11, -8, 26, -6, 10, -5, -5, 7, -19, -15, -7, 15, -14, -1, 2, -19, 4, 0, -4, 0, -5, 4, 20, -9, 7, -14, 14, -12, 6, 24]
[10, -7, -16, 9, 16, 18, -5, 6, 14, 0, -13, -11, 24, 8, -3, -10, 14, 10, 27, -16, 16, -6, -27, 7, 6, 18, -2, 12, -14, -1, -18, -7, -19, 12, -9, 14, 17, 0, 13, 21, 8, -8, 8, -17, 12, -3, 11, -31, -18, 11, -24, 0, 14, 8, 5, 14, -5, -9, 5, 14, 8, 11, 15, 19, 11, 11, 11, 13, 32, -2, -20, 3, -10, 11, 1, -17, 5, -10, 18, -2, -28, -5, 10, 7, -1, 8, 3, -14, -21, -9, -4, -2, -18, 16, -18, 11, 3, 14, -4, 12]
[6, -6, 15, 6, 20, -6, 3, 13, -24, 28, 6, -18, 10, -19, 12, 5, -10, -7, -6, -9, 8, 2, -10, -2, 23, 4, -7, 0, 14, -5, -21, 25, -10, 23, -2, 21, -14, -2, 12, 11, -6, 3, 24, 5, 20, -21, -9, -1, 11, 29, 7, -4, -27, -9, 9, -21, -6, -27, -2, -6, -4, -14, 22, -7, -3, 13, 4, 17, -6, -14, 6, -1, 4, 11, 9, 14, -24, 9, -16, -23, 17, 3, 1, -12, -11, -4, 17, 7, -21, 1, -10, -4, 1, -14, -15, 16, -9, 7, 1, -13]
[5, -19, 8, -20, -5, 2, 6, -14, 5, -4, 7, -16, -3, -20, -9, 3, 8, -10, -23, -9, 3, 10, 10, -7, 19, -23, 18, 13, 19, -14, -1, 0, 0, 15, 12, 2, -3, -35, -6, -15, -21, 26, -6, -2, -6, 21, -19, 9, -8, 8, -3, -4, -9, -6, 3, 7, 5, 5, -11, -20, 4, -4, -6, -17, 8, 9, -27, -16, -15, -12, 2, -9, -6, -5, -11, -12, -27, 11, 12, -17, 24, -9, -15, -11, -17, -2, 15, 3, -8, 1, -22, -25, 1, -7, -1, -4, 0, -2, 14, -6]
[3, -5, 1, -19, -11, -6, 1, 12, 2, 16, 10, 7, -8, -23, -22, 5, -16, -3, -7, -7, -14, 7, -6, -16, -19, 11, 7, 20, 8, -30, 13, -16, 7, -17, -8, 23, 6, -1, -9, -7, 1, 3, 0, -7, 10, 8, -16, 16, -7, 4, 17, -14, -11, -9, -4, -20, 7, 2, -27, -10, -8, 13, -18, -10, 1, 15, -15, 8, -21, 5, 14, 9, -3, -1, -21, 20, -17, -9, 0, 2, 14, 0, -27, -24, -23, 0, -14, 22, 1, 20, 0, -7, -3, -2, -18, 18, -4, 6, 15, -15]
[-4, -10, -13, 8, -2, -23, 3, 3, -6, 21, 11, 21, -3, 23, 21, 19, -1, -9, 16, 4, -17, -8, 1, -27, -23, -5, 1, 26, -1, -12, 1, -8, 1, 2, 5, -6, -14, -28, 14, -20, -13, 8, -5, -18, 14, 6, -6, 1, -24, -21, 6, 20, -26, 10, -12, 15, 2, -3, 1, -10, -23, 2, 0, -13, -12, 2, 10, -10, -7, -4, 10, 10, 3, 18, 9, 8, -7, 2, -31, 12, 14, -6, 19, -6, -5, -9, 8, -1, 0, 1, -13, 16, 8, -18, 14, 0, 3, -19, -33, -7]
[2, -8, 5, -13, 5, -2, 18, 31, -14, -19, 18, -6, 6, -12, -3, -16, -2, 1, -1, -26, -6, -5, 8, 15, 9, 18, -2, 5, 43, 7, -4, 8, 0, 10, -3, 29, -1, -14, -21, 11, -13, -13, -1, 17, 19, -32, -13, 5, 24, 25, 16, -2, -10, 12, 26, -14, 8, -21, -8, 4, -1, 8, -15, 22, 19, -20, -10, 20, -6, -15, 10, 14, -7, 24, -4, 28, 10, 4, 2, -6, 7, -8, 1, 0, -4, 9, 1, 1, -10, 3, 6, -4, -6, 2, -37, 17, -29, -4, 6, -14]
[13, 7, 2, -9, -17, 5, 17, 1, -7, -12, -19, 7, 20, 13, 11, 12, -11, 1, 17, 10, 11, -16, -7, -5, -3, 12, 24, -8, 27, 21, 14, 3, -5, -26, -25, -17, -25, 8, -6, -9, -11, -24, -16, 21, -21, -3, 7, -4, -2, 12, 3, 2, -14, -1, -5, -4, -2, -18, 34, 8, -7, -16, 3, 14, 8, 6, -11, -15, -3, -14, -3, 13, -7, 23, -13, 9, 3, 0, 8, 2, -14, -8, -4, -20, -22, -21, 20, -6, -9, 8, -10, 12, -14, 15, 6, 19, -9, 6, -10, -3]
[27, -27, -27, -10, -8, -21, -8, 2, -14, -9, 6, -11, -13, 12, 14, 5, -29, 11, 8, 5, -16, 12, 25, -23, 11, 3, -19, -2, 39, -6, 0, -7, -10, -7, 0, 11, 7, -20, 13, -9, 1, 25, 18, -18, -36, -23, 1, 15, -1, 7, -14, -6, -10, 18, -8, 2, -14, -23, -9, -14, -3, -1, 12, 6, -21, 6, -14, 9, -6, -3, 16, -18, 7, -4, -20, -7, -10, 8, 9, -15, -11, -14, 40, -39, -10, 10, -3, 4, 2, -11, 9, 11, -1, -5, -12, 2, -15, -10, 1, -12]
[0, 12, -4, 11, 3, 10, -1, -2, -24, -12, -1, 18, -5, -10, 5, 22, -11, 9, 3, 11, -5, 15, 8, 1, -4, -18, 12, 5, 3, 17, -13, -1, -1, -33, 5, -1, 0, 27, -11, -1, 2, -17, -4, 10, 4, 9, -2, 3, 9, 6, -8, 2, 1, 12, -18, 5, -6, 13, -14, 9, -5, -3, 4, -22, 8, -13, 31, -24, -16, -17, -20, -10, -17, 8, 1, -6, 1, 7, 17, 7, -12, 9, -6, -3, -11, -2, 16, 6, -18, 3, -3, -28, -2, -6, 26, 28, -14, -4, 1, 10]
[-18, -5, -22, 10, -22, -16, -7, -17, 12, 1, -7, -5, 1, 6, 4, -9, -20, 14, 3, -7, -29, 2, 11, 5, -16, 6, -2, -3, -7, 3, 12, 0, -1, 19, 9, 37, 24, 18, -14, 6, -6, 7, 22, 4, 7, -13, 22, 1, 2, 36, -3, -24, 21, 3, 5, -7, -7, -13, -6, -3, 12, -15, 2, 18, 7, 8, -10, 10, 39, -23, 8, -13, 7, -11, -12, -10, 6, 11, 17, -6, 7, -16, 6, -5, 22, 9, -6, 0, -8, -22, -26, -8, 5, 0, 1, -6, 11, -1, 1, -3]
[-1, 11, -7, 11, 1, -2, -2, 0, 6, 12, 17, -7, -9, -1, 28, -10, -4, -7, -5, -25, 10, -14, 6, -29, -10, 15, -5, 3, -19, -19, 9, 18, -15, 10, 23, 26, 4, 24, 24, 9, -7, 7, 4, -4, 2, -5, 28, 1, 7, -5, 6, -2, 2, 9, 15, -6, -12, -2, -8, -21, -15, -3, 9, -10, 1, -9, 2, 3, -6, 19, -10, -7, -3, 1, -16, 26, -14, -1, -11, -17, 12, -16, -18, -8, -17, -8, 1, -19, 31, 0, -10, -10, -4, -19, 3, 3, 14, 5, 16, 19]
[-4, -3, -8, -16, -23, -10, 6, 4, -6, 10, 13, -12, -16, 7, 7, 4, 5, 17, -7, 4, -6, 21, 1, -10, 18, 17, -13, 6, 7, 1, 14, -12, -22, -20, -5, 1, 9, 7, 3, 4, -19, -15, 3, -2, 19, -14, 6, -13, -25, -29, 8, -16, 8, -11, 0, 9, 16, 1, 13, -17, 10, 22, -4, 1, -14, 8, -7, 17, 6, 5, -14, -4, 16, 19, -4, -9, 24, -6, 8, -5, 14, -4, 4, -8, -9, 4, 17, 9, -20, 8, 20, 1, 23, -8, 1, 39, -3, -5, -4, 15]
[5, 17, 7, 27, -9, -22, -15, -15, 9, 5, -10, 3, 9, 8, -3, 8, 9, 9, -8, -7, -10, 15, -9, 12, -30, 5, 20, -11, -15, 37, 0, 18, 5, 12, -29, 8, 10, -4, 11, -1, 22, -14, 5, 12, -22, -19, -9, -5, 2, 3, -7, 6, 9, 11, 18, 19, 15, 6, 6, 11, -4, -4, 1, -5, 20, -8, -6, -3, 26, 8, -10, 16, 13, -20, 9, -6, 7, 6, 2, -14, -4, 3, 4, 24, 33, 0, 0, -12, -13, 7, 7, 12, -7, -10, -5, 17, -36, -4, -4, 12]
[-16, -16, 15, -2, -28, -2, 5, 1, 2, 1, -6, 5, 2, 7, -1, 1, -6, 23, 5, 1, -8, 25, 18, 16, -9, -11, 17, 1, -4, 25, 0, -9, -1, -4, -2, -14, -5, 20, -6, 13, 4, -1, -9, 14, 11, 12, 8, -4, 17, 5, -10, -2, 17, 6, -13, -30, 9, -11, 6, 1, -9, 5, -3, 15, 8, -11, 30, 11, 7, -20, -2, 4, -2, 3, -3, 13, -14, -7, -6, 16, -7, -11, -9, -14, -8, -12, 6, -15, 12, 5, -1, -8, 13, 5, 21, 10, 6, 3, 8, 25]
[2, -1, -6, -23, 8, 15, -13, 6, 19, -10, -10, -6, 10, -10, -9, -20, 17, -4, -3, 2, 8, 9, 4, 5, 29, 18, 11, 8, 0, 4, 25, -8, 10, 0, 0, -7, 8, 4, -2, 11, 0, -8, -13, 9, 15, 5, 4, -14, -5, -1, -14, 17, 8, -23, -4, 17, 12, 3, -39, 14, 20, -16, -5, -3, 12, -17, 20, 12, -21, 4, -31, -19, -18, 6, -4, 1, 9, -8, 20, 4, 7, -8, -18, 6, -39, -1, -1, -4, -3, 16, 1, -27, 25, -18, 20, -14, 4, -5, 12, 6]
[8, -9, -6, 5, -11, 16, 3, 4, -2, -4, -19, -15, 17, 0, 8, -4, 20, -15, 13, -29, 33, 11, -16, 9, 3, -27, 6, 22, 6, -18, 5, 6, -3, 13, -2, 7, 10, 7, 6, -11, -2, -2, 16, 15, -3, -23, 30, -25, 2, 20, -4, 25, 0, 12, 6, 3, -29, -8, -18, -8, 7, 5, 10, 5, -2, 13, 20, 12, 9, 1, 11, -10, -18, -9, 3, 1, -25, -5, 14, -7, -11, 27, -9, 13, 4, -3, -12, 6, 7, -6, -8, 1, -3, 5, 3, -17, 5, 10, -8, -1]
[12, -2, -12, 7, -8, -16, 21, 14, -1, -2, 15, -13, 15, 18, -4, -28, -1, -4, 7, -11, -7, -2, 29, 10, 17, 13, -15, 22, -15, 15, 30, -1, 12, -11, -17, -32, -2, 1, 4, -4, 5, -20, -6, -7, -1, -11, 8, 5, -5, -30, -10, -9, 13, 0, 14, 23, -4, 14, 9, 1, -9, -23, -10, 7, -5, 2, -14, -1, 13, -9, 20, -24, 0, 3, 12, 6, 16, 3, -4, -4, -19, 0, 4, -6, -17, 1, -7, -18, -1, 4, 19, 6, -19, 20, -14, 15, 14, -12, 10, 1]
[-27, 12, 7, -14, 21, -19, 20, 7, 8, 8, 18, -20, -22, 4, 10, -12, 10, 8, 13, -16, 3, -28, 5, 14, -14, 8, -20, -18, -16, 2, 25, 10, 5, 3, -8, 12, 12, 30, -9, 10, 3, 5, -7, 7, 21, 0, -21, 11, -12, -18, 5, 15, -15, -3, -13, -14, 5, 12, -3, 0, -26, 6, -27, -3, 21, -3, 17, 2, -9, 15, -19, 7, -6, -6, -2, 30, -13, 3, 2, 4, -10, 15, -1, -2, -28, 15, -6, -1, 27, 17, 1, -3, -5, -8, -15, -20, -22, 30, -14, -6]
[-18, 10, -4, -10, 7, 16, -6, -5, -8, -9, -11, 15, 19, -25, -10, 8, -12, 15, 2, 3, -14, -20, 0, -2, -16, 9, 5, -17, 10, 12, -12, 19, -5, -10, 7, 20, 18, -3, -24, -17, -12, 2, 3, 20, -5, 44, 3, 4, 31, 10, 3, -9, -1, -8, 12, -22, 23, 6, -18, 10, 5, 6, -7, 14, 18, -11, 23, 1, -9, -3, -20, 5, 4, -9, -19, 6, 15, 9, 3, -9, 3, -18, -3, 24, 3, 14, -2, 8, 10, 9, -19, -41, 17, -22, 9, 20, -25, 5, -4, 4]
[17, -11, 1, -6, -39, 13, 10, -12, 9, -6, -2, 6, 14, 4, 3, 11, 8, -5, 11, 11, 26, 7, -15, 12, -1, -9, -18, -3, -21, -13, 13, 2, 8, -11, -13, -7, 12, 7, 3, 0, -1, -11, -22, -17, 14, -12, 17, -8, -10, -3, -18, -20, 21, -10, -15, -5, -23, 5, -1, 8, -8, 3, 8, 16, 21, 4, -1, 40, 1, 18, -5, -12, -15, -6, 10, -24, 10, -21, 7, -10, -24, 1, -4, 0, -22, 3, -6, 12, 14, -14, 14, 12, -1, 24, 21, 0, -9, -2, 7, 7]
[13, -3, 15, 9, -15, 6, -11, 4, 9, 13, -19, 2, -2, 6, -24, 9, 11, 4, 9, 13, -6, 18, -18, 0, 4, -6, 12, -14, 14, -1, -12, -3, 25, 18, -20, 1, -2, -31, 2, 1, -5, -10, 4, -31, -8, -16, 5, -16, -7, -4, 31, -5, -8, -4, 14, 6, 5, 3, 2, 10, 10, 3, 10, -4, -24, -18, 2, -9, -11, -3, 2, 16, -4, 2, 7, 6, -15, -5, -11, -5, -14, -25, 6, 33, 23, 2, 2, 6, -11, -6, -9, 31, -2, 13, 20, 3, 1, 13, -18, -16]
[2, -18, -17, 1, 9, -4, 7, 10, 9, -1, 7, 4, -15, 14, 11, 8, -15, -11, -23, -9, -25, 13, 18, 32, -12, 13, 4, 13, 9, 12, 20, 10, -13, 4, -16, 4, -8, 11, 11, 11, 8, 6, 32, -5, 41, -12, -3, -5, 10, -11, 1, 9, 5, 4, -1, -17, -21, 16, -14, 14, -15, 1, -12, -16, 5, 7, 24, -9, -16, -18, -19, 1, -12, 22, 26, 0, -11, 17, 0, -15, -9, -7, 3, 5, -11, -25, -11, -16, 11, 1, -1, 8, 12, -21, 11, -10, -4, 1, -11, 29]
[-9, -12, 2, 2, 16, -34, 25, 0, -15, -1, 11, 18, 2, -3, -4, 5, -12, 1, 13, 8, -20, 15, 7, 5, -1, -3, 18, -18, 25, 33, 2, -6, 1, -20, -18, 23, -5, -15, 5, -18, -11, 0, 4, 24, -1, 0, 3, -6, 1, 7, -8, -2, -1, 5, -3, -2, 10, 13, -2, 1, -9, -9, -15, 1, -11, 15, -2, -7, 16, -8, 21, 10, -2, -3, -9, -8, 10, -16, -8, 15, -9, -7, 14, 12, -10, 11, -7, -10, -13, 11, 23, 6, -14, -10, -5, 9, -24, -21, 3, 1]
[-7, 21, 14, 15, -11, 5, -8, -16, -1, -8, -19, 13, 23, -2, 8, 27, -17, 13, 2, 18, -11, 11, 5, -12, -14, 4, 4, 1, -5, -10, -18, -1, -21, -5, -3, -10, 25, 14, -27, 21, 9, -10, -11, 10, 24, 17, -33, -5, 5, -18, -4, -7, -14, -43, -2, 3, -7, -13, -1, 3, -20, 21, 7, 3, 11, 10, 5, -2, -11, -22, -16, -6, -1, 0, -3, 15, -7, 4, -18, 8, 7, -1, -9, -16, 1, -7, 6, 7, 14, -1, -1, -38, 18, -5, 17, 44, -29, -7, -20, -7]
