[19, -18, 9, 3, 11, -1, -15, 7, -3, 4, 8, -16, 1, 0, -2, -14, -7, 2, 17, -6, -7, -8, 8, 2, -11, 2, -2, 13, -3, -20, 18, -2, 10, -8, -9, -6, 8, -3, 9, 10, 8, 2, -10, 17, 5, 5, 6, 2, 0, 4, 6, 12, 7, -13, -8, 11, 4, -7, 14, -2, 9, 5, 13, 8, -14, 3, -2, -16, 9, -3, 15, -5, 4, 0, 2, -16, 15, -12, -2, -4, 2, 15, -9, 0, 0, 0, -10, 11, 25, -13, 29, 19, 10, -1, -3, 3, 4, 10, 1, 0]
[0, 3, 10, 15, -6, -12, 2, -13, 16, 12, 11, -2, 17, -9, -6, -6, 15, 2, 20, 15, -15, 11, 2, 13, -6, -6, 6, 13, 15, -17, -1, 3, 0, 2, 14, -2, -12, 6, 6, -13, -15, 4, -23, -8, -7, 5, -10, 5, -8, 7, 6, -3, -17, -8, -1, -13, -3, -6, -1, -10, -5, 12, 8, 4, -16, -15, 21, -2, 9, -10, 13, -7, -9, 0, 13, -22, 19, -22, -10, -2, -4, 7, -1, 8, -9, 3, -2, 2, 10, 4, -3, 0, 14, -17, -5, -7, -3, 2, 9, 7]
[13, 1, 23, 3, 2, 3, -6, 6, 11, -5, -8, -19, 9, -8, -4, 5, -10, 1, 0, -14, -12, 4, -7, -6, 6, -26, 14, 6, 1, -9, 11, 2, -5, 8, -2, -6, -7, 17, 5, -5, -2, 6, -15, -13, -10, 12, -8, 15, -12, -12, 2, 2, 3, 5, 17, -27, -4, -18, -13, -6, -11, 14, -15, -5, -5, -15, -6, 15, 7, -20, 2, -2, 8, -13, 12, 14, -1, -7, -1, 5, 12, -14, 7, 12, 12, 2, 7, -10, 0, 18, -1, 12, 6, -3, 6, 7, -13, -5, -3, -4]
[-15, -4, -19, 5, 17, -16, 2, 18, -17, -5, 9, -2, -26, -5, -8, -9, 24, 2, -5, 11, -6, -10, -10, -8, -3, 7, -19, -16, -3, -4, 2, 24, 7, -5, -9, 8, 3, 8, -20, 10, 5, -15, 0, 11, -13, 1, 14, -14, -7, 7, -7, 5, 6, 7, 5, 13, -9, 5, 15, 8, -5, -8, -19, -1, -5, 9, -9, -5, -6, 19, -5, 2, -13, 9, -10, 10, -11, 19, 14, 4, -6, -15, -9, 1, -6, 9, 10, 13, 11, -24, 3, 2, -10, 17, 1, 15, 21, -12, 12, 14]
[15, 14, 13, -5, -18, -8, 2, 4, 23, 13, 0, -4, 23, -7, 18, -15, -7, 2, 32, 0, 11, 2, -4, 5, 13, 15, 16, 13, 18, -7, 25, -4, 13, 7, 4, -2, 1, -6, 6, -9, 14, 17, 9, -2, 1, 16, -5, 3, -6, 4, 1, -9, -18, 1, 4, -17, 6, 7, 3, 4, 9, 5, 22, -8, -13, -18, 10, -1, 16, -18, 6, -3, 0, -2, 10, -16, 10, -19, -1, 23, 5, 0, 2, 6, 6, -11, 5, 4, -4, 3, 9, -10, 18, -14, 17, -8, -21, 22, 1, -11]
[13, -6, -8, 0, 0, 9, -5, -2, -14, -5, -11, -1, -17, 5, -9, 9, 11, -9, -21, -1, 2, -13, 8, 4, 6, -18, -17, 17, -8, 14, 3, -2, 1, -6, 5, -17, -9, 25, 0, -3, -5, -8, -12, 0, -3, -25, -15, 3, 14, -8, 11, 2, 4, 6, 12, -8, -9, -16, 0, -15, 3, -17, -15, -1, 17, 3, 1, 7, -16, 7, -29, 8, -3, -1, 3, 21, -17, -3, 20, -3, -14, -20, -1, -4, -16, 6, -1, 12, -9, 3, -21, 15, -31, 8, 0, 10, -3, -9, 12, 13]
[8, -22, 20, 19, 25, -24, -14, -11, 8, 12, -8, -26, -19, 2, 9, -10, 14, 8, -5, 13, -6, -6, 4, 18, 1, -3, 16, 10, -8, -7, 2, 19, 13, -5, 2, -12, 7, 5, 3, -21, -10, 2, -20, 14, 3, 9, 5, -1, 5, -5, 7, 9, -7, -6, -7, -17, -4, -13, 8, -9, -21, 3, -17, -13, -9, 3, -15, 9, 6, 0, -9, 5, -3, 4, 7, -12, 1, 5, -10, -11, 7, -12, 15, 5, -18, -7, 4, -1, 14, -9, 0, 12, -9, 8, -2, 19, 0, -6, -2, 8]
[10, -7, -33, -9, -1, 9, -4, 10, -25, -1, 16, -5, -14, -13, -23, -4, 3, -1, 14, 9, 9, -19, 3, -15, -16, -3, -31, 22, 8, 8, 4, -17, 7, -5, -8, 3, 1, 11, -5, 11, -2, -8, -1, 24, -5, -6, 6, -24, -5, -4, -5, 7, 11, -8, 10, 13, -7, 8, 26, -3, 24, -6, -4, -2, 11, 4, 25, -21, -20, 9, -6, 21, -4, -8, -14, -12, -4, 17, 17, -7, -7, -7, -8, -16, -5, 24, -7, 17, 21, -18, 14, -4, 0, 14, 20, 4, 5, -8, 7, 9]
[-5, 3, -9, 7, -19, 10, -6, 12, -30, -5, 2, 16, -9, -10, -24, 20, 9, -1, -3, 5, -8, -2, -5, -10, -4, -1, -13, -3, 11, 22, -1, -12, 7, -20, 5, 16, 8, 20, -28, 12, 10, -8, -4, 21, -2, 0, 9, -19, 8, -4, -9, -7, 17, 6, -1, 24, 1, 18, 8, -11, 12, 3, -16, 13, 0, 1, 0, -11, -12, 9, 12, 17, -18, 2, -12, 7, -4, 3, 9, -2, -2, 9, -15, -9, 8, 3, 20, -10, 9, -4, 3, -5, -4, 22, 16, 18, 17, -17, 3, -1]
[7, -7, -18, -1, -4, -10, -14, 20, 1, -17, 13, 4, -11, 9, -4, -3, 32, 5, 1, 3, 4, -10, -5, 2, 4, 0, -17, 2, 3, 25, 22, 25, 23, -1, 2, 10, -1, 12, -10, 12, 18, -2, 2, 5, 0, 0, 5, -8, 13, 6, -3, -1, -8, 10, -6, 21, 9, 7, 0, 8, 27, -27, 11, 8, 2, 22, -7, -6, -7, 15, 0, 0, -10, 3, 2, 18, -7, -13, 24, -2, -6, -3, -8, -17, -16, -8, 3, 22, 6, -20, -5, -21, -13, -11, -7, 33, 3, 4, 23, -4]
[-7, -30, 7, 3, 8, -27, -20, -14, 23, 13, 11, 3, -11, 8, 18, -24, 10, 0, 8, -1, 6, 9, -10, 5, -10, 33, -2, -19, -13, 1, -9, 29, 10, 6, -9, 6, -2, -24, 9, -2, -13, 5, 12, -4, -8, 0, -6, -9, -12, 2, -12, 16, -7, -3, -16, 7, -1, 9, -9, 3, -22, -11, 16, 2, -13, 13, -11, 1, 14, 0, -6, -31, 4, 15, 4, -2, 0, -1, -9, -14, 31, 18, 9, 1, -4, 0, -15, -10, 12, -9, 7, 9, 6, 2, -32, -4, 16, -4, -2, -12]
[23, 4, 3, 4, -12, -21, 3, 8, -8, -2, 15, -3, 17, 19, 0, -13, 19, -6, 10, -9, 5, -13, -11, -1, 7, 29, -5, -2, 2, 4, 32, 5, 9, -11, 6, -21, -17, 11, 12, 12, 16, 9, 0, -6, -9, -16, -18, -5, -25, 17, -3, 16, -7, 13, 19, -9, 4, -11, -13, -3, -4, -11, -3, 13, -19, -8, 6, 0, -5, -17, -3, -17, -8, 12, 8, -3, 5, -22, -4, 29, -1, -2, 0, 1, 0, 5, -14, 16, -8, -5, 13, 10, -12, -9, 3, -13, -3, 11, 0, -3]
[-3, 13, 11, -1, -5, -7, 16, 7, 9, -11, -34, 6, -13, 12, 11, -17, -11, 12, -14, -5, 6, 6, 12, 6, 3, 9, 4, -8, -10, -22, 2, 6, -13, -14, -2, 5, 20, -8, -25, 17, 5, -12, 16, 28, 10, 5, 14, 6, 7, -1, -11, 5, 17, 7, 4, 25, 0, 1, 16, 10, -8, 2, 10, 4, -6, -6, -18, 2, -1, 18, -10, -1, -3, 20, 1, 14, 1, 10, 1, 9, -3, 8, -18, 3, 5, -10, 34, 9, 7, 3, 19, -7, -5, 12, -6, 8, 6, 22, 8, -8]
[-10, -4, -21, 0, 0, 3, 13, 1, -7, 3, 7, 1, -7, -24, -11, 0, -3, 9, -8, 19, 7, 7, 3, 14, -7, -29, -23, 4, -2, -15, -34, -15, -37, 2, -12, -1, 4, 1, -1, -2, -6, -19, 11, -3, 10, -19, 18, -4, -2, 1, -8, -5, 18, -9, 22, 15, -19, 14, 2, 4, 3, 7, 3, 7, 27, 4, 11, -9, 1, 7, -11, 8, -17, -10, -8, -5, 16, 11, 21, -16, -14, 9, 6, 0, -4, 17, 8, 5, -1, -1, -6, -5, -1, -8, 7, -10, -13, 2, 5, 4]
[26, 8, 10, 7, -14, -6, 2, 2, 6, 6, -18, 8, 18, 5, 8, -2, 20, -21, 32, -7, -3, -16, 4, 0, 13, 8, 12, 9, 12, 0, 29, -15, 13, -17, 27, -13, -11, 8, 10, -4, 14, 13, -19, -2, -3, 2, -18, 15, 8, -3, 0, -14, -3, -2, -25, -17, 15, -18, 18, -12, 16, 0, 6, 9, -20, -12, -7, -17, 8, -5, 26, -4, -8, 10, 15, -6, 14, -8, -10, 5, -11, -1, -22, -11, -16, -22, 5, -5, -20, 4, 6, 17, 14, -5, 14, 1, 4, 20, 12, 13]
[-18, 13, -13, 1, -3, 16, 31, 8, 3, 2, 31, 11, 26, -15, -6, 13, 31, -23, 5, 7, -5, -1, 7, -9, -2, 13, -4, 5, 33, -12, 11, 1, 24, 21, -4, 7, -16, 10, -14, 7, 5, -3, 0, -10, -5, -2, -14, 3, 5, 6, 22, -6, -27, -8, -6, -5, 2, 9, 4, -16, -1, -2, 7, -9, -15, -1, 25, -5, -3, 0, -2, 3, -12, 3, 10, -11, -7, -24, 16, 20, -27, -26, -13, 13, -5, 3, 4, 25, -8, 7, -13, 7, -3, 4, -3, -15, 7, -17, 6, 7]
[7, -9, 3, 3, 14, -1, -14, 14, -32, -3, -11, 0, 6, -12, 0, 18, -8, 5, 18, 8, -24, -22, 7, -6, -12, -12, 8, -3, 13, 10, 8, -20, 10, 5, -8, -2, 17, 0, 11, 8, 34, 2, 2, 16, 22, -7, 18, -7, 4, -10, -13, -3, 13, -14, -24, 8, 21, 5, -4, -3, 9, -6, -18, -2, 13, 8, -7, -10, -3, 0, 20, 15, 7, -15, -5, -31, 9, 15, -9, 0, 6, -4, 5, -3, -4, -9, 1, -10, -1, 4, 14, 10, 18, 7, 2, 10, -10, -4, -31, -4]
[-18, 35, -16, 2, -23, 21, 26, 14, 3, -37, 5, 10, 21, 32, -7, 5, 5, 11, -25, -4, 27, 15, 2, -21, 1, 15, 16, 6, 4, 12, 2, 7, -4, 17, 6, 7, -8, -19, 2, 17, -13, 0, 29, 2, 10, 7, 16, 2, -2, 15, -1, 11, -10, 2, 9, 17, 0, 11, -2, 20, 19, -8, -6, -10, -8, -4, 12, 3, -11, -5, 4, 28, 22, -1, 2, 16, -18, -4, 4, 8, -2, 3, 3, -9, 14, 14, 1, 15, -15, 6, 15, -52, -9, -3, 8, -3, -7, 15, -21, -15]
[8, 17, -14, -17, 3, 15, 21, 10, 2, -16, 9, -7, 1, 2, -35, 18, 12, -8, -4, 10, -6, 1, 12, 4, -17, -23, 1, 16, 13, 5, -3, -4, -6, -10, 19, 2, -18, 16, 5, 34, -9, 8, -5, 3, 0, -2, -16, 11, 10, 2, 12, 2, 3, -8, 17, 8, 5, -14, 1, -11, 17, -19, -10, -8, -2, -1, 14, -11, -13, -8, 2, 28, 1, 4, 6, 7, 2, 2, 8, -5, -13, -8, -14, -8, 0, -5, 17, 28, -4, 3, 12, -21, -16, 0, 2, 6, 2, -7, -10, 8]
[-15, -15, 22, -3, -6, 15, 1, 15, -16, -7, 14, 6, 23, -6, 0, -5, -6, 1, -5, -26, -8, 6, 2, -7, -2, 20, 14, -15, -8, 20, 14, -9, 10, 6, -3, 2, 5, 8, -7, 9, 24, 18, 1, -1, 16, -5, 7, 4, 1, 11, -8, 1, -2, 7, -26, 13, 9, -1, -10, -5, -10, 11, 13, 26, -14, 14, -9, -3, -5, -19, 25, -7, 14, -12, -5, 8, -8, -29, -8, 11, 12, 16, -1, 13, 16, 1, -18, -18, -11, 13, -2, 28, 6, 2, -20, 4, -2, 2, -16, -36]
[4, -6, 21, 0, -6, 4, -11, 10, 3, -5, -8, -19, -33, 21, 9, -3, 1, 10, -22, -1, -5, 1, 17, 38, -8, 8, 9, 17, -13, 5, 5, 29, 12, -19, 8, -4, 7, 18, -18, 12, 12, 7, -5, 22, 1, -1, -12, 10, 23, 5, 7, 5, 2, 4, -5, 16, -10, -6, 16, -19, -11, -14, -21, -6, -8, 20, -15, -8, -4, 4, 9, -4, -5, 18, -7, 5, -10, -10, -6, -5, 1, 21, -1, -14, -3, -21, 18, 9, 5, -13, 13, 17, -25, 6, -9, 17, 13, -5, -6, 4]
[-8, -5, -19, -5, 25, -18, 5, -2, -12, -5, 28, 18, 2, -25, -15, 2, 13, 7, -9, 0, -4, 7, -32, -23, -7, 5, -16, -20, 3, -3, -13, -3, 2, 12, -18, 13, 3, 1, -4, 10, 14, -12, 6, -5, 2, -5, 17, -22, -25, -4, -18, 6, 4, -8, 13, 17, 9, 12, -36, 16, -5, 12, -11, -8, 18, 6, 4, -4, -2, 20, -15, -11, -7, -4, -13, -19, 4, 26, -4, 12, 5, -12, 31, -19, 4, 8, -6, -6, 7, 0, 1, -22, -6, 9, 4, -11, -3, 0, -3, -5]
[2, -10, 7, 9, 12, 5, -10, -12, 2, 2, -21, -25, -3, 12, -16, -13, -25, 2, -20, 4, -4, -4, -1, -1, -4, -10, 10, -4, -20, -35, -9, 8, -9, -5, -7, 3, -8, -9, 10, 6, -32, 1, -4, 9, 0, -3, 8, -8, -4, 0, 12, 23, 12, 2, 5, -4, -20, -22, 1, -2, -20, 0, -14, -2, -23, -6, -14, 21, -3, -1, -23, 6, 8, 16, 11, 25, 7, -2, -11, -11, -1, 4, -9, 11, 12, 17, 6, 23, 1, -6, 16, 27, -5, 20, -5, 12, 14, -13, -21, -5]
[-34, -1, 0, 16, -18, -19, -13, 2, -4, 16, 8, 10, -23, -24, -6, 16, 13, 7, 19, 30, -19, 7, -15, 10, -1, 5, -10, -7, 21, 20, -20, 9, 5, 9, 8, 9, 5, -2, 4, -20, -13, -13, -9, -15, -14, -3, -4, -16, -9, 12, 7, -15, -4, 2, 19, -20, -22, 32, 0, -16, -24, -21, -15, -9, 8, -15, 14, -9, 21, -20, -6, 15, -6, -12, -4, -2, -19, 2, 31, 10, 27, -21, 9, 29, 17, 21, 12, -1, 22, -6, -22, 5, 9, -3, 2, -4, -11, -20, -15, 15]
[-17, 14, 6, 6, 22, -15, -23, 19, -11, 18, 2, 11, -23, -33, -15, 15, -3, 16, 4, 12, -27, 4, -13, 5, 12, -21, 19, -14, 20, -34, -9, 29, 23, -7, -2, 10, 11, 5, -7, 0, 25, 6, 4, -5, -10, 27, 31, 4, 8, 1, 21, -19, -17, -2, -4, 3, 15, -3, -11, 15, -3, 3, -12, -7, -8, -12, -21, 19, 49, 5, 13, 7, -5, 2, 10, -6, 7, -9, 13, 19, 3, 7, 8, 24, 7, -33, 22, -10, 0, -17, -7, -26, 2, -4, 2, 17, 7, -11, -6, 3]
[3, 13, 9, 17, -16, -8, -1, -19, -29, 12, -6, 12, -3, -17, -10, 18, -2, 12, -5, 9, -23, -10, 1, -2, 4, -19, 3, 4, 9, -6, 3, -7, 4, 10, 2, -3, 2, 31, -12, -15, 16, -1, 6, -11, -19, -4, -9, 1, -26, -7, -2, -12, 5, -2, -2, -12, 3, -8, -11, -16, 1, 13, -32, -4, 15, -22, 2, 9, 14, -5, -2, -5, -7, -13, 8, -18, 1, -4, -19, 17, -1, -11, 12, 2, -2, 8, 17, -25, -23, 1, -6, 0, 2, -5, 30, -15, -1, -20, 0, 10]
[14, -12, -12, 9, 7, -7, 5, 8, -13, -31, 3, 3, -13, 7, -6, 10, 33, 2, -7, -5, -16, -10, 13, -2, -12, -27, -24, 9, 4, 4, 5, -7, -13, 15, 3, -21, -7, 11, 8, 11, 7, -10, 6, -10, -9, -23, -18, 21, -10, -5, -20, -1, 25, 1, -5, 7, -9, -21, -4, -20, 5, 4, -8, 24, 16, 6, 2, -14, 0, -12, -8, -2, -1, -16, -4, 8, -14, 6, 3, -4, -3, -20, -3, 0, -12, 19, 9, 15, -1, 14, 7, 27, -4, 12, -4, 14, 0, -1, 19, 3]
[6, -2, 23, -23, -17, -10, -2, -8, 16, -2, 15, -8, 8, -14, 0, 3, 16, -11, -2, 2, 2, 21, -11, 13, 1, 13, 21, 21, -5, 31, 31, 6, 26, 10, 27, 13, -1, 39, -25, -4, -11, 22, -3, -4, -1, 21, -41, 7, 8, -2, 4, -12, -33, -15, 6, -11, 1, 11, 11, -28, -3, 0, -2, -25, -9, -13, 10, -18, -22, -24, -3, 0, 6, -5, 13, -1, -16, -23, 0, 9, 8, -9, 21, -7, -7, -11, 10, -14, -15, 1, -7, -1, -21, 0, 8, -12, -5, -5, 7, -6]
[8, -8, 4, 5, 10, -11, -16, 11, -7, -3, 28, -10, -12, -5, -21, 14, 37, -12, 13, 3, -13, 2, -20, -18, -29, -12, -11, 1, 15, -27, -8, 3, 5, -5, -15, -10, -11, -3, 11, 3, -32, 1, 3, -20, -22, 1, 6, 6, -28, 3, 19, 24, -6, -24, 8, -4, -2, -4, 8, -25, -15, -1, -22, -1, -14, -18, 11, -18, 10, -21, 21, 1, 1, 3, 11, -23, 18, -1, 7, -10, 18, 16, 1, 7, 0, 11, -15, -11, 16, -19, 24, 24, 9, -15, 3, -30, 10, -25, -15, 10]
[3, 1, -20, -6, 6, 11, 33, -6, -7, 5, -13, 10, 32, -6, -20, 13, -1, 4, -8, 6, 0, -4, 28, -1, -10, -19, 2, -3, 10, 5, -15, -23, -13, -7, 10, 2, -3, 1, 9, 23, 18, -8, 25, 4, 32, -19, 5, -3, -3, 1, -9, 3, 0, -12, -7, 17, 16, 5, -14, 4, 22, -27, -10, 14, 18, 25, 1, -17, -7, 9, 1, 14, 2, 1, 8, -3, 3, 11, 13, -6, -19, 6, -1, -20, 2, 0, 4, -5, -18, 11, 2, -23, 0, -14, -12, -6, -1, 1, -28, 2]
[-16, -5, 19, 16, -11, -13, -29, 0, 1, -10, -19, -4, 5, 21, -4, -3, -30, 21, -16, -9, -18, -8, 3, -10, -4, 3, 15, -9, -17, -2, 6, 8, 8, 30, 4, 10, 5, -9, 20, 1, -13, 1, -16, 9, 16, 13, 13, 4, -4, -6, -2, 31, -7, -2, -12, -1, 10, -11, 0, 9, -23, -6, 4, -5, -16, -11, -9, 24, -2, -15, -9, -3, 31, -2, 25, -7, 17, -17, -29, -26, 28, 8, 18, 5, -7, -11, -28, -7, 0, 1, 8, -15, 9, -10, -41, 1, 6, 0, -31, -16]
[-5, -1, -9, 3, 28, -13, 5, 14, 0, -1, 8, -2, 8, -14, -3, 6, 1, 3, 17, 6, -22, -1, -15, -18, 6, -27, -12, 15, 18, -41, -7, 8, -13, -3, -2, 13, -10, -11, 2, -5, -7, -13, -13, -15, -14, 6, -4, 14, -23, -10, 5, -14, -5, -20, 6, -9, -5, -19, -6, 11, 12, 14, -13, -9, -8, 5, 9, -13, 14, 27, 28, -18, 0, -13, 3, -18, -4, 23, 0, 5, -9, -4, -11, -6, 3, 14, -14, -2, 26, -5, 2, 12, 27, -1, 8, -4, 9, 5, 19, 31]
[6, 16, 5, -9, 16, -12, -12, 14, 6, -14, -10, -4, 8, 4, 1, -11, 12, 5, -6, -5, 1, 11, -12, 3, -9, -4, -10, -16, -7, 17, 14, 10, -13, 9, -9, -19, 3, 9, 21, 13, 5, -2, 16, -11, 15, -2, 17, 7, -2, 18, -1, 10, -5, 28, 33, 4, 1, 5, -35, 19, -5, -17, -18, 10, 11, -9, -5, 4, -9, -21, -20, 6, 2, -3, -2, 24, -11, -3, 14, 19, 11, -14, 17, 5, 4, -4, -11, 15, -10, 1, -13, -25, -25, 2, -20, 18, -38, 30, 0, -17]
[-12, 10, 4, 2, 15, -22, -7, -28, -3, 16, -22, 11, -6, -13, 26, -20, 33, -11, 15, 26, -4, 21, -6, 14, 1, 11, 10, -2, 7, 13, 5, 10, 3, -13, 22, -20, 11, -3, 3, -17, -9, 12, 8, 14, 4, -5, -25, 0, 29, 12, 0, -25, -19, 0, -7, -4, -9, 15, -10, 0, -3, -15, -3, -6, -6, -20, 9, -2, 3, -11, -18, 1, 1, 10, 0, -5, -20, -9, 20, 28, 6, -10, 5, 32, -22, -9, 22, -10, -10, 9, -31, 2, -13, 14, 6, -10, -8, 18, 13, 8]
[-29, -8, 2, 5, 17, 15, 11, -12, -25, 3, -4, 28, 17, 0, 10, -11, 8, -3, 3, 3, -8, -8, 5, 1, -4, 9, -18, -4, -28, 0, -10, -30, -26, 2, -2, -22, 10, -10, 25, -1, -4, -9, 4, -4, 16, -32, 4, 22, 17, 13, 9, -18, 20, 1, -7, 14, -8, -13, -25, 11, 6, -7, 15, 2, 6, 3, -1, -9, 10, 11, 6, -3, 5, -15, -17, -14, 5, -9, 13, 2, -4, 0, -11, 17, -2, 17, -34, 4, -8, 10, -29, 27, 1, 0, -22, -20, -17, 26, 7, -4]
[-15, -13, -18, -6, 5, -22, -2, 16, -12, -18, 7, -9, -25, 17, -7, -4, -8, 8, -8, -11, 14, -15, -32, -4, 19, -6, 3, -17, 0, 8, -26, 12, -34, -19, 9, 1, -6, -20, 9, 19, -2, 11, -10, -8, 2, -8, 3, -15, -1, -3, -21, 15, 19, 24, 5, -22, -16, -22, -9, 6, -12, -8, 3, 28, 5, 25, -14, 8, -14, -1, -1, -7, -8, 1, -5, 23, -15, 25, -4, 2, 8, 5, -12, 8, 1, 4, 8, 7, -1, -7, -15, 7, -5, -5, 2, 19, -4, -2, -7, -10]
[-27, -8, -4, 0, 12, 6, 25, -8, -1, 18, 38, 15, -8, -26, -22, -4, 24, -26, -28, -5, -3, 29, -30, -12, -9, 7, -11, -14, 6, -26, -25, 14, -26, -6, -16, 6, -21, 12, 3, 21, -30, 19, -5, -21, -16, -21, -9, 11, -18, -7, 23, 25, -4, -10, 18, 0, -11, -29, -19, -17, -15, 0, -4, 3, -7, -10, 6, -3, 12, -10, -16, -5, -6, -11, 25, 16, -6, -9, 13, 11, 18, 1, -12, 33, -8, 1, -4, -15, -10, 0, -10, 6, -15, 4, 1, -30, 8, -8, 4, 1]
[6, -8, 26, 15, -9, -28, -23, 20, 8, 13, -27, 9, -48, -20, 14, -37, 23, 8, 29, 3, 14, -18, 7, 15, 6, 5, -16, 8, -5, -9, 3, 3, 16, -18, 4, -31, 14, -10, 8, -9, 20, -3, -17, 17, -2, -11, 10, 14, 5, 4, -1, 4, 9, 10, 15, 0, -12, -1, 12, 2, -8, -15, 20, -1, -6, -24, 2, -5, 27, -2, -17, -12, -8, 11, 1, -7, 17, 3, 18, 9, 19, 5, -6, 13, -4, 0, 7, 17, 11, -4, -6, 24, 2, -8, -6, -5, -17, 28, 9, -9]
[11, -16, 11, 14, 4, -25, -6, 9, 19, -24, 2, -11, -7, 19, -40, -8, 20, 12, -21, 10, 8, -4, 14, 6, 5, 4, 12, 20, -4, 11, 13, -6, 19, 4, 39, 1, -22, -3, 17, 7, -26, 10, -24, 19, 1, 15, 3, 12, -15, -7, 5, 18, 0, -9, -1, -12, 6, -41, 7, -3, -3, 19, 3, 1, -24, -5, 2, 1, 3, -13, -8, 29, 14, -11, 11, 2, 7, -8, -11, -19, 20, -3, 13, -11, 7, 20, -2, 21, 15, 1, 18, -5, 0, 9, -9, 20, 3, -2, -5, -20]
[-16, 2, -17, -19, 2, 16, 2, 45, -4, 4, 21, 7, -28, -12, -17, 3, -2, -13, -8, -3, 6, 12, -2, -16, -4, -1, -33, 1, 12, -13, -10, 3, 7, -4, -16, 5, 1, -20, -19, 14, 0, -19, 34, -6, -6, 3, 33, 3, -1, 7, 9, 10, 0, 3, 7, 21, -16, 30, 33, 2, 5, 1, -11, 9, -2, 15, -2, -19, 22, 8, 15, -3, 6, -1, -29, 2, -13, -3, 26, -17, -3, 45, -12, -7, 19, -3, -8, -14, 20, -25, 0, -11, 3, 8, -5, -1, 14, -14, -10, 9]
[20, -11, -1, -11, 27, 30, -19, -11, 5, -7, -6, -18, -3, -9, -16, 16, 0, -15, 8, -20, -19, 10, -5, -5, -21, -23, 7, -1, -18, -16, 11, -10, 12, 8, -3, 9, 2, 3, 6, 5, -14, 7, 25, -6, -5, 19, 2, 1, -3, -21, -6, -1, 6, 6, 2, 21, -9, -3, -17, -1, 11, 1, -17, -11, -8, -4, -4, -8, 12, -7, -3, -5, 7, -5, -14, 17, -3, 11, -5, -18, 10, 0, -1, -14, 10, -3, 0, -16, 0, 8, 15, -3, 11, 17, 7, 26, 10, -4, 6, -8]
[-30, -3, 13, -3, 21, -17, -22, 3, 21, 21, 14, -8, -36, -23, 3, -8, -27, 11, 5, 25, 0, 1, -12, 20, 2, 9, 1, -3, -17, -26, -17, 16, -3, 5, -5, 12, 18, -8, -2, -12, 5, -4, 1, -6, -4, 11, 3, 11, -2, 4, 9, -11, 2, -8, 14, 0, -14, 20, -3, 26, -18, 7, -17, -41, 3, 1, -5, -10, 23, 19, 4, -22, -9, -3, -16, -11, -1, 20, 4, 15, 13, 0, 24, 1, 14, 8, 0, -1, 3, -20, -16, -2, -4, -12, 19, -25, -20, -8, -7, 18]
[2, -3, 31, -4, -11, 7, -22, -9, -16, 16, 3, -11, -28, -2, -1, 10, -38, 22, -6, -18, -14, 0, -9, -13, 5, 1, 5, -7, -1, -1, -18, 7, -4, 6, -41, 3, 20, -6, 2, -4, 3, 1, -11, -3, -21, 0, 4, -22, -19, 1, 14, 20, 20, -7, 7, -28, -1, 8, -10, -15, -26, -7, -4, -12, 28, -6, 8, 6, 10, -18, 6, -4, 8, 5, -5, -25, -4, 10, -14, 2, 30, -6, -2, 0, 15, 0, 4, -21, 21, -8, 11, 32, 6, -4, 6, -13, -9, -28, -29, 9]
[2, -20, 17, 10, 10, 9, 1, -7, 40, 10, 9, -36, 20, -3, 10, -9, 1, -3, 1, -10, 0, 11, 7, -17, 3, -6, 18, 25, -3, -15, -1, 8, 2, 18, -21, -5, 16, 4, -9, -33, -26, -2, -10, 1, -6, 16, -15, 13, 14, -18, 14, 22, -11, -15, 1, -40, -27, 17, -5, -2, -16, 20, -1, -19, -12, 12, 14, -3, 1, -9, -12, -14, -1, 3, 2, -16, -9, -13, 7, -17, 6, -16, 17, 4, -5, 10, -18, -20, 36, 11, -16, 20, -8, -1, -10, -6, -10, -23, 9, 8]
[17, 10, 2, 0, 18, -40, 10, -9, 1, 0, 6, 8, -17, 24, 9, -8, 10, 17, 14, 32, -4, -10, 18, 9, 15, 26, 7, -4, -1, 2, 13, 4, 9, -12, 24, -10, -7, -23, 20, 8, 18, 8, -25, 3, -3, -7, -12, -16, -11, 15, -5, 6, -13, -7, -3, 1, 19, -26, -3, 10, 17, -20, 7, -11, 7, -13, 16, 0, 2, 13, -7, 15, 1, -7, 2, -21, -1, 23, -6, 19, -4, -26, -7, 6, -8, -7, -10, 41, 18, -5, 19, -18, 3, -5, 4, 8, -11, 11, 9, 18]
[8, -3, 2, 19, 19, -4, -15, 23, -21, -7, -15, -20, 7, 7, 22, -3, 10, 5, 14, 11, -11, -4, 5, 21, 20, -13, 6, 24, 13, -2, 32, 8, 12, 15, 8, -1, -3, 0, 0, -19, 19, -7, -14, 22, 20, 2, 12, 3, 3, 7, -13, -9, -23, 8, -10, -3, 3, 2, 17, 8, 15, 6, -9, 14, -17, -4, 8, 9, -14, 1, -16, 24, -9, -8, -4, -6, -12, -11, 4, 18, -12, -27, 5, 20, -20, 3, -2, 13, 0, -9, 2, 8, -2, 13, 1, 24, -4, 9, 8, 11]
[19, 0, -8, 4, 19, -28, -22, -11, -10, 7, 17, 17, -6, -3, 7, -21, 13, 9, 9, 2, 4, 3, -25, -3, -5, 11, -3, -10, 14, -32, 16, 34, 11, 3, -13, 2, -13, -13, 5, 21, 17, 1, 10, -2, -7, -5, 1, -22, -11, 22, -7, 0, 5, 7, -20, 26, 6, 8, -9, 15, 11, 3, 7, 4, -15, 2, -20, 14, 35, 4, -6, -14, 2, 16, 9, -6, 0, -19, -3, 24, 6, 29, 10, 14, 0, 1, 21, 20, -10, -25, 35, -11, -8, 7, 10, 0, 23, 4, 2, -9]
[7, -6, -9, 11, -10, -36, -13, -25, 9, 15, -14, 7, -12, 4, 8, 2, 33, 7, 25, 29, -9, -5, -1, 1, -6, -5, -7, -17, 10, 29, 8, 8, 27, -13, 9, 4, 1, 0, -17, -18, -6, -9, -5, 4, -13, 22, 8, -22, -10, -18, -28, 10, -23, 14, -11, -15, 10, -2, 10, -8, -3, -17, -28, -5, 15, -12, 6, -5, -16, 23, 10, -10, -16, 9, -8, -27, 8, 10, 4, -15, 17, 2, -6, -9, -20, -18, 12, -27, 34, -2, -25, -24, 40, -30, -6, 7, 6, -14, 21, 6]
[-3, -12, 3, 10, -26, 13, -7, 8, 16, 15, -10, -1, 9, 4, 3, -17, -28, 9, 5, -23, 0, -6, 2, -34, 7, -11, -20, -3, 1, -10, 0, -9, 2, -8, 0, -11, 15, 3, 2, -10, 13, -5, 1, 18, 2, -2, -6, 6, 5, 17, 17, 13, 11, -1, 2, 13, -10, -4, 20, -9, 7, -3, 29, 22, -6, -3, -8, -7, 19, -1, -15, -17, 4, 12, 15, 33, -4, -15, 28, 10, 3, 3, -28, 0, 13, -1, 3, 16, 16, -16, 8, 26, -3, -11, 4, -2, 3, 9, 9, 9]
[-7, -3, -5, 9, 4, 5, 19, -23, -2, -8, -14, 5, 5, -4, 18, -9, -3, -18, -13, 1, 6, -7, 22, 11, -5, 29, -9, -7, -8, 40, 6, -4, 21, 19, -8, 8, -2, -1, 12, 1, 20, -9, -22, 0, 28, -12, 11, -1, 6, -4, 5, 4, 8, -24, -32, -11, 22, 11, -7, 7, 7, -8, 10, -8, 26, 32, -2, -8, -26, 26, -7, 1, 12, -7, -1, -15, -2, 29, -31, -10, -13, -30, 21, -36, -15, 18, -14, 12, -7, 6, -16, -5, -1, 14, -17, -13, -12, 11, -23, -10]
[2, -11, -17, -8, 16, 0, -11, -10, -11, 1, 9, 18, -28, -6, 6, -9, 7, 15, 1, 1, 6, 15, 8, -6, 11, -14, -18, 2, -5, 11, -33, 0, -2, 7, -22, -10, 13, -16, 3, -15, 3, -12, 23, -34, 1, -4, 17, 4, -3, 0, -33, 4, -14, -10, -15, 19, -1, 13, -15, 14, 17, -2, 2, 26, 33, 13, 2, -9, 16, 17, -22, -14, 11, -7, -19, -12, -15, 23, -3, -23, 7, 15, 17, -19, -5, 0, -33, -24, 5, -1, -22, -12, -7, 0, -24, 3, -19, -4, 7, -8]
[-9, 4, -6, -8, 23, 8, 22, -2, -11, -6, 9, 10, -8, 2, -16, 5, 14, 12, -27, 3, 1, 5, 30, 6, 15, -9, -12, -23, 0, 11, -1, -3, -10, -18, 8, -4, -3, -16, -1, 12, 16, -3, 9, 5, 3, -5, -5, 24, 8, 16, 0, -16, 11, -3, -12, 28, 1, -1, 3, 33, 21, -3, -4, -1, -7, 21, -12, -23, 36, -1, 15, -5, -1, 1, -24, -4, -7, 12, -3, 2, -3, 18, -20, 0, 13, -11, 7, -2, -2, -14, -5, -10, -1, 0, 4, 5, 22, 0, 7, 22]
[-22, 6, 22, 9, 21, -12, 11, 18, 22, 7, 0, -10, -11, -27, 10, 1, 36, 10, 21, 4, -34, 13, 14, 9, -9, -37, 10, -2, -2, 7, -3, 27, 24, 2, 8, 6, 10, 23, -19, -12, 34, 2, -24, -20, -1, 3, 4, 30, 11, 8, -2, -18, -18, 12, -16, 12, 14, 2, -16, -2, -22, -4, -21, 0, -6, 5, -2, -8, 12, 17, 21, -10, -17, 6, -2, -4, -12, -5, 5, 1, 1, -25, -5, -1, -12, -24, 9, -9, 5, 9, -24, -11, 8, -11, -3, 12, -12, 8, 18, -4]
[32, -6, 10, -17, 33, 6, 13, -12, 15, 3, 1, -12, -1, 16, 2, 0, -16, -28, 3, -12, -10, -9, 6, 12, 1, 17, -8, -1, 12, -18, 18, -29, 3, -4, 0, -5, -16, -19, 10, 16, 9, 5, -8, -20, 8, -19, -11, 11, -3, -18, 5, 18, 19, -1, -29, -8, 17, -32, -2, -1, 7, 5, -8, -15, -10, 14, -11, -2, 11, 18, -21, -7, -4, 1, -13, -3, 7, 8, -32, 13, -4, -3, -5, -6, 12, -5, -17, 17, 14, 5, 27, 33, -1, 18, 7, 0, 10, -8, -16, 2]
[-2, 12, 10, -6, -17, -10, 6, 14, 8, -10, 4, 0, -3, 11, -6, -24, 10, -8, 7, 2, -17, -6, -8, 8, -4, 0, -12, 13, -8, -3, -1, -3, -7, 0, 13, 2, 3, 3, 9, 23, -3, 5, -23, -12, 4, -38, -14, 10, -1, 16, -16, 24, -4, -2, -3, 7, 13, -10, 0, -16, 4, -22, 3, 19, -13, -4, 26, -10, -27, 9, 5, -7, 13, -3, 8, 0, 19, -8, -34, -9, -15, 8, -10, -17, -22, -8, -19, 25, -8, 1, 2, 8, 10, -6, -21, -8, -18, 32, -12, 8]
[-26, -4, 8, -12, 7, 18, 21, -14, -6, -10, -4, -3, -6, 15, 10, -3, -8, -18, -18, -14, 21, -8, 22, 20, -13, 4, 6, -23, -7, 7, -29, 2, -10, 3, 9, -9, 1, 1, -15, 16, -6, -15, 14, 5, -3, -8, 2, -12, 32, -4, 3, 3, 3, 33, -1, 11, -2, 21, -2, 0, -34, 8, 3, 4, 6, 28, -8, 29, 8, 16, -5, -11, -12, 6, -19, 12, -17, 16, 4, -16, -3, 24, -2, 12, 15, -8, 17, 6, -4, 9, -24, -8, -15, 10, -35, 7, 17, -23, 8, -13]
[-3, 1, -3, -14, 10, -9, -4, -17, 7, -12, 5, -2, -8, 1, -4, 23, 23, -7, 8, 28, -23, 10, 12, 5, -5, -16, -26, -15, -3, 19, 5, 11, -8, -7, -5, 23, -6, 12, -3, 9, -38, -8, -6, -7, -31, 10, -14, 13, 1, -11, 4, -16, 2, -1, 14, 1, 14, 6, 4, 1, 1, 3, 5, -2, -5, -4, 16, 13, 9, -1, 10, 16, -2, -4, -10, -4, -1, 14, 10, -24, 10, -9, -14, 13, 9, 1, 20, 9, 17, -6, -17, -18, 12, 7, -14, 5, 7, -32, 22, 13]
[-24, 34, -16, 3, 35, -11, 4, 2, 8, 14, -8, 10, -3, -28, -15, 7, -14, -12, 1, 15, -13, 9, -8, 3, 9, -15, 9, -31, 25, -33, -8, 20, 2, 13, -5, 12, -7, -5, -5, 13, 7, 3, -7, -19, -4, 2, 5, 28, 2, 0, 16, -17, -5, 3, 8, -8, 15, 0, -23, 35, -28, 19, -4, -15, -8, -18, -6, 23, 17, 6, -5, -7, -6, 19, 15, -3, 1, 9, -8, 19, -8, -25, 12, 13, 3, -10, 13, 21, -30, 20, -22, 4, 7, 30, -8, -11, 15, 5, 12, 4]
[34, -27, 19, -1, -4, 29, -29, 3, 15, 0, 19, -6, -8, 14, -1, 25, -17, 16, -26, -36, 12, -7, 3, -6, 2, 0, -21, 8, -4, 16, 0, 8, 9, -24, -21, 12, 7, -12, -3, 5, -2, -5, -11, -16, -5, -9, -23, 11, -7, 2, 22, 13, -7, -6, 20, 15, 24, -7, -21, -4, 13, -14, 27, 14, 4, 22, -24, 0, 6, 5, 11, -21, 28, -16, 9, 45, -14, -12, 10, 17, 7, 13, -16, 3, 43, 17, -16, -12, 27, -5, 22, 9, 3, -25, -12, 4, 7, -17, -3, 7]
[-6, 3, -10, -15, 3, -16, 4, 3, -39, -11, 15, 6, -15, 12, 3, 19, -23, 1, 20, 0, 1, -24, -1, -30, 0, 16, -2, -2, 15, 11, 9, -16, 11, 8, -4, -3, 12, -16, -26, 2, 17, 4, 18, 10, -9, 23, 5, -2, 8, -11, -4, 3, 2, 3, -19, 5, 8, 11, 34, -1, 4, 28, 2, -10, 1, -15, -18, -4, -15, 5, 12, -7, -1, -1, -24, -34, 1, 17, -14, 14, -2, -13, -7, 8, 3, -5, -8, -22, 8, -4, 8, 5, 10, 8, 14, -18, 13, -34, 10, 12]
[-8, -7, 22, 23, 17, 2, 26, -12, -22, 9, -9, -6, 12, 25, 16, 17, 22, -7, 5, 18, -10, 4, 29, 19, 2, 12, 13, -2, 5, -7, -7, 15, 8, -26, 12, 0, -7, -16, 8, 4, -1, -6, -9, 1, 9, -1, -7, -11, 4, 4, 6, -2, -7, -16, -19, 25, 4, 4, 20, -9, 0, -14, -36, -28, -30, 22, -8, -9, 3, 16, 12, 10, -14, 27, 0, -18, -2, 20, -25, -4, -17, 3, -25, -2, 8, 7, 9, 19, -7, -4, 38, 19, 2, 20, -5, 3, 36, -24, -30, 9]
[-21, 14, -2, 21, -16, -23, 19, -9, -20, -31, -13, 9, -13, 3, 3, 25, 24, -5, -31, -4, -15, -27, 3, -1, 9, 0, 14, -9, -5, -2, -3, 6, 4, -10, 17, 17, 10, 13, -11, 4, 1, -11, -7, -8, 27, -15, -10, 5, 12, -13, -6, -3, 6, 6, -21, 10, -13, -5, 6, -21, -10, -11, -39, 4, -13, 19, -11, -13, -5, 11, 8, -6, -11, -3, 12, 5, -21, 16, -15, -4, -20, 1, -5, -7, -19, -12, 14, 5, -16, 9, -21, 9, -6, 6, 7, -4, 18, 1, -3, 8]
[13, -23, 22, 9, 20, 3, -18, 4, -8, 13, 9, -9, -31, -3, -12, -10, 14, -1, -22, -7, -1, 0, -5, 11, -18, 6, -10, 11, -10, -37, 13, 19, 2, -1, -15, -4, -18, 3, 24, 28, 5, 16, -10, 8, 4, -17, -11, 6, -16, 6, 13, 21, 11, -9, -3, -7, -12, -20, -7, -16, -22, -10, -30, -8, -13, -2, -7, -24, 4, -11, -11, 1, 11, -9, 9, 4, -30, -7, -3, 34, 26, -18, -3, 31, 3, 30, 11, 22, -7, -17, 17, 33, -11, 2, 16, -16, -6, 10, -16, -8]
[57, -26, 28, -9, 0, 7, -14, 13, 4, 9, -3, -7, 18, 19, -4, 21, 9, -5, 2, -29, 24, -15, 2, -27, 12, -14, -15, -5, -12, 38, 9, -15, -11, -39, -10, -12, 8, 6, 8, -3, 4, 9, 3, -23, -4, -22, -21, 16, 3, -3, 0, 4, 18, 16, 17, -16, 27, -3, -21, 2, 39, -10, 14, 16, -11, -1, -10, 0, -13, -13, 14, -3, 1, -5, 2, 34, 11, -6, -15, -6, -10, 13, -24, 0, 12, 0, -31, -33, -7, -5, 2, 8, -23, -1, 7, 17, 10, -16, -1, 9]
[-7, -2, 10, -1, 3, -12, 0, 6, -5, -1, 24, -7, -11, 4, 8, -2, -7, -7, 3, -6, -5, 8, -6, 1, -11, 15, -4, 15, 4, 0, 2, 12, 15, 7, -9, -3, 12, 9, -11, -7, 2, 9, 6, -11, -14, 17, -1, 5, -9, -4, 13, 6, -21, -14, 7, 2, 24, 14, 17, -6, -6, 13, 4, -5, -1, -5, 17, 1, -16, 3, 3, 9, 14, -9, -2, -29, 6, 14, -31, 4, 2, -10, 28, 12, -1, 1, -20, 7, 17, 1, 0, -14, 2, -12, -19, -23, 3, -6, -4, -15]
[-18, -2, -25, -15, -1, 6, -9, 24, -5, -9, -5, 0, -15, 6, 16, -2, -24, -16, -2, 3, 13, 6, 10, 37, 24, 4, -3, 6, 3, 12, -8, 6, -2, 20, 3, -3, -19, -25, 24, 0, 2, -16, 5, -25, 23, -31, 9, 10, 2, -11, -8, -10, 10, -17, 3, -7, -6, 6, 21, 9, -2, -33, 3, -12, 16, 4, -12, -12, 5, -9, -34, 2, 7, 2, -10, 5, -8, -2, 4, -11, -3, -8, 10, -1, -4, -14, 5, 7, -28, 10, -4, 11, -1, 9, -14, -13, -15, 14, -30, 19]
[-29, 22, -3, 11, -15, 14, 34, 3, -19, -17, -6, 29, 23, 2, 13, -26, 2, -3, 20, -15, -2, -12, 1, -14, 17, 9, 22, 5, 4, 21, 15, -4, 5, 19, 38, -9, -19, 4, 12, -7, 20, 2, -2, -9, -2, -14, -4, 11, -17, 12, -13, -31, 6, 1, -10, 6, 39, -22, -12, 34, 14, 1, 12, -9, -2, -5, 7, 5, 11, 6, 31, -4, 27, -4, 0, -12, -4, -25, -4, 26, 10, -7, -2, -19, -7, 16, -11, -4, -38, 12, -13, -32, 17, -40, 1, -24, 2, 30, -6, -5]
[-13, -17, -32, 7, 3, 14, -3, 9, -34, -24, 47, 2, 19, -12, -44, 11, 32, -15, 8, 2, 11, -14, -19, -3, -13, -1, -7, -7, 0, 22, -2, -13, -4, -3, 3, 19, -3, 30, 4, 4, 3, -3, -26, 27, -4, -13, 22, -8, 8, 7, -9, -4, 14, 5, -17, 33, -1, 18, -2, 12, 19, 19, 1, 26, -6, 19, -6, -9, 8, 0, 15, 21, -26, -6, -14, 6, 4, 5, 15, 2, 2, -11, 7, -15, -10, 17, -15, 2, -16, -26, 1, -11, -27, 5, 16, 13, 0, 0, 18, 16]
[25, -2, 1, 7, 15, 20, -16, 25, 3, 8, 9, -7, -8, 19, -16, 2, 12, 1, -11, 6, 5, 14, 1, 2, 3, -1, 14, 29, 21, -11, 18, 11, 22, -30, 14, -3, -19, 8, 2, 18, 18, 26, -17, 29, 2, -8, -8, -2, 2, -6, 2, 12, -3, 5, 9, 5, -25, -22, -7, -5, 26, 13, -28, -11, -27, -4, -1, -14, -19, -11, 14, 12, -4, 0, -10, 2, -16, -1, 5, 34, -1, 8, -7, -9, 5, -2, 8, 2, 4, -1, 26, 32, -20, 29, 21, 15, 15, -6, -3, 14]
[-9, -1, -6, 3, 16, -3, -19, -21, -5, 26, 20, -4, 9, -16, -10, -18, -3, -17, 9, 14, -15, 7, -6, -7, -8, -18, -16, -1, -9, -28, -12, 5, -18, -10, 6, -4, -4, 17, 18, 11, -37, -13, -7, -20, -15, 5, -23, 7, 0, 26, 6, -1, 4, -4, 16, -23, -38, 10, 5, 6, 7, 2, -2, 13, -18, 5, 11, -18, 1, -22, 19, -9, -3, 5, 1, 15, -4, -1, 26, -15, -4, 5, 1, 24, -7, 19, -4, 4, 3, -22, -14, 32, -6, 13, -9, -14, 15, -29, 5, 36]
[12, -1, -7, 19, -9, 7, 2, -17, 22, 5, -5, 5, -7, -8, -1, -28, 22, -9, -3, 8, 28, 7, 13, 6, 1, -5, -1, 9, -5, -41, -2, 6, -10, 7, -6, -5, -29, 14, -9, -4, -4, -12, 6, -10, -23, -12, -18, 3, -15, 2, -1, -13, 9, 13, 1, 23, -12, 12, 1, 3, -8, 2, 2, 5, 8, -7, 3, -10, 22, 7, -21, -15, -26, 28, 15, 11, -1, -24, 18, -1, 10, 18, -13, -13, -12, 12, 24, 26, -20, 3, -12, 11, -4, -6, 17, -14, -8, 5, 27, 0]
[13, 7, 12, -8, 4, -11, 9, -7, -8, 5, -3, -16, 7, -32, 9, 6, 12, -3, 12, -10, -5, 13, -1, 4, -4, -4, 6, 14, 15, 14, 8, 8, 4, 1, -18, 3, 15, 34, -24, -21, 6, -9, -29, 1, 8, -10, 9, -16, -9, -7, 11, -4, -19, 3, 21, -22, 9, 3, -25, -13, -12, 0, -22, -1, 15, -18, 20, 17, -11, 16, -20, 23, -12, -12, 6, -5, -25, 6, 12, 17, -2, -46, 17, 31, -2, 7, 3, -12, 6, 17, -10, -17, -8, 15, 8, 12, -33, 12, 16, -9]
[24, -4, 7, -5, 11, -15, -14, -9, 3, 1, -12, 12, 13, -3, 9, -10, -37, -5, -13, -36, 22, 14, -1, 6, 11, 31, -3, -14, -13, -19, 22, 3, -8, 9, -22, 1, -1, -9, -8, 15, 13, 0, 24, 1, 9, -2, -4, -5, -36, -6, -1, 4, 3, -5, 18, 8, 22, -4, -11, 29, 3, 11, 34, 9, 9, -11, 11, 8, 12, -3, -34, -32, 10, -9, 6, -1, -13, 2, -11, 36, 8, 10, 2, 14, 9, 12, -2, -11, 11, 14, 6, 1, 2, 15, -12, -13, 2, 26, 20, -10]
[6, 30, -10, -21, -10, 19, 19, -24, -14, -4, -16, 12, -3, 5, -16, -5, -24, 2, -21, -25, 20, 3, 23, -11, 6, 21, 5, -12, -16, -9, -8, -41, -1, -19, 22, -2, 9, 17, -6, -3, 1, 17, 6, 1, 8, 11, -1, -9, 9, -2, 16, 5, -12, 21, -9, 4, 6, -17, 26, 9, -2, 30, 3, 8, 13, -15, 29, -27, -30, 14, -3, 17, 2, -6, -11, -2, -10, 4, -19, 24, -4, 4, -13, -21, 2, 9, -6, -7, -15, -15, -4, -13, 2, -16, 19, -30, -8, 14, 25, -5]
[-10, 3, 26, -4, 14, -7, 18, 17, -9, -54, -6, -17, -16, 2, 9, 7, 38, 17, -16, -14, -7, 1, -9, -2, 18, -24, 25, 18, -7, 10, 6, 3, -4, 9, 5, 15, 26, 10, -41, 11, -12, 2, -7, 8, -2, 17, 13, 22, -3, -24, -28, 3, 12, 9, -9, 0, 5, -10, 21, -11, -20, 22, 1, -24, 2, 6, -19, 8, -25, -2, 26, 17, -1, -14, -11, -15, -9, 31, -22, -3, 5, -19, -8, -14, -13, 0, 31, -17, 13, 11, 15, 12, 9, 14, -6, 31, -3, -6, 14, -10]
[13, 2, -19, 0, -1, 16, -20, -4, -11, -17, -24, -17, -8, 35, -1, -8, -32, -14, -20, -1, 6, -15, 11, 2, 13, 8, 1, 5, -14, -1, 26, -17, 12, -15, 5, -7, -3, 4, 0, -2, -14, -6, -23, 13, 8, -7, 1, -5, 10, 3, -3, 2, 16, -12, -1, -2, 16, -7, 22, 2, -12, 22, 5, -2, -11, 3, -33, 17, -27, 13, -2, 0, 6, 13, -8, 1, 7, 16, -19, -4, -18, -2, 6, -18, -5, -9, -6, 14, 6, -9, 11, 3, -10, 27, 15, -3, 0, 0, -11, 8]
[18, 11, -3, -14, 3, -32, 12, -17, 2, 15, 12, 10, -11, 2, 20, -1, 17, -13, 20, 36, 10, -23, -4, 9, -2, 33, -8, -22, 1, 18, 3, 13, 4, 10, -20, -1, 2, -10, 3, 11, 16, 21, 27, -13, -10, -1, -8, -10, -12, -11, 2, 0, 4, 1, 9, -13, -2, 20, -16, -1, 6, -24, 6, -21, 24, 7, 10, 25, 4, -6, -24, -8, -20, 0, -5, -33, 14, 28, -6, -3, 3, 3, 18, 4, -1, -8, 4, -2, -26, -1, -8, -24, -8, 0, 0, -15, -4, -32, -11, -18]
[2, 26, 9, -23, -4, 22, 11, -17, 18, -17, -17, 1, -8, 10, 23, -18, 13, -16, 4, -32, 8, 16, -3, -18, 10, -7, 1, 20, 1, -9, -12, 8, -19, 10, 3, -13, -8, -7, -4, -13, -23, 4, 5, 2, -27, 6, -18, 27, 10, -4, 5, -7, -10, 17, 6, -19, -9, -3, 3, 0, -6, 29, 18, -4, -1, 1, 17, 19, 2, 3, 9, -30, 8, 4, -19, 13, -10, 14, -17, 0, 0, 2, -12, -5, -20, -10, -3, -21, -5, 13, -25, -13, 3, 4, -16, -4, -16, 17, 36, 2]
[29, -1, 5, -11, 24, -25, -22, -29, 0, 17, -9, -9, 0, 2, 12, -9, 0, 11, 29, 19, -12, -5, 25, 18, -2, -7, -8, 7, -24, 15, 5, -5, 4, -28, -11, -14, 8, -7, 30, -9, 27, 11, 11, -2, 6, -26, 6, 4, -1, 9, -6, -11, 17, -12, -26, 5, 14, 2, -9, -1, 22, -18, -8, 17, 13, -2, -16, -7, 21, -2, 4, 11, -12, -4, -18, -20, 3, 11, -11, -6, -15, -10, 13, -3, -13, -16, -13, 3, 13, -12, 18, 3, -2, 7, 11, 8, -22, 15, -2, 19]
[12, -16, 16, 15, -4, 10, 11, 51, -18, -25, 8, -27, -22, 19, 10, 12, 44, -8, -11, 0, 1, -14, 14, -15, 22, 12, -1, 21, -19, 38, 38, 10, 33, 9, -4, -8, -3, 4, -11, -5, 10, 5, -12, 8, 1, 2, 20, 23, 19, -5, 11, 13, -11, 6, -4, 12, 6, -7, 43, -9, 1, 11, -16, -5, -19, 18, -7, 3, 0, 0, 23, 22, 2, 1, -19, -1, -5, -19, 14, -21, -15, -9, -34, -12, -15, -12, -11, 2, 7, 0, 3, 27, -6, 23, 9, 26, 9, -15, 10, -7]
[16, -9, -9, -20, 42, -29, -1, 10, -15, -14, 12, -12, -4, -12, -20, 2, 22, 6, -6, 5, 11, -26, -6, 1, -11, -44, 16, 8, 1, -14, -16, 7, -19, -12, 11, 5, -29, 3, 17, 15, -13, 16, -26, -11, 3, 1, -10, 7, 13, -11, 4, 5, -19, -11, -7, -32, 1, -35, -15, 3, 1, 11, -12, 20, -11, 15, -7, 12, -5, 3, -11, 12, -2, -4, 16, -4, 6, 10, -16, -4, -17, -5, 7, 1, -16, 1, -13, 34, -5, -22, -20, -6, -18, -10, -16, 11, 0, 1, 24, -4]
[21, -23, 11, 1, 9, -9, -11, -33, 5, -4, -1, -5, 4, -6, -19, 31, 18, 5, 1, -2, -23, 16, -13, 17, -1, 2, 16, 17, 0, 0, 5, 13, 21, -1, 6, 27, -9, 27, -4, -17, -31, -3, -18, -4, -16, 20, -21, -19, -8, -9, 10, -8, -13, -16, -14, -32, -12, -9, 3, -29, -10, 13, 8, -15, 6, 11, 20, -13, -8, 2, -8, -1, -8, 6, 0, -15, -21, 10, -14, -12, 11, -18, 30, -16, -3, 20, 6, 5, 24, -15, -16, -5, -29, 2, 2, 29, 4, -30, 8, 6]
[16, -29, 24, 32, -11, -28, -18, 4, -8, -5, -8, 7, -35, 13, 34, -9, 26, -3, 13, -3, -10, 7, -25, 12, 13, 16, -14, 16, 4, 2, 33, 6, 4, 6, -7, -5, 9, 5, 3, -11, 5, -20, -21, -1, 9, -34, 6, 3, 9, 0, -4, 11, 21, 5, -3, 21, -19, 20, 20, -33, -9, 4, -10, 7, -9, -12, -27, -14, 38, 5, -24, -3, -21, 5, 5, -3, -9, -2, 14, 1, 14, 3, 2, -15, -5, -13, 11, -5, 9, -26, 16, 24, -29, 37, 14, 29, -3, 19, 17, 15]
[-33, 14, 7, 30, -35, -8, -6, 15, -15, -17, 9, 12, 18, 17, -17, 19, -14, 26, -18, 16, -28, -18, 9, -14, -4, -8, 7, 7, 27, -3, 1, -2, -4, 13, 17, 5, 1, 3, -22, -3, 4, -14, -16, 20, -18, 23, 3, -7, -5, 9, 0, 5, 2, -2, 0, -3, -1, 15, 17, -14, -13, 5, -13, 7, 4, 5, 15, 5, -11, -12, 22, -4, -9, 9, 18, -16, -1, -3, -3, 10, -16, 2, 5, 0, 0, 1, 7, 2, 22, -9, -9, -17, -13, -23, 0, 13, 4, -18, -12, 23]
[-18, 21, -11, 13, 0, 35, 13, -11, 14, -19, 20, -1, 13, 41, 20, 41, 35, -14, 2, -16, -8, 8, -8, -4, -14, 9, 6, -23, -3, 26, -11, 17, -13, 6, -10, -7, -18, -11, 17, -3, -10, 13, 17, -12, -20, 5, 12, 4, 18, 8, 16, 6, -1, -3, 6, -6, 8, 16, -36, 10, -1, 5, -6, -7, -8, 5, 0, 14, -14, -7, 33, 2, -9, 9, -7, 5, 2, 3, -19, 1, 11, -1, -2, 6, 3, 4, -2, -5, -8, 2, -9, -41, 9, -14, -9, -9, -4, 6, -3, -15]
[6, 2, -29, -6, 8, -11, -31, -3, -12, -11, 6, 22, -20, -6, -9, 20, 39, -11, 7, 8, -17, 6, -7, 7, 20, -38, -31, 4, 8, -2, -9, 0, -19, 0, -2, -26, -21, 8, -3, -21, -10, -11, -10, -28, -20, -16, -17, -16, 8, -5, -1, -26, -19, 10, -8, -9, -5, 13, 5, -6, -1, 4, -10, 14, 11, -4, 10, 7, -6, 10, 14, -6, -22, -16, -5, 0, -3, -4, 27, -30, -10, 5, -6, 4, -31, 11, 2, -9, -19, -6, -35, -9, -1, -9, -4, 21, -18, -30, 27, 4]
[3, -16, 3, -1, 34, -6, -15, -6, -10, 29, 9, -11, -9, 12, 5, -9, -4, 0, -19, 12, 4, 0, 4, 11, -10, 25, 3, -27, -29, -11, -11, 21, 8, 1, -21, 1, 9, 9, 3, 14, 17, 11, 27, 11, 5, 2, -4, 3, -6, 28, -3, 18, -5, -5, -15, 2, 8, 5, 4, -2, -27, 0, -42, 2, 0, 15, -28, -20, -12, 0, -13, -20, -17, 17, -2, -2, -13, 1, -7, 11, 0, 11, 10, -11, -5, -4, 0, -9, -21, -21, 18, 29, -12, 9, -5, -20, 14, -18, -3, 16]
[10, -4, 2, -15, 14, -5, 19, -7, -4, 23, -5, -9, -1, -8, 4, -6, -15, 2, -6, 20, 0, -4, -11, 10, 11, 14, 21, 4, 3, 37, 30, 1, 8, 0, 31, 2, -7, 10, -23, -4, 28, 33, 3, 17, 7, 6, -16, -11, -16, 10, -16, -12, -4, 19, 2, -1, 5, -8, -11, 12, 24, 13, -16, -20, -2, 20, -16, -9, -9, 1, 17, 11, 1, -20, -22, -7, -2, 29, -17, -1, 15, -9, 6, -19, -2, -23, 10, -29, -24, 2, 6, -12, 3, 11, 37, 19, 7, -17, -17, 0]
[3, 4, -35, 19, -23, -24, 5, 1, 1, 8, 3, 21, 3, -8, -13, -1, 22, 12, 23, 11, -3, -11, -16, 23, -11, 6, -19, 1, 17, -8, -9, 2, 8, -3, 6, -2, -9, 13, -3, 2, 2, -9, -10, -13, -17, -3, -1, -24, -24, -2, -34, -6, -3, 22, 25, -15, -16, -10, -4, -8, -22, -16, -10, 9, 2, -2, 18, 3, 1, -2, -15, 2, -14, 9, 0, -14, 20, 7, 10, -1, 4, -22, 17, -8, -10, 8, 12, 21, 10, 21, -4, -35, 17, 1, -8, 7, -18, 26, 11, -20]
[-1, 14, -26, 7, 28, -8, 9, 7, 2, -10, -3, -6, -6, 9, 9, -35, 3, 5, 3, -15, 18, -1, -1, 2, 8, 2, -6, -3, -29, -21, 7, 28, -7, -26, -2, -13, 17, 11, 11, 7, -2, -8, -12, 14, -1, -6, 9, 15, 11, 16, -11, 11, 9, 1, -6, 4, 9, -6, 16, 37, 2, -10, -8, -6, 0, 20, -9, -16, 7, 7, 15, 11, 10, 26, -3, 15, -24, 16, 29, 10, -1, -8, 5, -6, -4, 2, 12, 19, 6, -5, 8, -24, -12, -9, -2, 1, -1, 28, 10, 27]
[-5, -13, -14, 3, 23, 11, 19, -20, 5, 3, 18, 8, 21, 16, -1, -18, 9, -8, 2, 11, -16, 10, 26, 8, -23, 17, -13, -18, -18, -3, -2, -5, -3, -16, -5, -7, 3, -5, 3, 9, 9, -20, -13, 10, -13, 6, -7, 16, 5, -9, -1, -4, 24, -21, -17, 20, -1, -6, -3, 11, -6, 20, 11, 21, -1, 12, -15, -31, 15, 11, 11, -32, -9, -3, -14, -16, 18, 13, -7, -24, -5, 5, -22, -10, 1, 11, -11, -7, 20, -4, 3, 5, 4, 4, -24, -3, 12, 17, 26, 15]
[12, 21, -7, -16, -9, -2, 10, 7, -16, -38, -6, 3, 10, 0, -14, 10, -27, 1, -7, -21, 4, 1, -9, -12, 27, -21, 5, -15, 9, -28, -12, -12, -31, 11, -6, 5, -3, -24, 13, -10, -11, -2, 24, -21, 1, -15, 6, 1, -8, -4, 9, -20, 31, -37, 12, 4, -1, -7, -1, 12, 8, 20, 17, 11, 2, -8, -26, 4, 9, 1, 1, 0, 12, -1, 12, 6, 25, 5, -4, -5, -4, 5, -5, 0, 12, 11, 14, 9, -30, -1, 10, -11, 21, -6, 20, -9, -10, 22, 6, -5]
[15, 0, -23, -7, -15, 18, 4, -1, -11, -5, 18, 1, 5, 30, -15, 13, -13, 4, 2, -8, 11, -6, 23, 1, -20, -11, -24, 16, 33, 10, -14, -17, -15, -13, -3, -26, -3, -7, 14, 11, 8, -11, -7, 10, 7, -21, -1, -20, 24, 11, 21, 38, 6, -5, 7, 29, 3, 3, -3, 9, 18, -23, 20, 5, 9, 17, 12, 6, 4, -11, -14, 1, 9, 6, 5, -11, 18, -13, 7, -12, 3, 27, -6, 3, 3, -4, -19, 29, 17, 12, 7, -11, -6, -27, -20, -5, -2, 6, -4, 3]
[47, -6, 28, -7, -27, 16, 14, -21, 14, -7, 3, 13, 19, 2, 8, 15, -1, -39, -9, -19, 3, 5, 3, -13, -9, 16, 2, 21, -10, 5, 15, -8, -10, -16, 11, 8, -11, 28, -24, 17, 2, 2, -20, -5, -22, -24, -41, 1, -1, -33, -15, 4, 37, -1, 11, 13, 21, -8, -25, -28, 10, -6, 1, 6, 7, -13, -4, 2, -24, 6, -4, -6, -2, 6, 2, 21, -2, -5, -5, -3, 2, -12, -5, -13, 4, -24, 6, -20, -11, 34, 13, -6, -14, 5, 3, -12, 0, 4, 7, 13]
[25, -20, 26, -26, 7, -11, -5, -16, 21, -12, -23, -11, 10, -8, 19, -11, -22, -28, 15, -22, 6, 13, 4, -3, -13, 11, 8, -7, 2, -4, 16, 0, 21, 6, -20, 27, 12, -6, -6, -5, -9, 10, 22, -11, 8, 17, 2, -13, -8, -19, 13, 0, -2, -27, -39, 15, 25, 5, 3, -4, 10, 0, 13, 8, 7, 18, -33, -16, 8, 8, 2, -11, 16, 7, 5, 2, -1, 12, -7, -6, 22, 2, 11, -23, 8, -16, 6, 8, -4, -6, 22, 16, 11, 3, 3, 4, -4, 11, -2, -18]
[-2, 1, -20, -1, 14, 19, 15, 11, 9, 0, 11, 2, 0, 18, -25, 20, 10, -11, -19, -7, 14, -6, 19, -21, 7, 4, -6, -1, 13, -2, -6, -8, 12, -9, 6, 3, -5, -13, 20, 19, -10, -2, -13, 5, 1, 4, 1, -18, 6, -17, 29, 18, -3, -4, 18, 6, -3, -15, 24, 6, 19, -17, -12, -5, -1, 15, 33, -19, -4, -11, -13, 24, 3, -2, 5, 4, -18, 7, 17, -4, -8, -13, -17, -14, 9, 1, -25, 20, 10, -12, 19, -26, -8, 12, 15, -3, 12, -16, -22, 18]
[-5, 7, -18, -15, 23, -7, 38, 1, -13, 9, -21, 29, 0, 23, 21, -1, 4, -10, -2, 3, 13, 2, 18, 4, 4, 23, 8, 1, 11, 0, -4, -17, 4, -29, 26, -33, 0, -11, -1, 4, -6, 6, 31, 0, 15, -18, -4, 11, 1, -8, -20, -18, -18, -7, -1, -6, 19, -29, -5, -2, -11, -12, 18, 13, 9, 13, -18, 10, -29, 23, -13, -3, 13, 9, 6, -1, -17, 31, 4, 16, -3, -7, 9, -8, -15, -20, 5, -10, -22, 27, -9, 0, -32, 28, -16, -2, -8, 20, 0, -8]
[1, 9, 19, 5, 5, -2, 13, -19, 0, 21, -7, -15, -21, -22, -7, -15, 2, 18, -21, 6, 13, 9, 26, 11, -12, -3, 5, -10, 11, 0, -10, 14, 4, -17, 5, 15, 1, 9, -29, -10, -4, 1, 4, 18, 5, 24, 23, -9, -3, 18, 24, 4, 8, -9, -16, 6, -4, -4, 33, -6, -5, 8, -2, 0, -5, 8, -7, 4, 17, 5, 9, 15, -2, 4, -5, 17, -9, -3, 17, 5, 6, 0, -4, 17, 0, -6, 18, -8, 26, -6, -2, -7, 7, 5, 18, 7, 19, -8, 29, 0]
[-12, 8, 3, -8, 10, 21, 32, -23, -9, -8, 26, 9, 7, 15, -9, -1, 2, -26, -7, 1, -7, 7, 10, -8, -17, 32, 5, -6, -9, 26, 1, -3, 14, -8, 15, -12, -15, 2, 25, 14, -16, 9, -11, -2, 1, -4, -8, 28, 9, 24, 51, 6, -3, -22, 3, 23, 20, -4, -16, -3, -7, 3, 17, -4, -18, 11, -11, 5, 15, 4, 12, -6, 17, -2, 12, -12, 12, -21, -15, -5, -7, 21, -7, -7, 1, -7, -18, 21, 3, -13, -2, -7, -16, -7, -27, -30, 5, 0, -16, 0]
[-18, 17, -10, -8, -3, -40, 0, -14, -5, 18, 13, -15, 0, 16, 9, -17, -10, 5, -3, 40, -6, -2, -8, 30, 0, 26, -11, -9, -17, 29, 11, 9, 10, 19, 0, 7, 8, 6, 11, -13, 0, -5, -3, -5, -6, 13, -22, -26, -16, 24, 4, 0, -20, -3, 1, -19, -6, 17, -1, 2, -12, -28, 3, -9, 11, 8, 16, 7, -28, -13, -9, 8, 0, -11, 3, -22, 2, -10, 4, -21, 4, -14, 24, -12, -14, 6, -21, 10, 11, -29, -14, -16, 0, -10, 1, -21, -5, -14, -10, 18]
