[26, -55, 27, 1, 2, 4, 26, -28, 0, 9, -3, 17, -7, 46, 9, 32, -35, -45, 36, -48, 7, -3, 3, 7, 3, -28, -36, 75, 37, -27, -18, 14, -16, 18, -32, -10, 3, 51, -22, 13, -21, 32, -38, -13, 29, -5, 3, 17, 56, -29, -11, 2, -49, 55, -27, -54, -5, 8, 7, 8, 25, 24, -10, -38, 22, -5, 43, -19, 3, -12, 40, -37, -1, 19, -25]
[21, -4, 2, 7, -45, 22, 24, 16, 15, 12, 19, 33, 41, 25, -16, 2, -29, -8, 33, -4, -14, 21, 10, -7, -23, -34, 3, 17, 28, -17, -41, -1, -49, 33, -2, 3, 12, -53, -3, 35, 20, 27, -9, -44, -9, -2, 66, -11, 61, -43, 0, -9, -8, -37, -35, 7, 2, 0, 2, 47, 5, 43, 3, -63, 53, -63, 29, -10, -39, -2, 62, -17, 3, -3, 46]
[-24, -6, 27, 32, 18, 4, 26, -68, -4, 54, 25, 32, -26, -15, 36, -32, -14, -5, -14, -5, -25, -27, -27, 5, 32, 3, -7, 44, -30, -48, 15, -41, -29, 3, -26, -12, -42, 59, 20, -61, 18, 26, 22, 23, 29, 11, 56, -9, 16, 29, 8, -3, -36, 28, -27, -23, 30, -5, 14, -39, 12, 25, -44, 42, 11, 33, -8, -30, -3, -4, 21, -54, -26, 23, -41]
[-31, -27, 1, 28, 13, 18, 2, 1, -1, 14, -7, -35, -51, 45, 17, 53, -29, 27, -23, 7, -59, -23, -10, 19, -13, 8, 94, -3, -1, -38, 19, 11, -15, -17, 18, 5, -67, 11, 52, -43, 51, 32, 29, 9, 35, 11, 31, -11, -1, 36, 7, -22, 3, -11, -41, -45, -13, 32, 9, 21, -9, 19, -39, 9, 16, 0, -9, -25, -6, -22, -10, 56, 10, 15, -18]
[14, -46, 3, -29, 25, 2, -1, 36, 54, 67, -5, -34, -77, 5, 31, 10, -17, 34, -9, -10, 7, 20, -52, 4, -10, 18, 35, 21, 13, -3, 0, 51, -11, 31, 35, -23, -20, -49, 19, 16, 49, -13, 17, 30, 25, -23, 16, -6, -9, 34, -32, -22, 3, -16, -17, -29, 24, 16, 60, 27, -1, -4, -11, -47, -13, -84, 11, -7, 14, -2, -21, 0, 18, -12, 10]
[45, -57, -18, -34, 20, 3, -37, 73, 20, 45, 14, -25, -10, 57, -3, 29, -11, 12, -19, -49, 4, -42, 1, 21, -15, 54, -13, -37, 0, 24, 35, 35, 38, 57, -39, 5, 0, 3, 8, 38, 41, 31, 2, 11, 12, -14, 26, 19, -3, 40, -36, -4, 42, -47, -50, -19, 9, 25, 40, 5, -47, -4, 12, -57, -51, -25, 31, -39, 8, -32, 6, 10, 33, -35, -1]
[-29, 73, 6, 40, 20, 2, -14, -12, 13, -38, -26, 12, 62, -48, -13, -8, 57, 10, -62, -4, 1, 9, 54, -53, 22, 2, -40, -29, -57, 31, 0, -19, 45, 4, -62, -8, -18, 52, -79, 23, -10, 13, 2, 4, -57, -24, 23, 30, -51, -31, -24, 32, 53, -32, -3, 45, -31, 10, -42, 26, -30, 14, 23, 32, -9, 37, -26, -12, -18, 14, 6, 9, -23, -22, -17]
[12, -20, -24, -40, 7, -28, -20, 81, -48, 37, 33, -40, -61, 13, -3, 32, -52, 4, 31, -19, 49, 15, -43, 66, -26, -3, 3, 11, 43, 2, 3, 36, 59, -7, 13, 20, 12, -9, -6, -41, 23, -18, -15, 66, 12, 23, -121, -47, 17, 9, -5, 39, 7, -14, 26, -9, -2, 26, 33, -14, 30, -55, -21, -21, -53, -44, -51, 13, 27, 22, -17, 19, 14, -18, -17]
[-14, 35, 10, 59, 24, 38, 29, -38, 79, -72, -44, -40, 4, -3, -13, -5, 51, 1, -43, -18, -61, -60, 28, -31, -28, 33, 31, -60, -35, 6, 34, -50, 16, 1, 60, -22, 2, 17, 12, -16, -9, -1, 26, 19, -18, 5, 45, -1, -48, 7, 3, -31, 33, 44, 29, 25, 7, 2, -63, 80, -17, -21, 13, 22, 23, 29, -43, -25, -19, 12, -12, 67, -9, -6, 27]
[-17, 60, 18, 47, 27, 46, 16, 85, 60, 54, 27, 9, -60, -51, 22, -16, -39, 23, -40, 21, -67, -21, -63, -6, -13, 1, 58, -10, -8, -55, 34, -10, 27, -7, 60, -9, -56, -13, -19, -39, 15, -24, 48, 78, -4, -17, 66, -103, -8, 35, -2, 32, 49, -1, 16, 16, -9, 38, 30, 48, 15, -39, 4, -6, -26, -69, -24, -31, 12, 38, -8, 52, 32, 8, -30]
[-41, 13, 8, 11, -58, -9, 19, -80, -3, -14, -17, 16, 21, -14, -14, 25, -20, -27, 29, 19, 40, -18, 30, -9, -42, -3, -46, 18, 16, -2, 11, -61, -21, -28, -10, -23, 26, -9, 50, -70, -24, 4, 38, 7, -42, 67, -104, -17, 54, -28, -11, -25, -56, 53, 8, 50, 54, 11, -33, 15, 2, 9, -30, 42, 43, 19, -22, 64, -42, 15, 18, 4, -20, 18, -10]
[6, 36, -10, 19, 11, 18, 8, 89, 55, -9, 37, 1, -42, -33, 29, -37, -10, 24, 18, 8, -31, -6, -61, -14, -9, -30, 38, -15, 25, -15, -11, -45, 24, -15, 84, -2, 10, -57, 2, -46, 22, -24, -39, -2, -31, -26, 57, -42, 16, -15, 6, -29, 45, -27, 37, 0, -15, -27, 46, -7, 47, -34, 22, -61, 38, -103, 8, -72, 46, 35, -66, 20, -51, -28, 57]
[-51, 33, -31, 19, 12, -2, -2, -14, -39, 66, 11, 21, -33, -78, 24, -17, 24, 38, 17, 68, 18, 73, 6, -55, 28, -31, -6, 76, -4, 26, -1, -15, -19, -3, -42, 14, -28, 53, -1, -40, -4, 11, -19, 22, -19, 6, -15, -2, 47, -88, -20, -8, 18, 47, 29, 3, -6, -5, 78, -26, 5, 61, 17, 19, 13, -16, -32, 13, 26, 15, -17, -66, -18, 5, -34]
[10, 76, 9, 34, 60, 7, 47, -72, 86, -31, -1, 22, 19, -14, 14, -82, 31, -11, -43, -30, 2, 14, -26, 54, 30, -49, -11, -9, -37, -9, -23, -6, -32, 46, 51, -39, 52, -33, 1, 62, 15, -48, 5, -7, 9, -3, 8, 42, -16, -18, 17, 4, 1, -41, 28, -7, 26, -46, 9, 19, 21, -33, -10, -22, 54, -33, -27, -11, 19, -11, -9, -16, -62, -17, 5]
[38, -31, -25, 1, -86, 30, 4, 22, -57, 63, 51, 80, 5, 13, -18, -25, -53, -21, -15, 21, 21, -47, 60, 16, -8, 20, -41, -21, -11, -17, -7, -20, -47, 21, -54, 31, 21, 41, 8, 20, -88, -1, -1, -39, -27, 39, 78, -39, 56, -12, 32, 23, 4, 29, -19, -3, 28, 1, -44, -78, -7, 28, 20, -28, -29, -33, 44, 7, -54, -4, 65, -55, 46, 64, 23]
[3, 58, -8, 51, -56, 1, -21, 9, -46, -3, 1, 32, 53, -59, -25, -12, -25, -46, -43, 55, 53, 7, 29, -40, 21, 14, -15, -48, -62, -24, -1, -25, 32, 3, -36, 12, -8, 33, -84, 12, -6, 7, -4, 1, -75, 9, 58, -2, -11, -3, 27, 86, 27, -22, -64, 13, -60, 43, -39, -53, 56, 26, 1, 51, -42, -34, 41, 20, -40, 41, 86, -33, 9, 7, 22]
[-2, 0, -29, -27, -27, 23, -6, -17, -7, 107, 0, 99, -30, -21, 4, -23, -38, 1, 55, 57, 21, 33, -44, 14, 13, -20, 3, 17, 37, -27, -40, -2, -19, 5, 27, 2, 49, -46, -18, -10, 7, 10, 22, 20, -42, 31, -18, -8, 45, -34, -2, -4, -8, 34, -32, -10, -4, 12, 54, -35, 73, 14, 1, 32, -3, -34, 78, 64, -32, 23, 67, -72, 11, 63, -53]
[-16, -14, -8, 53, 35, 14, -19, -77, 9, -71, -6, 66, 2, 14, 11, 2, 37, -7, -69, -17, -35, -7, -23, 8, 27, -31, -36, 21, -30, -2, -61, -30, 6, 13, -27, -36, 13, 75, -51, 9, -24, -14, -39, -10, 15, 36, 14, 55, -50, 7, -3, 2, -32, 5, -17, -37, -41, -32, -28, -56, 54, -23, 11, -6, 25, 9, 67, -50, 49, 20, 18, -53, -102, 15, -84]
[27, 37, 37, 41, -50, 3, -10, 55, 29, -70, -18, 35, 45, 33, -6, 12, -33, -38, 20, 0, -63, -22, -57, -21, 2, -15, -26, 27, 44, -56, 50, -80, -38, -6, 21, -46, -47, -23, 42, -61, 43, 36, -8, -11, -48, 43, 16, -56, 34, 50, -21, 8, -36, -5, -26, 37, 7, 15, 35, 32, 71, -30, -42, -8, 40, -47, 42, -32, -29, 58, 45, 22, 0, 13, 24]
[-26, 23, -15, -27, 36, -15, -37, 26, 68, 38, -5, 3, 56, -68, 40, -33, 40, 2, -53, 32, -29, 6, -64, 8, 27, 21, -49, -9, -11, 4, 52, -15, 16, 53, -6, -33, 21, -8, 7, -13, 16, -21, 13, 19, -54, -2, 12, 39, -64, 23, -6, 24, 64, 14, -13, 30, 24, -3, 105, -72, 61, 8, -8, 41, -27, 30, 65, 47, 41, -31, -22, -8, -22, 16, -40]
[50, -18, 35, -70, -43, -5, 44, 49, -20, 23, -3, -4, -7, 26, -41, 9, -17, -9, 22, -4, -44, 47, 52, 32, -42, 26, -57, 14, 57, 9, 3, 47, -26, -3, 18, -22, 19, -49, 18, -42, -89, -20, -7, 16, -1, 18, -27, -84, 56, -16, 40, 2, -2, 86, 49, -1, 23, 44, 0, 58, 37, -7, 22, -57, -27, -63, -44, 27, -34, -25, 16, 50, 76, 66, 21]
[9, 1, -40, -11, 98, 43, 2, -3, 41, 6, 16, 18, -8, -46, -14, -68, 73, 0, -97, 6, -53, 11, 37, 44, -2, 77, -16, -85, -24, 50, -24, 82, 60, 68, -8, -36, 62, -13, -68, 85, -55, -36, 19, 8, 12, -38, 23, -10, -33, 41, -5, 14, 104, 11, 27, 18, -16, 33, -11, -28, -40, -16, 62, 0, -2, 4, -8, 8, 32, -31, -11, 8, 37, 0, -58]
[-54, -23, -30, -14, 61, -2, -3, -6, -4, 12, -2, -15, -28, 4, 24, 16, 41, 11, 7, -71, -42, -28, 26, 55, -2, 38, 45, -23, 22, 5, -13, -63, 7, 59, 4, -15, 24, 53, 30, -24, 3, 51, -37, -6, 2, -31, 5, -5, -23, -4, -26, -55, 74, 16, 46, 4, 26, -9, -26, 15, -14, -43, -27, 70, 11, 94, -10, 6, -25, -16, -8, -11, -11, -36, 9]
[-5, 16, 7, -24, 40, -26, -13, -17, -63, -26, -18, -14, -26, 117, -20, 28, -27, 4, 72, -52, 20, 18, 76, 40, 2, 4, 2, -3, 15, -25, -18, -18, 51, -37, 13, 41, -3, 2, 105, 7, -23, 13, -67, -36, 24, -24, -34, 21, 47, -38, 41, -25, 8, -3, 32, -85, -46, -29, 11, 10, 3, -40, 31, -9, 50, 2, 42, -35, 19, -67, -39, 68, 15, 37, 6]
[-45, -34, -58, -4, 30, -5, -49, -69, -72, 36, -14, -8, -46, 56, -12, 12, 4, -39, 3, 13, 21, -31, 2, 60, -31, -3, 22, -20, -4, 4, -1, 13, 89, -36, -27, 38, 37, -19, 62, -53, 34, 31, 40, 2, -11, 74, -115, -15, 14, -6, 9, 9, 0, -15, -30, 22, -41, 6, -25, -61, -49, -12, -36, 13, 50, 23, -31, 9, 55, -9, -35, 81, -31, -15, -40]
[80, 9, -18, -5, -8, 10, 5, -17, 56, -28, -39, 27, -6, 10, 1, -68, 7, -45, -9, 60, -24, -30, 5, 33, -6, 27, -48, -45, 8, 4, 55, 1, -3, 89, 25, -10, 94, -36, 23, -52, 6, -14, -28, 5, -59, 109, -34, 29, 59, -23, -9, -43, 7, -3, 1, 10, 18, 18, 29, -78, 22, -12, 2, -16, -23, -35, -12, -6, -19, 26, 19, -13, -16, 41, -5]
[19, -61, -58, -27, -33, 6, 21, -16, 48, 55, 51, -14, -2, 7, -9, -48, -17, -6, 31, -13, 38, 30, 21, -22, -4, 59, -22, 7, 32, 26, 41, 10, -30, 33, 3, -13, 2, -27, 74, 63, 12, -1, 19, -32, -48, -21, -42, 57, -9, -8, -23, -13, 55, 74, 34, -19, 70, -28, 47, -38, 25, 51, 8, -23, 57, -15, 36, 89, -43, 45, 0, -53, 38, 41, 77]
[-3, 0, -21, 8, 54, 4, -43, 1, 3, -29, -33, -86, -38, 15, -6, 48, 37, -55, 31, -36, 88, 10, 10, -15, -23, 67, 69, -71, 15, 13, -13, 28, 10, -47, 101, 16, 24, -49, 57, 29, 10, 26, 14, 1, 41, -36, 4, -25, -13, 50, 33, -32, -38, 62, -2, 29, -33, 38, -52, 72, -20, -22, -8, 19, 21, 11, 46, 25, 15, -49, -28, 35, 37, -17, 73]
[-76, 53, 35, 10, 72, -38, 43, -79, 5, 9, 11, -21, -13, -38, 37, 5, 10, -56, -25, -86, -8, 41, -5, 28, 2, -29, -9, 50, -49, -45, -23, -29, 7, -41, 18, -21, -2, 22, -3, -31, -30, 35, -74, 55, 75, -35, 5, 28, 20, -38, 34, 3, -26, 16, 14, -22, -1, -49, -47, 61, 56, -11, -30, 18, 36, 8, -14, -26, 27, -46, 11, 23, -78, 47, -61]
[-1, 41, -38, 54, 38, -34, -14, -69, -9, 27, 31, -23, -52, -14, 10, -77, -36, 24, 6, -14, 84, 10, 44, 16, 55, -40, 57, 5, -57, 22, 25, -10, 11, 26, 12, 16, 27, 75, 47, -22, 34, 14, 18, -2, -23, -12, -17, 36, -52, -13, 13, -8, 21, 27, 34, -48, 31, -18, 40, -18, 6, -55, -36, 49, -14, 10, -64, -16, -14, 57, -21, -45, -1, -92, 32]
[-86, -6, 13, 43, -7, -28, 49, -77, 33, -12, 8, 14, 45, -86, 15, -6, 33, -7, -24, 58, 10, 20, 83, -50, 11, 30, -8, 1, -65, -11, -43, -62, 18, 9, -34, -38, -55, 34, 33, -7, -20, -93, 38, 6, -25, -37, 56, -8, -22, -53, 14, 16, 98, 3, 34, -34, -5, -23, -10, -94, 30, 57, 19, 75, 24, 14, -14, 15, 9, 1, -76, -33, -21, 5, 27]
[61, -58, 15, -68, -25, -11, 67, 19, 23, 15, 2, -24, -22, 37, -29, 31, -55, -4, -51, 1, -4, 0, -15, 8, -55, -12, -16, -15, 2, -19, 11, 73, 0, -15, 7, 10, 80, -7, -82, 11, -41, 18, 46, -12, 24, 10, 31, 25, -30, 23, 41, 46, -59, 41, -87, -44, -56, 70, -34, 8, 3, 1, -2, -70, -37, -46, 55, 4, -23, -56, 25, 17, -14, 14, 21]
[8, 52, -3, 27, -11, 0, 8, 49, 42, -65, -66, 55, 60, 11, -7, 40, -3, 3, 10, 11, -2, 3, 65, -22, -8, -47, 45, 7, 40, 19, 34, 1, -27, -13, 8, 51, -4, 34, 40, 73, -20, 44, 62, -70, -36, -54, 14, 17, 18, -27, -79, 2, 40, -26, -11, -18, -27, 10, 34, -6, -67, 11, 44, 39, 35, 65, 81, -31, -31, -23, -5, 47, 34, 14, -13]
[-11, -47, 24, 25, -31, 11, 27, -9, 23, -18, 25, 91, 30, -23, 30, 19, -29, -11, -5, 44, 15, 1, -16, -98, 6, 11, -74, 114, 3, -39, -33, -21, -35, -29, -58, 10, -79, 2, -65, 45, 0, 26, -3, -17, 21, 1, 3, 0, 73, -3, -58, 14, -29, -43, -35, 51, -20, 6, -43, -59, -8, 26, -37, -26, 4, -11, 31, -2, -47, 66, -43, -51, -40, 78, -44]
[60, -1, 29, 9, 47, -4, 10, 24, 2, -62, 81, 44, 42, 49, -49, 12, -96, -14, 7, 40, -9, -17, -12, 14, 12, -73, 24, 0, 2, -44, 2, 22, 49, -38, -65, 24, -21, 14, -46, -6, -1, 55, 3, 8, 35, -17, -22, 34, 72, 9, 52, 38, 14, -76, -34, -30, -63, 48, 11, -19, -26, -2, -7, -44, -44, 16, 32, -59, 22, -40, -71, 57, -21, -41, -64]
[-10, 21, 20, -37, -57, -32, -45, 56, -50, -56, -3, 65, 20, 70, 24, 50, -13, 5, 33, -42, 69, 31, 113, 22, 8, -27, -24, -26, 44, -2, -72, 20, 6, -112, 6, -9, -10, -18, 31, -49, -43, -36, -36, -51, -29, 27, -28, -33, -63, -27, -2, -27, -22, -16, 54, -47, 2, -3, -56, -3, 35, -72, 3, 27, -22, -15, -8, 8, -51, 3, -39, -22, -51, 43, 20]
[30, -6, -39, 56, 1, -24, -41, -62, -68, -25, -21, 6, -59, 17, -26, -20, -16, -27, -30, 7, 18, 24, 13, 30, 39, -13, -8, -7, 20, 15, -72, 52, 6, 4, 3, -50, -19, 34, -10, -5, -16, -5, -13, -26, -25, 20, -42, 32, -7, 2, -4, 30, -20, 62, -6, -41, -18, -41, 29, -81, 68, 60, 26, 24, 57, -14, 31, -31, 36, -32, 31, 18, -25, 56, -40]
[-59, 22, -28, -20, 89, 37, -6, 24, 8, 98, -23, 11, -82, -17, 81, 50, -40, -3, 27, 20, 47, 3, -2, -15, 43, 0, -15, 10, 20, -19, 6, 41, 32, -62, -54, 0, 13, 36, -20, 6, -73, 13, -6, 26, 25, -32, -7, 32, 62, 6, -16, -6, 7, 39, -36, -55, -34, 46, 8, -6, -26, 78, 16, -72, 42, -79, 63, -1, 25, -53, -50, -3, 40, 74, -66]
[33, -80, -43, -40, 43, -19, -6, 69, 0, -69, 30, -28, 31, 32, 25, 53, -18, -96, 57, -27, -15, 42, -61, -76, 43, -12, -20, 44, 65, -11, -7, 39, -3, -72, 3, -12, -22, -28, -52, 43, 20, 17, -4, -12, 40, -37, -1, 53, -43, -11, -15, 40, -14, 60, -7, -15, -87, -48, 10, -12, 89, 17, 4, 2, 29, -18, 63, 41, -4, 9, -39, 13, -37, 82, 7]
[26, -56, -10, -21, 33, 21, -32, 29, -4, -33, -59, -23, 65, 56, -14, 65, 119, 34, 83, 7, -36, 22, -41, -55, -9, -23, -22, 3, 25, 31, -60, -42, -17, 36, 0, 37, 21, 1, 11, 25, -4, 12, -26, 10, -40, 20, 65, 3, -100, -27, -15, -20, 66, -6, 19, 28, -38, -60, -9, 39, 54, -1, 31, -61, 21, -20, 16, 32, 33, 0, -10, -12, -48, 12, 79]
[-47, -3, -23, -39, -40, -35, 22, -23, -19, -28, 40, 40, -31, -5, -34, -20, -21, 68, 21, 78, -2, 79, 32, -24, -23, 30, -59, 25, -49, 22, -85, -34, 30, -22, -13, -42, -1, -71, 21, -21, -24, -47, 11, -7, 0, 6, -30, -4, -38, -4, -41, -46, 19, -40, 29, 37, 28, -19, -45, 72, 10, 29, 25, -34, 33, -64, 0, 13, -44, 37, -47, -4, -18, -27, 34]
[39, 52, 1, -34, 12, 23, 44, -13, -43, 68, 88, -10, -48, 1, 0, -105, -45, 80, -22, -64, 62, -6, 6, 64, 37, -6, -91, -7, -25, 1, -79, 39, -22, 64, -39, -7, 3, -12, -64, 11, -1, -55, -11, -12, 34, -6, 6, -46, 80, -7, 45, 53, -41, 8, -21, 5, 81, -23, 12, 5, 10, 7, -56, -52, 63, -33, -76, -26, -2, -18, 3, -62, 26, 16, 29]
[80, 23, -11, -41, -4, 31, 15, -35, 50, -3, -30, 18, -25, 38, 13, -71, -18, 40, -3, -13, 0, -4, 5, 43, 26, 14, 36, -30, 0, -20, 15, 20, -22, 59, 41, 12, 13, -82, 92, 6, 11, -21, 36, 4, -25, -24, 21, 26, -23, 24, 43, -13, 8, -38, -33, -62, -9, -43, 36, -77, 49, -31, -16, 0, 9, -43, 6, -1, -34, 57, 42, 40, 27, 94, -3]
[-49, 66, -15, 34, -54, -6, -29, 4, -53, 10, -13, -1, 27, -13, -21, -16, -6, 40, -60, 49, 17, 51, -20, -100, -42, -15, 35, 3, -23, 1, 29, 34, -63, -30, -16, 49, -42, 22, -4, 55, 43, 15, 19, 5, -4, 19, 17, -11, -48, 68, -30, 75, -21, -18, -60, 5, -13, -5, 6, 59, 10, 13, -34, 21, 74, -33, -34, 4, -6, 88, 84, -11, -8, 13, 51]
[-10, 46, -29, 26, 1, 52, -33, -23, -15, -23, -13, 47, 63, 29, 12, 63, 11, -30, -57, 17, 15, 28, 86, 10, 29, -31, -45, -19, -10, 84, -28, 64, 10, 27, -47, -36, -9, 1, -58, -14, -6, 39, 4, -69, -41, 55, -47, 40, 6, -58, -47, -53, -3, 31, -53, 5, -3, 6, 12, 22, 23, 14, 23, -83, 20, -19, 19, 9, -15, -10, 33, -31, -69, 7, -43]
[6, 8, 111, 27, 30, -3, 57, 69, 97, 31, -4, -19, -13, -21, 36, 7, -23, 35, -59, -25, -33, 13, 13, -26, -5, 60, 9, -7, 47, -101, -36, -18, -5, 42, -20, -27, -76, 21, -23, -54, 17, -5, -11, -27, -47, -83, 128, -61, 35, 81, 5, -5, 33, -87, 29, 19, 46, 3, 0, -35, 4, 17, -5, -76, 9, -55, 15, -65, -52, -32, -58, 20, -33, 34, 69]
[64, -39, 5, 50, 13, 57, 26, -22, 12, 31, 56, -9, -1, 46, -21, -23, -18, -51, -34, -45, -47, -22, 40, 49, 21, 32, -29, -35, -22, -54, 14, -34, -55, 136, -23, 21, -25, 135, -17, 0, 20, 13, 11, -8, -6, 33, 19, 30, 63, -22, 95, 4, 18, 43, 32, -41, 4, 16, -32, -21, 23, 65, -51, 3, -47, 78, -62, 16, -20, -22, -4, -5, -8, 31, 6]
[-8, 30, -28, -15, -57, 15, -18, 82, -34, -73, 45, 29, 42, -71, -16, 2, -40, 6, -63, -10, -36, -24, 46, 71, -42, -47, -15, -70, 7, -19, -7, 18, 36, 53, -9, 3, 55, -29, -48, 13, -51, 17, -67, -73, -26, 30, 10, -74, 17, -13, 56, -6, 71, -62, 11, 39, -38, 65, -25, -75, -13, -95, 2, -2, -31, -38, -17, 13, 17, -23, -14, 76, -20, -40, -11]
[-17, 51, -4, 8, 27, -7, -12, -96, 5, -24, -24, 32, -40, -27, 29, -69, 55, -35, -80, -21, 76, 9, 30, 38, 82, -8, -9, 57, -98, -32, 6, 3, 51, -60, -20, 89, 2, 34, 8, 30, 26, 33, -43, -28, 24, 26, 30, 67, -46, -64, -5, 49, -36, -30, -20, 3, -24, -29, -29, -75, -40, -4, -29, 54, 53, 42, 0, -32, -7, 38, -6, -73, -80, 59, -28]
[4, -30, -48, -12, 19, -4, 12, 21, -20, 22, 59, 25, 0, -5, 14, 68, -127, -52, 34, 40, -20, -25, -27, 23, 7, 3, -13, -25, 30, -71, 11, -15, 45, 4, 0, 7, 105, 23, -75, 39, -22, 16, 33, -24, -22, -9, -72, -27, 6, -10, 4, 28, 34, 20, -39, -35, -56, 16, 50, -37, 61, -4, -22, 43, 7, 12, 53, 77, 50, -8, -65, 33, -35, -16, -53]
[4, 20, 81, -19, -43, -39, 17, -7, 25, 21, -8, 14, 58, 15, 24, -88, 3, 36, 14, -21, -110, -28, 40, -36, -2, 59, -71, 28, 16, 27, 44, -4, -30, 56, -42, 33, 31, 37, -17, -95, -38, -31, 37, -43, -48, -38, 81, 20, 1, 21, -25, -55, 8, 22, 12, 1, 60, 44, 8, 26, -33, 88, 12, 18, 21, 49, 40, -10, -92, 22, 31, -12, 46, -13, 20]
[5, 4, -27, 31, 9, -46, -19, 47, 32, -10, -25, -30, -75, 33, 31, 56, 2, -37, 25, -70, 35, 45, 48, 64, 11, -12, 54, -6, -9, 4, -30, 65, -19, 4, -32, -9, 38, 0, 39, -13, 66, 28, 13, 7, -40, 24, -9, 44, -14, -29, -15, -10, 5, -68, -31, -30, -19, 38, -33, 55, 59, -39, -15, -38, -43, -126, 28, 15, -31, 41, 33, 27, 38, 21, -14]
[20, 56, -38, 30, 44, -27, -70, -46, -3, 10, -9, 67, 3, -14, 3, -17, -28, 22, -39, 7, -17, 0, -77, -31, 43, -9, 8, -5, -24, -4, 45, -29, -45, -87, 34, 41, -35, -28, 39, 10, -41, -2, 81, 43, -21, 55, -52, 5, -96, 71, -9, 81, -48, -25, -6, 48, -20, -49, -12, -9, -65, -40, -12, 32, -6, 20, 35, 19, -5, 8, -4, 32, -8, 37, -63]
[-16, 18, 32, -36, 35, -3, -6, 8, 9, -8, 69, -49, 59, -90, 1, -30, 24, 15, -90, 4, -64, 19, -8, -82, 82, 30, 19, -65, -46, -21, 48, 59, 19, -36, -104, 3, -26, -5, -26, -39, -56, -23, -16, 15, 57, -93, 69, 9, -56, 52, 83, -39, 35, -14, 8, 16, -2, -7, -50, -23, -12, 80, 1, 31, 16, 84, 21, -25, 17, -6, -30, 22, 34, 29, -24]
[0, -45, 79, -2, -33, -22, 90, -79, 10, -4, -23, -78, -31, -5, -28, 18, -4, 19, -64, 0, 83, 46, 40, -42, -59, -3, -15, 50, -23, -36, -44, -18, 20, 55, -35, -2, -7, 3, -14, -51, -38, -17, -7, 30, 2, -37, 17, -42, -31, -73, -39, 31, -22, -10, -22, -20, 38, -40, -69, 17, 44, 33, -5, 24, 32, -56, 1, 55, -6, -15, 64, 28, -44, -8, 54]
[3, 4, 16, -57, -96, -53, -92, 9, -8, 46, -2, 8, 67, -48, 2, -4, -27, -67, 34, 34, 14, 65, 47, -23, -17, 56, -63, 2, -29, 52, -1, 32, -20, 52, -45, -25, 23, -69, 27, 20, -10, 36, -13, -10, 50, -28, 11, -2, 4, 36, 10, -52, -88, -50, -38, 67, 25, 27, -23, 43, -1, 60, 52, -45, -46, -13, 58, 26, 16, 71, 67, -62, 4, -57, -7]
[-8, 65, -22, -8, 16, 3, 6, 8, 43, 28, -53, 10, -24, 36, 14, 31, 13, -54, -45, 64, -46, -36, -28, 35, -24, 2, 34, -43, -7, -20, 43, -39, -83, -9, 50, -39, 47, 35, 51, -49, -56, -23, 12, 52, -4, 59, -33, -53, 57, 37, 17, -55, -6, 49, 15, 14, 33, -25, -50, 43, 23, -39, -3, -4, -10, 6, 46, 59, -10, 16, -68, 15, -20, 83, -7]
[-33, 57, 17, 39, 0, 13, 6, -41, -20, -9, 17, 8, -29, -16, -55, -4, 12, 1, -22, -1, -15, 4, 17, -6, -6, 68, -60, -15, -33, 16, 11, -62, 13, 87, -69, -24, -28, -5, 2, -42, 9, -66, 7, 48, 4, 48, -14, -2, 12, -39, -14, 12, -16, -9, 33, 36, 27, 51, -13, 52, 39, -4, 19, 50, 4, 34, -31, 42, 17, 40, 87, -27, 60, 1, 15]
[-19, 75, -53, 31, -48, -20, 2, 24, 25, 24, 0, -10, 26, -35, 18, -9, -17, 23, -62, 24, -54, -6, 58, 6, -15, 15, 67, -14, -8, 34, 19, 15, -83, 56, -9, -33, -8, 27, 26, 8, 24, 6, -5, 9, 18, 6, 39, 14, 10, -10, 17, 27, 75, -79, 38, 1, 4, 14, -21, 23, -48, 26, 10, -38, -61, 27, 10, -12, 5, 3, 5, 90, -32, -17, -17]
[33, -9, 23, -25, 67, -10, 36, 3, 24, 64, -16, -12, -46, 19, 22, 0, 17, -15, 46, -82, -32, 0, 20, 7, 2, -50, -14, 20, -52, 41, 64, 61, 2, 0, 38, 37, 77, 34, 13, -22, -18, 19, 55, -13, 52, -51, -4, 60, -25, -1, -37, -45, 9, 60, 34, -64, 43, 27, 43, 37, -57, -3, 5, -43, 5, 35, -13, 14, 39, -52, -22, 5, -20, -63, -46]
[1, -49, -22, 14, 15, -63, -37, -81, -17, -20, -65, -41, 63, -20, 2, 12, 14, 9, 11, -9, -43, 47, 40, -42, 63, 1, -59, 22, 41, 49, 10, 24, -96, -22, -25, -82, -17, 16, -12, 30, 23, -16, -31, 2, 9, -25, -51, 77, 41, -36, 3, -60, -2, 87, 8, -52, 5, 21, 80, 13, 43, 65, 20, 34, -5, 4, 11, 41, -33, -31, -48, -12, 18, 12, -40]
[43, 0, -29, -3, -12, -29, -12, -18, 8, 10, -62, -49, -7, -13, 3, 61, 5, -80, -1, -20, 81, 12, -22, 15, 48, -38, 40, -22, 35, 56, -46, 57, -27, -2, 67, 23, 24, -7, -36, 11, 1, 5, -21, -31, 16, 25, -8, 71, 26, -50, -4, 3, -22, 5, -16, -49, -32, -19, -43, 26, 44, -29, -10, -5, -7, -67, -35, -37, -61, -31, 33, 6, -29, 7, 48]
[41, -42, -3, 35, -46, -27, 52, 9, 3, -16, 73, -16, -18, -50, -23, -41, 32, -4, 5, -46, -21, -63, 19, 4, 3, 38, -24, -2, -12, 15, 31, -40, 3, -16, -21, -10, 5, 28, -9, -32, 34, 55, -17, -72, 93, 12, 24, 1, 34, -27, -20, -42, -20, 25, -53, -19, 12, -42, 1, -47, -26, 43, 10, 12, 64, 36, -9, -21, 40, -35, -2, -102, -65, -24, 62]
[59, -80, -32, -24, 35, 4, 36, 15, 63, -30, -11, -68, -63, 99, 0, 15, 20, 38, 37, -3, -22, -40, 49, 60, -23, 71, -1, -93, 53, 26, 48, 68, 31, 38, 11, -29, 30, -47, 40, -17, 69, -29, 11, 30, -64, 57, -25, 48, -13, 58, -9, -28, 39, 12, -6, -38, 8, 21, 39, -64, 37, -62, 42, -18, -40, -87, -61, 13, -24, -24, 25, 3, -15, 20, 6]
[3, 11, -13, -8, -9, 2, -26, 50, -42, 47, -9, -40, -30, 5, -38, 30, 40, 11, 35, 10, -9, -15, -19, 31, -1, -5, 1, -84, -9, 0, 9, -1, 7, 30, 64, 23, 56, 2, -9, 85, -52, -52, -42, -16, -1, -26, -55, -11, 0, 38, -17, 10, -4, -3, 27, 27, -66, -20, 50, -71, -36, -46, 71, 84, -27, 100, 60, 63, 22, -37, 56, -52, 59, 5, -69]
[17, -24, 4, 45, 32, 5, 47, 35, 48, 9, 48, -12, -8, 15, -15, -31, -6, 31, -30, -2, -117, 11, -10, -50, -5, -9, 37, -10, -9, -74, 8, 17, 66, 6, 6, 7, 3, -24, -18, -90, 70, 62, -12, 25, 45, 40, 119, -112, 5, -7, 10, 27, 53, 34, -79, 41, -60, 50, 31, -17, 61, -14, -18, -56, 35, -29, -39, -25, 39, 57, 6, 15, 1, -57, -14]
[20, -26, 34, -71, -74, -44, -12, -5, -3, 70, 37, 21, 36, -31, -43, 22, -35, -20, 59, 8, 68, 45, -1, -24, -1, 10, -62, 19, 56, 22, -85, 98, 32, -14, -30, 3, -19, -100, -50, -6, -41, -44, 0, 8, -54, 35, -30, -32, 47, -1, 24, 31, 25, 22, 23, -1, -20, 38, -6, -17, 30, 69, 23, -91, 44, -94, 60, 66, 35, 50, 23, -31, -21, -4, 48]
[-20, 30, 14, 36, 4, 20, -18, 33, -96, 64, 7, -30, -10, -3, 18, 63, -22, 28, -80, -31, 24, -26, 25, 4, 34, 46, -5, 51, 13, -96, 40, 53, 2, -30, -74, 22, -86, 72, -22, -14, 8, 88, -15, 6, -47, -36, 68, -10, -59, 3, 9, 51, 20, 20, -22, -11, 14, -4, 26, -28, 27, 49, -6, 52, -13, -24, -17, -1, -39, -13, 95, 7, 17, 79, -6]
[25, 34, 34, -30, -68, 71, -31, -9, 17, 82, 15, 24, 43, 15, -19, -63, -35, 19, 53, 11, 19, -48, -13, -113, -2, 25, -91, 21, -4, -4, 48, -63, -11, -36, 11, 50, 9, 7, 45, -5, -36, -47, -18, -23, 13, -13, 45, 18, 77, 12, 40, 26, -10, 70, 51, -37, 23, 9, 59, -30, -27, 38, 45, -12, 10, -32, 43, 40, 19, 29, 1, -44, 59, -8, 50]
[31, -108, 18, 1, 11, -40, 8, 12, -5, -58, -42, 25, -41, 64, -1, -21, -33, -35, -31, -39, 27, -33, 60, 6, -38, 31, 5, -52, -20, -3, -42, 71, 6, -21, -15, -19, 29, 72, -7, 45, -15, 48, 29, -43, 35, 26, 15, -29, 23, 70, -11, -14, -8, 9, -48, -4, 46, 14, -80, -1, -6, -25, -35, 42, -32, 19, 36, -33, -11, -51, 22, -28, 23, 35, 20]
[34, 25, 48, 2, -17, 20, -31, 32, -22, -21, 58, 75, 14, -1, 4, -22, -9, -47, -17, -69, -5, -20, 48, 38, 22, -19, -56, -34, -25, -35, -26, 14, 46, -3, -10, 68, 59, 87, 25, -24, -94, -42, -62, -38, 1, -17, 8, 41, 53, 12, 61, -47, -41, -61, 23, -15, -1, -64, -8, -96, -38, -49, 42, -44, 20, 72, 52, -74, -11, -46, 48, -75, 16, 38, -60]
[52, 57, 21, 57, 8, 49, 87, -94, 66, -73, 22, 109, 1, 3, 0, -85, -16, -1, 21, -19, -42, -42, 2, -15, -8, -34, -20, 6, 29, -38, 10, -41, -38, 20, -33, -42, 36, -39, -33, 12, -34, 102, 29, -40, -88, 31, 29, 8, 62, -84, -31, -49, 10, 53, -21, 37, 26, 11, 8, -19, -68, -22, 14, 29, 68, 2, 23, -25, -63, -2, -10, 42, -44, 20, -27]
[-39, 34, -4, -43, 52, -12, 1, -48, -4, 31, 58, 15, 61, -52, 32, 7, -61, -14, 61, -17, 58, 60, -10, 32, 11, -57, 12, -21, 32, -58, -54, -1, 33, -32, -35, -8, 5, 1, 37, -121, -27, 38, 36, 28, 23, -17, -79, 28, -6, 7, 70, 20, 20, 29, 19, -37, -1, 0, 72, -11, 71, 12, -60, 52, 26, 82, -25, 3, 11, -62, -58, -88, -81, 0, -51]
[-84, 20, -63, 39, -26, -19, -21, 17, 78, 11, 19, 17, 39, -27, 39, 56, 15, 68, -25, -16, -65, -22, 30, -27, -12, 42, 30, -50, 15, 32, 41, -78, -29, -84, -45, -8, -10, 51, 23, -71, 57, 77, 28, -15, 4, 21, 27, 23, -32, 5, -43, -49, 49, -35, 15, 38, 0, 62, 12, 96, -67, -23, 31, 8, 11, 37, -25, -26, -13, 4, -42, -27, -31, -54, -17]
[11, 7, 5, 34, 35, 15, -5, 4, 32, -75, 61, 15, 23, -12, -24, -53, 3, -33, -23, -20, -10, -7, 13, 39, -1, 84, -13, -2, 11, -13, -30, -29, 26, 40, 25, -22, -94, -51, -14, -18, 69, -4, 2, 22, 22, -30, 31, -46, -48, 62, 38, 4, 4, 18, 23, 43, -2, 10, -63, 31, 26, -89, -7, 66, -35, 24, 1, 2, -19, 64, 49, 1, 21, 40, -30]
