[802, 259, -197, -192, 35, -19, -366, 26, -56, -663, -275, 145, -69, -201, -6, 148, 302, 137, 104, 47, 43, -563, 224, 211, -671, 142, -625, 400, 224, -461, -375, -333, -210, 295, -7, -107, -159, 374, 171, -362, -219, -236, -293, 106, -222, 97, -426, 371, 15, -127, 77, 376, -100, 332, -187, -302, -237, -51, -410, 3, 365, 460, 216, 441, 189, 196, 73, -167, -120, 383, -73, 558, 77, -662, 50, 301, 172, 174, 597, -688, -1, 278, 42, -625, 256, 168, 333, 628, -107, 383, -280, 254, -76, 118, -129, -418, 81, 23, -242, 426]
[467, 163, 333, -33, 237, -117, -26, 661, 362, 325, 150, -134, 300, -623, 347, 69, 198, 417, 124, 80, 82, -125, 381, -160, -530, -197, 258, 151, 298, -533, -127, -141, -393, 353, 15, 25, 149, 89, 751, -111, -68, 65, -511, 29, 55, 304, -30, 667, 864, 0, 379, 56, -47, 191, 301, 367, -334, 543, 159, 243, -509, -53, 737, 258, -276, 134, -462, -111, -173, 112, -287, -250, -507, 133, -114, 62, -64, -37, 67, 120, -483, -388, -170, -116, 462, -101, 181, 726, -396, 263, 70, -261, -56, 305, -401, -126, 236, 316, -188, -523]
[632, 1147, -86, 257, -111, -294, 23, -6, -221, -255, -330, -213, -206, -372, 530, 350, 374, 513, -274, -210, 23, -324, -142, 368, -372, -11, -27, 502, -177, -179, -380, 365, -246, 198, 275, -58, -59, 604, 261, 231, 147, -249, -399, -309, -138, -51, 264, 321, 133, -216, 218, -518, -14, -332, -227, 349, -162, 506, -485, 160, 15, -72, 782, -24, -107, 476, 90, -586, 145, 712, -242, 195, -888, -556, 178, -218, -458, -104, 343, 199, 91, -234, -319, -770, 90, 226, 410, 676, -143, 36, 185, 102, 70, -218, -215, -6, -343, 104, -177, 416]
[47, -725, -251, -484, 518, -77, -570, -300, 16, -686, 630, 189, -271, 131, 9, -30, 86, -493, 288, -183, -20, 379, -3, 29, 459, -137, -521, -314, 117, -112, -520, -591, -20, -194, 11, -15, 159, 29, -351, -413, -516, -55, 239, 567, 518, 507, -455, -164, -562, -233, 398, 285, -462, 55, -16, -633, -136, -671, -278, -426, 723, 217, -446, 33, 628, 350, -192, 213, 107, 92, -1, 363, 329, 222, -506, -13, 193, 214, 70, -512, 287, 894, -21, -482, -352, 192, 42, -112, 100, 276, -635, 342, 201, 840, 44, -107, 53, -82, -52, -3]
[526, 651, -279, -492, 149, 356, -224, -272, -143, -282, 202, 121, -578, -311, -345, -312, 113, -562, -53, 468, 6, 39, -240, 610, -159, -99, -855, 166, -208, 123, -347, -183, -259, -99, 132, 180, 9, -183, 5, 193, -328, 438, 866, -230, 90, 251, -138, 305, -655, 131, 46, 171, -5, 228, -8, -438, 327, -385, -407, -451, 336, 709, -326, -274, -411, -292, -269, 69, 532, -63, -449, 433, -279, -299, 152, 465, 185, -248, 193, -358, 396, 291, -121, -615, -43, -307, -403, -183, -470, 20, -291, 576, 330, -151, 201, -82, -300, 67, -429, 482]
[152, 120, -256, -90, -392, 355, 19, -735, 323, 37, -3, -152, -834, -9, -232, 134, 34, -439, -317, 31, 212, 94, -846, 247, 861, -492, -142, -260, -119, 110, 594, 317, -501, 132, -395, -290, -144, -778, -137, -51, 74, 282, 496, 12, 4, 230, -153, -332, -374, -667, -228, 7, -216, -262, -260, 12, 518, -255, -77, -736, 90, 185, -364, -270, 94, -11, -259, 124, 248, -37, -248, 353, -510, 372, 227, -393, -83, -720, -48, 290, 317, 12, 50, -48, -286, -481, -187, -612, 338, -318, 187, -215, 192, -63, -55, -91, -293, -758, 699, 298]
[-437, -38, -248, -698, -173, 596, 131, 534, 273, 242, -502, 516, 29, 35, -602, 7, -169, 30, -48, 211, -224, -347, -10, -99, -263, -56, -569, -179, 201, -237, 209, -208, -446, 293, -315, 265, -82, -861, -62, -151, -197, -124, -29, 510, -844, 23, 352, 18, -129, 46, 181, 604, 552, 426, -192, 121, 587, -128, 311, -459, -252, 540, -194, 469, -101, -136, -151, 368, -193, -268, -142, 547, 159, -456, 88, 152, -225, 72, 6, -830, -232, 170, 136, -395, 1012, -180, -296, 262, -155, 195, -548, 395, -672, 270, 521, -103, 430, -251, 27, 26]
[-433, -284, 614, -152, 48, -194, -24, 448, 160, 488, 195, -170, -155, -712, -316, 488, 163, 9, 429, 717, 268, 242, 388, -198, 511, 443, -128, -238, 286, -317, -230, 42, 115, -37, -308, 34, 126, -216, 440, 43, 196, 359, -412, -171, -3, 118, 65, 188, 270, 443, -567, 253, 336, 211, -170, 326, 161, 133, 411, -326, -662, -26, 37, -2, 121, -231, -469, 138, 725, -413, -430, -106, 256, 688, -157, -329, 180, -81, -319, 318, -635, 97, -76, 333, 422, -165, 496, -357, -166, 472, -314, -788, 29, 836, -530, -214, 312, 331, 192, -1072]
[289, -253, 468, 613, -395, -256, -322, 75, -419, -10, 255, 130, 64, -133, 80, 236, 258, 97, -272, -374, 736, -421, -191, 25, 321, 427, 217, 785, -115, -343, -701, -321, -103, -400, -249, 32, 170, 286, -160, -469, 280, -769, -450, -247, 488, 72, 118, 687, 105, 289, -1, -192, 206, 243, -757, 514, -243, 594, -87, -197, -62, -274, 456, 0, 392, 524, 71, -86, 637, 682, -317, 20, -74, 548, -303, -43, 132, 98, 47, -263, -152, -62, -167, -225, 110, 408, 606, -324, 110, 447, -576, -217, -113, 672, -86, 216, 315, 99, -496, -116]
[-767, -1110, -80, 357, -61, 290, 3, 454, 140, 24, 256, 626, 388, 78, -728, 426, -98, 0, -533, -944, -166, 494, -138, -262, 1316, -215, 646, -184, -204, 54, 256, -292, -46, -583, 130, 147, -39, -468, -401, -167, -187, -720, -279, 404, 310, -103, 346, -785, -126, 167, 33, 79, 572, 226, -82, 714, 279, 199, 597, -59, -271, -590, -239, 242, -25, 362, -107, 285, 84, -171, -168, -19, -218, 721, -639, -592, 39, 174, 96, -303, -626, 349, -10, 365, 440, -29, 563, -499, -75, -59, -501, -59, 57, 17, -193, 42, 132, -225, 310, -85]
[375, -321, -31, 203, -428, -37, 519, -314, 156, -554, -193, -106, -162, 56, 686, 65, 247, -149, 172, -655, 112, -153, -699, 355, 206, -106, 225, 131, 292, -180, -308, 56, -475, -135, 191, 30, -273, -160, -768, -147, -8, -608, -52, 455, -227, 663, -20, -831, -181, -595, 893, 298, -259, 260, -800, 390, 294, 20, -176, -488, 459, -223, -320, 686, 353, 602, 413, 63, -727, 455, -248, 457, -482, -131, 70, -74, -400, 28, -237, -81, 64, 167, -246, -907, -183, -419, -232, 319, 192, 97, -41, 47, -213, 616, 473, 361, 447, -483, 175, 901]
[-97, -904, -710, 295, 90, -128, -191, -279, 247, -677, -54, 47, -402, 508, -325, -428, -97, -347, -36, -719, -60, 570, -157, 63, 1133, -800, 133, -540, -79, -39, 330, 226, 130, -210, -579, -375, -179, 229, -200, -36, -128, 519, 307, 379, 716, 229, -824, -394, -514, -118, -105, 316, -120, -299, 702, -92, -610, -313, -367, 159, 16, -32, -192, -389, 369, 8, -126, -18, -753, -36, 807, -299, 70, 1022, -127, -722, 82, -75, 726, -163, 192, 297, 709, 594, -863, 234, 393, -426, 1134, -400, -246, -304, -61, -453, -54, -318, -502, -749, 453, 219]
[-402, -54, 162, -210, 200, -210, -666, 23, 38, 300, 127, 356, -429, -217, 160, 189, 89, 290, -229, 456, 2, 709, -428, 518, 922, 179, 418, -72, -388, 43, -615, -574, -250, -125, -278, -67, 287, 499, -294, 217, 345, -119, -323, 290, 330, -200, 1166, 777, -698, 494, -136, -234, 757, -501, -199, 448, 148, 387, -311, -519, -418, 57, 329, -204, 309, 457, -236, -9, 374, 551, 299, -247, -395, 573, -315, -329, -297, 69, 136, -236, -7, 66, 73, 89, -6, 543, 726, -291, -264, 233, -346, 155, -411, 144, 306, -203, -498, 355, -564, -807]
[-315, 709, 405, -206, 44, -312, -103, 59, -482, 177, -242, -179, -445, 177, -36, -52, 4, 506, 315, -14, 345, -59, 59, 183, -100, 520, -805, 173, 408, 130, -265, 419, 257, -10, 264, -103, -297, 331, 319, 217, 322, 344, -272, -681, -752, -359, -259, -153, 370, 414, -46, 522, -149, -448, 51, 162, -218, -23, -402, 357, -538, 8, 179, 21, 336, -761, -188, -336, -399, 112, 285, -261, 201, -309, 44, -329, -249, 433, 142, 555, -52, -75, 663, 460, 200, 909, 76, 564, 840, -282, -79, -371, -552, -339, 18, 530, 66, -150, 66, -360]
[119, 514, 878, 354, 178, -88, 424, 463, -475, 215, 129, -793, -417, -849, 45, -708, 275, -557, 319, 75, 1123, 183, -78, 391, 19, 452, -278, 628, 311, -94, -428, 368, 436, 129, 20, 460, 227, 388, 242, -104, 716, -78, -74, -715, 12, 357, -151, -61, 680, 650, -60, 376, 11, 47, 2, 685, -254, 152, -136, 209, -262, -116, -204, -5, -53, -1029, 70, 27, 296, -203, -319, -575, -681, 460, 420, -89, 44, -443, -516, 782, -680, -962, -140, 595, 10, 33, -343, -339, -429, 64, -154, -275, -164, 401, 47, 699, 53, 209, -469, -388]
[-924, 157, -609, -93, 135, 103, 156, 126, -171, 171, 103, -68, -112, 87, -999, 62, -238, -462, -29, -64, -712, 52, 888, -31, 995, -338, 110, -921, -174, 368, 419, 340, 510, -395, 231, 384, -214, -331, 275, 614, -52, 801, 259, -471, -74, 196, -115, -534, -408, 477, -676, 134, -33, 205, 209, -386, 186, -381, -62, 225, -118, -420, -57, -73, -206, -228, -359, -151, 751, -1044, -343, -106, 833, 161, -422, 52, 620, 64, 335, 164, 195, 590, 421, 355, -413, 92, 191, -193, -86, 109, 65, -234, 578, -74, -465, 475, 241, 532, 314, -696]
[-188, 140, 9, 244, -349, -667, -112, -704, -172, -367, 500, 99, 183, 251, 936, 349, -195, 519, 540, 36, 62, -194, -592, 81, 46, 1222, 211, 234, -242, 584, -594, 269, -117, -129, -284, -563, -23, 717, -586, 299, 38, -242, -128, -30, -490, -259, 283, -32, -197, 334, -133, 49, 341, -274, -331, 99, -293, 398, 76, -47, -213, 348, -63, -701, 227, 27, 207, -316, 30, 563, 29, 292, 451, 56, 402, -439, -354, 676, -38, -108, -32, 22, -164, -349, -91, -113, 363, 90, 618, -317, 124, -30, 107, -61, 207, 272, -14, 656, 19, 148]
[-609, -775, 447, -77, -252, 16, -96, -145, -119, 120, 851, 603, 172, 136, 270, -103, -505, 90, 307, 52, 222, 327, -103, -70, -279, 640, -147, -137, -12, 635, -407, -36, -344, -580, -182, 829, 316, -14, 47, 493, -24, -265, 410, 118, -139, 284, 339, 143, -352, 160, 255, -537, -152, -190, -387, -85, -174, -267, 209, -697, -188, -73, -655, -629, 29, -392, -120, 287, 166, -62, -191, 276, 491, -260, -75, 162, 112, 431, -823, -449, 762, -88, -305, -283, 351, -623, -514, -536, -431, -121, 13, 397, -195, 356, 340, 771, 414, 238, -652, -215]
[433, -691, 1163, 11, -251, 103, -283, -474, 587, -60, 721, 136, 165, -197, 157, -145, -122, -111, 196, 788, 346, -206, -466, 29, -561, 176, -178, 59, 511, 250, 696, -508, -80, 537, -382, -344, -20, -364, -234, -826, 102, -314, 124, -85, -422, 490, -591, 249, 365, -610, -327, 493, -281, -119, -35, 161, -252, -147, 463, -462, 204, -81, -21, 615, 97, -646, 121, 38, -140, 224, 314, 94, 22, -303, 341, -206, 768, -92, -360, 256, 160, -589, -645, 717, -59, -145, 56, -106, -105, 142, 905, -227, -41, 107, -71, -721, 509, -111, 0, -186]
[184, -518, -166, 134, 283, -420, -762, -349, 264, -86, 605, 50, -219, -94, 32, 175, -88, 191, 17, 322, -451, 954, -242, 60, 906, -301, 32, 163, 164, -662, -221, -149, -607, 221, -9, -1013, -312, 7, 48, -290, -318, 457, -197, 334, 237, 224, -232, 142, -291, -43, -322, -7, 48, 339, 116, 350, 47, 139, 7, -169, -491, 47, 415, -110, -91, 326, -514, -1, 89, 821, 393, -94, 165, 1273, -503, -727, -362, 203, 913, 156, -405, 72, 572, 496, -351, 171, 1044, 317, 68, -429, -574, -511, 209, 41, -98, 54, -334, 327, 332, -28]
[239, -355, 30, 265, 558, -82, -23, 355, 312, -274, 654, 269, 260, -433, -221, -466, 144, -274, -241, -234, -262, 1299, 171, 33, -502, -429, -189, 133, 958, -247, -32, 222, 4, -88, 713, 794, 203, -43, 298, 253, -653, 470, 44, -53, 236, 103, -457, -617, 569, -464, 787, -540, -806, -110, 605, 486, -561, -494, 95, 159, 299, -491, -330, -106, 156, -358, 544, 415, -870, 132, 102, -366, -899, 233, -478, -705, 273, 98, -644, 770, -372, -311, -325, -33, -210, -546, 161, 321, -876, -248, -257, -131, -19, -130, -458, 338, -421, -212, 140, 156]
[-41, -910, 99, -114, 302, -195, 2, 36, -324, 298, 274, 231, 21, -62, 200, -305, -80, -177, 461, -120, 340, 700, 292, -358, -169, 300, -79, 414, 241, -826, -68, -224, -8, -84, 251, 175, 139, 665, 113, -190, -54, -54, 134, -131, 206, -656, -547, 232, 187, -76, 127, -275, 542, 26, 17, 11, -389, -194, 105, 266, -509, -60, -189, -263, -824, -717, 185, 469, -207, -246, 158, -340, 633, 596, -200, 407, 54, 750, -83, 370, -832, -134, 431, 816, -275, 2, 76, -83, -127, -627, -508, -361, 268, -708, 289, 256, 92, 453, -63, 13]
[-615, 84, -139, -351, 86, -12, 341, 1021, -224, 517, 278, 468, 454, 338, -646, -543, 35, -342, -195, -457, -467, -209, 179, -545, -347, -667, 147, 442, 81, 148, -316, -513, -364, -368, -27, 101, 463, -1163, -94, 4, -453, 629, 412, 385, -9, 482, -81, 947, 172, 586, 279, 91, -10, 829, 368, 143, 260, 31, 1, 97, 159, 7, 809, -339, 103, 391, -160, 424, -355, 271, 272, -590, 364, 581, -743, 201, -379, 240, -272, -252, 344, -27, 172, -375, -156, 530, -43, 142, 543, 223, -1007, 162, -175, 332, 457, 888, 800, 220, -727, -1291]
[50, -21, -570, 696, -539, 82, 700, 116, 308, -133, 273, 507, 197, 588, -322, 26, -322, -250, -838, -1136, 72, -632, -48, -234, -289, -632, 1057, -70, -379, -120, 1171, 221, -315, -206, -674, 373, 115, -538, 10, -277, -514, -312, -144, 577, -115, -218, -504, -113, 60, -497, 108, -581, -121, -2, -7, 778, -269, 474, 438, -467, 51, -434, 420, -321, -325, 485, 821, -220, -566, 435, -84, -199, -309, -259, 171, -542, 649, -317, -38, 62, 381, -458, -398, -37, 133, -394, 442, -420, 440, -118, -463, 165, 186, -161, -91, -25, 86, -568, 559, -377]
[-6, 69, -21, 447, -1, 277, -445, -1276, -771, 544, 65, -418, 299, 594, 46, 96, -26, -178, 322, 152, 345, -212, -202, 22, 185, 795, -126, -591, -409, 690, 92, 165, 369, 98, 503, -643, -64, 97, -474, -102, 334, 118, 16, -352, -233, -66, 316, -570, 143, 19, -437, 623, -569, 64, 219, -659, 612, -594, 309, 287, -42, 148, -1008, 2, -102, -758, 127, 419, -100, -777, -108, -49, 858, 261, 426, 378, 262, 55, 341, 938, -389, 359, 551, 1138, -85, -373, -507, -398, 124, -341, 557, -111, 1, -520, -275, 369, 336, -65, 942, 157]
[142, 655, -459, 190, -70, -58, -32, -279, -79, 73, 228, 128, -412, -145, -325, -154, 0, -52, -426, -230, 402, 420, -793, -146, 760, -569, 227, 560, 52, 281, 75, 1091, -248, 802, 88, 482, -11, -1220, 612, 586, 57, -257, 225, -213, 37, 326, 44, -135, 576, -165, 607, -366, -484, -107, 32, 259, 397, 239, -399, -205, 136, -94, -255, -646, 119, -114, -404, -93, 654, 370, -609, -211, -884, 286, 110, -349, -636, -509, -510, 121, -18, -562, 94, -258, -40, -69, -831, -213, -225, -754, -529, 178, 174, 567, -67, 579, -734, -114, 163, 224]
[474, -482, 724, -495, 626, 50, -688, -46, 496, -615, 389, 75, -324, -401, -334, 312, 394, 445, 523, 97, 157, 166, 203, 617, 383, 162, -903, -494, 633, -551, -157, -317, -565, -24, -562, 50, -178, 701, 499, -557, 208, -1, -235, 151, -249, 37, -771, -264, -426, -442, -190, 261, 355, -237, 412, 24, -683, 101, 69, -550, 86, -184, -250, 22, -252, -226, -718, 2, -376, 73, -334, 477, -364, 327, -41, -633, 267, 32, 350, -623, -11, 212, -11, 123, 147, -104, 882, 180, 22, 107, 85, 394, 26, 156, -76, -1002, -232, -27, -331, 123]
[280, -407, 198, 1269, -1186, 154, -495, -21, -65, 84, -479, -408, -247, 240, -85, -656, -123, -101, -251, 142, 450, 50, -474, 910, 41, 209, -687, 709, 796, 103, 225, -120, 222, -71, 21, -93, -413, 115, -37, -185, 171, -142, -208, -678, 155, -347, -339, -102, -232, 137, -442, 179, -245, -175, -703, 477, -409, -312, -423, 86, -154, -279, -9, 488, 717, -145, 572, 294, 67, 301, 461, -158, -432, -159, 495, -125, 261, -251, -230, -253, 35, -1082, 496, -32, -399, 25, -344, -270, -163, 269, 402, -144, -842, -556, 301, 477, -785, -674, -333, 1156]
[126, 65, -557, 192, -239, 352, -97, 729, -363, 556, -58, 710, 503, 173, -296, -596, 537, -181, 313, 196, 49, -342, -159, 203, -640, 174, -748, 357, -43, 435, -311, -608, 688, 658, -15, -138, 840, -526, -553, -573, -325, 341, 93, -113, -212, 485, 73, 1012, 785, 561, 180, 579, 721, -14, 865, 114, -776, -123, -455, 754, 33, 729, 592, -112, -274, -768, 250, -68, 120, 91, 203, -55, -161, -105, 114, -16, -202, 518, 105, -65, -946, -209, -734, -575, -1, 173, 53, 358, -352, 333, -389, 623, -361, -482, 79, 280, -33, 493, -137, -356]
[-347, -809, 716, -244, 248, 42, 903, 970, -73, 286, 321, -547, -557, 464, 1052, -189, 56, 408, 726, 96, 782, 152, 200, -9, -622, 295, -169, -88, 154, 74, -411, -421, 216, -1355, 200, 546, 256, 475, 271, -160, -252, 296, -404, -95, 372, -37, -119, -8, 46, 646, 710, 518, -276, 44, -74, 26, -658, -6, -130, -133, -857, 477, -77, -51, -250, -25, -783, -246, -107, -164, 183, -713, -53, 40, 22, 367, -128, 29, -1020, 377, -103, 502, -255, -246, 612, 278, -848, -41, 273, -129, -481, -384, -516, 682, 103, 486, -405, -158, -316, -335]
[404, 475, -228, -52, 70, -160, -209, -488, -260, 142, -198, 503, -29, 125, -542, 617, 401, -187, -510, -140, -475, -574, 35, 378, -293, -337, -104, -274, -150, -448, -60, 194, 102, -370, 105, 53, 184, -398, -576, -295, 111, 659, 448, -130, 704, -27, -446, 364, 296, -572, 496, -462, 372, -162, 176, -14, -176, -183, -57, -201, 517, -522, 349, -137, -196, 379, 359, -208, -306, -134, -442, 41, -460, -151, -65, -378, -225, -536, 470, 350, 2, 587, -483, -535, -364, -152, 616, -16, 270, 145, 73, 280, 542, 71, -79, -1333, 311, -569, -18, -349]
[87, -462, -16, -626, 239, 43, -250, -568, 417, 10, 256, 469, 38, 53, -12, 678, -186, 485, 402, 137, -436, 286, -111, 86, 462, -281, 876, -1271, 54, -244, 188, 370, -596, -27, 253, 463, -178, 101, -238, 108, 518, 296, 145, 35, 210, -213, 587, -822, 417, -83, 331, -123, 256, -902, -137, 118, -183, 126, -100, -504, -773, -276, -461, 2, -191, 213, -781, -219, -222, -481, -244, 87, -296, 315, -623, -21, -100, -113, -441, 273, -82, 253, -341, 83, -54, -250, 571, 220, -320, -360, 471, -261, -61, 235, -1, -370, 74, 82, -79, 162]
[382, 420, -373, -84, 178, 493, -11, 524, 33, -129, -151, 550, -273, 61, -56, -497, 13, -282, -1007, 67, -287, -1248, 94, -104, -725, -575, 189, 4, 83, -270, 520, -220, -445, 600, -597, 283, 98, -279, 504, -251, -434, 39, -199, 39, -573, 339, -5, 1045, 117, -413, 608, -172, 44, 588, 121, 224, -345, 97, 230, 344, -35, 305, 779, 308, -519, 36, -524, -538, 621, -343, -533, 363, -546, -409, -42, -68, 619, -193, 633, -205, -487, 307, 90, -162, 388, -58, -260, 460, -243, -318, -621, 417, -100, -156, -224, -309, 372, 241, -12, -90]
[700, 195, 268, 926, 239, -133, 99, -60, -703, -537, 40, -89, 147, -470, 137, 17, 647, 70, -411, -219, 792, 50, -251, 358, -286, 372, -670, 319, 92, 261, -1239, 864, 21, 83, -157, 1204, 80, 866, 385, -191, 342, -214, -551, -457, 26, -81, 97, 57, 584, 676, 151, -131, -563, 77, 108, 564, -140, 426, -218, 454, -225, 317, -277, -428, -266, -508, -44, -20, 355, 240, -179, 23, -377, 553, -367, -714, 435, 432, -55, 237, -569, -266, -151, 401, 400, 24, 503, 36, -233, -165, -599, -476, -426, 192, -697, 561, 331, 203, -223, 670]
[621, -252, -310, -587, 249, 664, 162, -403, 430, -195, 567, 19, -729, -626, 25, 293, -398, 272, 10, 612, -122, -27, 125, 419, 25, -239, -133, -236, -148, -627, 628, -331, -171, 52, 144, 428, -242, 187, 284, -557, 85, -182, 391, -172, 315, 20, -400, -89, 601, -473, 12, 321, 446, -847, -198, -441, -430, 163, -595, -615, -574, 126, -108, 117, -656, 160, -800, -320, -204, -58, -465, 190, -850, -359, 591, 227, 445, -674, 64, 50, -105, 64, -324, -210, -271, -180, 54, 149, -466, -284, 77, 274, 362, -68, 78, -903, -613, -315, -475, 382]
[-44, 249, -236, 474, -860, 834, 1452, 1055, 544, 157, -293, -654, -610, -344, -37, -399, 188, -400, -207, -1071, 777, -723, 7, 133, 220, -341, 522, 86, -544, 302, 1372, -159, -422, -563, -192, 320, -35, -379, 186, -293, 222, -770, 142, 471, -533, 511, 301, 175, -350, -304, 37, -236, 411, -19, -595, 601, 336, 352, 0, -260, -368, -571, 447, -34, -253, 92, 802, 112, -578, 9, -759, -92, -1422, -129, 1035, 444, -69, -376, -601, 530, 305, -861, -220, -631, 10, -307, -516, -362, -26, 321, 176, 435, -72, -117, 368, 897, 150, -670, 507, -150]
[89, 691, -337, 326, -636, 187, 613, -387, 231, -512, -277, -124, 250, -309, 569, 682, -126, -60, -254, -93, -453, 162, 339, 206, 711, -35, 311, -533, -362, 298, 431, 182, 228, 491, -109, -122, -111, 219, -359, 883, 54, 116, 336, -384, -743, 237, -58, -895, 1, 83, -357, 73, -194, -26, -357, 66, 334, 390, -40, 143, -696, -71, 290, 648, 106, -6, 602, -226, -363, -349, 16, 482, 77, -458, 142, -173, 567, 218, 312, -77, 33, -361, -125, -66, -48, -669, 387, 82, 362, 45, 645, -944, 386, -1093, -285, 207, 236, 245, 502, 573]
[-167, -1697, -100, -113, 318, 92, -863, 183, 620, 90, -11, 893, -430, -105, -788, -110, 85, -158, 545, -154, 857, 1017, 171, 497, 268, -509, -1165, -464, 311, -674, 104, -436, -127, -340, 143, 39, 231, 336, 309, -491, -485, 368, -580, 512, 376, 145, -96, 535, -333, 51, -163, 203, 205, -348, 578, 212, -433, -867, -156, -442, -616, 233, 318, 265, 178, -456, 173, 54, 146, 491, 293, 100, -111, 341, -745, -439, -89, 189, 699, 317, -288, 584, 3, 381, 859, 383, 816, 507, -204, 175, -436, 80, -414, 63, -625, -337, -252, -700, 874, -62]
[137, 236, -404, 502, -368, -226, 215, 566, -773, -398, -66, 43, 55, 328, 361, -413, 41, -530, -44, -884, 636, -25, -1075, -491, -551, 120, -264, 436, -356, 659, -179, 852, -762, 534, 43, -544, -246, -326, -208, 67, -191, -298, 62, 761, 8, 356, -19, -328, 454, 1098, 204, 679, 0, 723, 300, 430, 502, -352, -257, 581, 352, 509, -606, -291, -525, -494, -11, 592, -254, 153, 184, -297, -200, 503, 314, 83, -906, 436, 114, 152, -68, -1054, 307, 482, 224, 194, -630, -348, 31, -636, -659, 305, -651, -179, 435, 1181, 609, -371, -71, 801]
[123, 141, -147, 35, -24, -330, -170, -253, -571, -384, -11, -760, -154, -7, -77, 570, 380, 230, -229, -563, 20, -321, 95, 46, -589, 823, -71, 167, 168, 223, -376, 582, 377, 85, 340, -374, -32, 356, -84, -698, 802, -881, -686, -501, -114, -513, 229, -433, 490, 472, -586, 635, -554, 111, -514, 11, 253, -362, 259, 757, -21, 153, -319, 243, 306, -444, 267, -87, 519, -633, -16, -318, 235, -506, 60, 286, -169, 25, 138, -492, -708, -365, 162, -25, 237, 260, 570, 577, -623, 76, 848, -167, 180, 206, -584, 475, -149, 573, 91, -130]
[266, -81, 442, 229, -892, 46, 271, -427, -341, -129, 513, 212, -66, 886, 161, -106, -985, -48, 410, 505, 738, 249, -685, -345, 360, -14, -294, 244, -198, -344, 253, 164, -14, -60, -123, -259, -581, -892, -509, -350, -452, -63, 912, -396, 93, 222, -1319, -412, -474, 89, -438, 754, -885, 442, -605, 412, -479, 23, -42, -718, -768, 390, -418, 7, -302, -743, -262, -214, 340, 512, 417, 19, 968, 564, 112, 124, 578, 358, 102, -508, 337, 45, -460, 230, 97, 23, -27, -592, 944, -646, -532, -982, 100, 599, 366, -150, -109, -11, 610, 1108]
[151, -252, 635, 386, -483, 719, 70, 572, -341, 494, -152, -339, -827, 389, 216, -721, -400, 68, -356, 584, 635, -553, -427, 127, -232, 411, -450, -19, 67, 925, 803, -344, 970, -283, 31, -445, -132, 578, 201, -93, 265, -329, -48, -666, -40, -649, 584, 181, -398, 49, -543, -730, -343, -1023, -173, 125, -486, 29, -339, 950, -267, -272, 13, -123, 59, -762, 21, -367, 675, -139, 367, -586, -411, -210, 325, 121, 503, -235, -533, 592, 428, -47, -461, 33, -767, 795, -119, -604, -176, 150, 1142, 204, -753, -208, -171, 36, -880, -480, 108, -172]
[-612, 15, -59, -291, 131, -256, -232, 24, 1080, 656, -94, 515, -269, -403, -43, 102, 151, 144, 147, 4, 13, 721, 78, 249, 371, -533, 13, -271, 487, 234, 349, -267, -505, 307, -435, 665, -68, 162, 852, 521, -168, 266, -246, 263, -238, 164, 145, 1025, 512, -164, 701, 9, 617, -783, 512, 11, -56, 425, -1104, 131, -423, -194, 569, -144, 160, 203, -437, -32, -539, 235, 205, -666, -296, -144, -666, -156, 331, 773, -386, 414, 479, -195, 733, 148, -679, 722, -567, 249, 744, 65, -158, 188, -940, -187, -271, 340, 373, 14, -57, -1150]
[622, 716, 455, 347, 261, -340, -264, -259, -218, -335, -870, 169, 153, -564, 128, 568, 508, -109, -155, -162, 1014, -287, -126, -764, 41, 408, -501, 87, -405, -321, -893, 544, 104, 557, -271, -130, 302, 469, -41, 385, 116, -969, 429, -100, 123, 132, 40, 616, 482, 307, -157, -28, 179, 334, 249, 418, 894, 414, 174, 484, -368, 386, -86, -80, 246, -394, 150, 161, 1097, -182, -526, 614, -501, 249, -18, -143, -333, -11, 211, -7, -876, 323, 3, 478, 1010, -70, -114, -198, 493, -200, -381, -125, -21, -70, -442, -228, 191, 300, 171, 577]
[-500, 374, 127, 280, -344, 133, 264, -147, 270, -668, -204, -314, -634, -311, 460, 49, 41, 361, -283, 720, -392, -216, -48, 534, -318, 1161, -1005, 226, -312, 148, -736, 190, 442, -314, -488, 310, -455, 678, -729, -44, -314, 317, 398, -155, -1235, 640, -33, 227, -847, 119, 2, -153, 1104, 1, -524, 587, 189, 73, 170, -30, -611, 474, -68, -678, 316, -457, 487, -162, 193, 525, 581, 993, -156, -986, 798, -926, -470, 246, 99, 121, 140, -398, 165, 9, 220, -3, 93, 262, 367, -230, -564, 142, -471, -215, 764, 480, -225, 273, 35, 778]
[455, 317, -143, -239, -5, 73, -189, -146, 230, -71, 799, 200, -201, -336, 396, -476, 504, -145, -279, -615, 336, -96, -1134, -376, -589, 34, -580, 1148, 219, -499, -1080, 562, -343, 76, 110, 93, 357, -364, -110, -68, -321, -253, 109, -425, 74, 852, -695, 108, 768, -298, 1233, 9, 4, 166, 45, 417, 385, 106, -487, 46, 621, 799, -103, -777, -575, -604, -437, 95, 247, 553, -215, 50, -365, -366, -387, 9, -423, 232, -164, -201, -175, -365, -28, -947, -150, -201, -641, 567, -28, -290, 219, -194, 88, 214, -25, 1331, -134, 180, -6, -474]
[400, 362, 480, -7, 307, -98, -448, 917, 65, -51, 577, -73, -445, -260, 872, -649, 157, -945, -590, 1103, 647, 66, -543, -38, -229, 375, -362, -73, -21, -794, -621, -261, 241, 530, -226, -485, 204, 404, -308, -12, -275, 748, 115, 570, 433, 698, -155, 582, -691, 180, 173, 374, -619, 570, 452, 309, 331, -180, 431, 76, 441, 571, 243, 187, 503, -387, 269, 735, -157, 44, 426, -271, -313, 431, 227, -136, 563, -317, -33, 146, -398, -152, -449, 302, 241, 327, 280, -524, -153, 446, -582, -689, -154, 1020, -42, -97, 129, -197, 262, -796]
[-372, 712, -355, 441, -51, 268, -656, 350, 506, 695, -196, -498, -47, 83, 73, -209, 567, 770, -68, -427, 201, -652, -93, -554, 442, 135, -308, -144, 239, -414, -385, -16, -277, -256, -219, -321, -44, 313, 426, -506, -303, 163, -755, -11, -308, 284, 113, 686, 78, -532, -253, 557, 161, -132, 445, -50, 268, 438, 6, 226, -331, 277, 503, -979, 613, 940, -862, 860, -427, 441, -262, 297, -937, 970, 382, -543, 212, -601, 173, -233, -298, 205, 409, -650, -73, 460, 45, 374, 826, 206, -216, -159, -762, 361, -17, 364, -223, -382, 919, -458]
[599, -859, -240, 372, 482, 18, -793, -741, 650, -324, 679, -249, 434, -591, -951, 787, 266, -28, 63, 35, -434, -534, -74, 268, 76, -431, -326, 73, -543, 469, 361, 28, -222, -558, -56, -771, 70, -267, 22, -807, -591, 294, -540, -81, 756, -24, -257, 391, 86, 55, -55, 703, -243, -50, 443, -384, 134, 227, -45, 109, -109, 689, 513, 193, -210, 399, -441, -732, 259, -159, 243, -305, 362, 854, -349, -443, 362, 120, 461, 5, -89, 781, -180, -266, -234, 87, 660, 263, -31, 472, 881, -308, 409, 482, -768, -1132, 317, -333, 48, -9]
[238, 346, 739, -158, 276, 39, 391, 1123, -292, 240, -53, 130, 384, -273, -735, 490, 1125, -24, 12, 280, -793, -1046, 405, 132, -143, -159, -919, -20, -170, 47, -490, -431, -431, -1328, -384, 432, 313, -460, -347, -131, 111, 486, 22, -512, -387, 410, 146, 57, -157, 1000, 526, 351, 640, 847, 259, 533, 341, 841, -292, 64, -157, 549, 604, 464, -462, -147, -741, -317, 339, -56, -177, 295, -24, 808, -783, 175, -97, 723, -67, -352, -600, 817, -362, -231, 575, 548, 682, 389, 205, 412, -229, -253, -552, 61, 248, 549, 794, 807, -1029, -649]
[-1011, -328, 28, -467, -86, -354, -291, -96, -392, 6, -250, 139, -115, -524, 488, -163, -351, 973, 849, 272, 251, 464, -16, -148, -23, 333, -165, -104, 107, -63, -635, -27, 420, 319, -327, 178, 244, 734, 498, 731, 221, -840, -666, -329, -947, -219, 294, -202, -613, -141, 138, 719, 351, -692, -357, -424, -185, -586, -12, -177, -513, 500, -692, 60, 281, -264, -407, 87, -350, 143, 118, 356, 305, -617, 451, 352, 6, 899, -121, -946, 273, 570, 299, -388, 615, 250, -657, 650, 476, -185, -200, 199, -850, -229, 310, -247, -714, 782, -1, 404]
[-371, 454, -734, 168, -707, -77, -173, 137, -1023, 218, 584, 58, 157, 499, 466, 8, 284, 665, -52, 67, -478, -405, 145, -352, 158, 290, -337, -17, -103, 788, 263, -45, -163, 113, 162, 28, 481, -335, -139, 247, 275, 926, 210, -114, -1007, 395, 373, 1047, -215, -807, 107, -441, 647, 437, -117, -253, -28, 146, 23, -94, -56, 179, 808, -562, -307, -44, 72, 152, 2, 525, 110, 550, 274, -672, 836, -344, -834, 42, -88, 444, 608, 343, -571, -572, -238, 162, 8, 199, -428, -323, -607, 343, 237, -428, 772, 931, 86, 633, -109, -140]
[84, -356, -531, 17, 299, -45, -347, -402, -522, 471, 1029, 612, 781, 54, -721, -900, 261, -512, 100, -515, -718, 111, 105, -201, 521, -284, 1239, -218, -139, -329, -325, 225, -545, -66, 802, 132, 173, -78, -211, 54, 135, -65, -246, -570, 373, 540, 141, -108, 343, 111, 1083, 421, 386, 90, 602, 66, 77, -298, 615, -244, 65, -641, -156, -290, -560, 139, -699, 663, -172, -765, -829, -852, -304, 857, -132, 817, 167, -218, -57, 50, -1302, -829, 218, 691, -695, 13, -128, 22, -624, 62, 59, -367, 240, -418, 196, -124, -101, 595, -517, -636]
[-99, 495, 889, -516, 340, -188, -339, 187, 904, 191, 268, 348, -112, -574, -132, 163, 461, 257, 232, 1390, 99, 160, -20, -172, 494, 178, -75, -506, 512, 289, 323, -522, -699, 842, -664, -145, -147, -436, 696, 605, -107, 622, -47, -367, -484, 873, -104, 744, 639, -592, 45, 389, -373, -539, 618, -361, 26, -247, -425, -339, 503, -177, 195, 71, 769, -150, -1183, -110, 97, -60, -301, 246, 60, 63, -249, -7, 710, -87, -396, 171, 71, -235, 8, 573, -263, 316, -134, -507, 781, 47, 461, -845, 87, -130, -788, -278, 124, 476, 180, -1442]
[617, 331, -758, -397, 616, 309, 291, -583, -395, -550, -863, 76, -796, -384, -22, 7, 575, -457, 493, -263, 217, 286, -564, -77, 454, -890, 398, 442, -108, 48, -487, -430, 519, 783, -53, -977, 420, -66, -120, 149, -477, 185, 395, 564, 145, 224, 4, -265, -353, -461, 209, 3, -239, -211, 269, -908, 260, -63, -792, 121, -176, 652, -228, 125, 753, 748, -366, -159, -761, 43, 484, -23, -623, 57, -171, -4, -147, -752, -794, 290, 327, 241, -36, -557, -789, 92, -562, -504, 427, 379, -619, 114, 149, -278, 250, -579, -536, -1304, 92, 384]
[182, -10, -204, -97, -57, 434, -446, 587, -180, -885, -353, 54, 254, 79, -752, -177, 456, 237, 261, -817, 393, -302, 403, -425, -184, -100, 38, -159, -59, 615, 494, 388, -99, 435, 509, 167, -647, -14, 324, 234, 794, -587, -800, -629, -309, 560, 700, -518, 877, 933, -26, 79, -363, 283, -218, 106, -8, -571, -369, 1057, -823, 167, -697, 312, -288, -1130, -628, -430, 335, -863, 9, -59, -63, -333, 4, 277, -163, -175, 832, -686, -719, 210, 471, -379, 990, -73, -255, 113, -703, -292, 127, 72, -486, -186, -973, 176, 233, 186, 551, -580]
[746, 382, 180, -189, -965, 1008, 308, -897, 411, 483, 244, 50, 426, 219, -776, 530, -135, 289, -922, -389, -262, 291, -605, 350, 444, 321, 342, 477, -470, 1026, 134, -67, -295, -518, 4, -215, 269, -489, -195, 177, 433, -37, 540, -445, 204, -792, 506, -976, 121, 60, 114, -230, -42, -419, -222, 338, 308, 724, 287, -425, 241, 281, -504, -647, -553, -61, -76, 79, -525, 231, -508, 19, -908, 97, 89, -143, 339, -620, -412, -156, 261, -623, -756, -346, -357, -1265, 250, -753, 153, 134, 796, -355, -37, -1177, -107, 261, -408, -879, -160, 624]
[142, 325, -741, -96, -755, -205, 189, -342, -587, 241, -109, 332, -140, -403, 413, -212, -10, -418, -588, -54, 572, 409, -88, -47, 1177, 394, -164, 421, -32, -582, 199, 767, -810, 699, -630, 227, 618, -365, -605, 600, 616, -1250, 304, -436, 534, 581, 948, 685, -34, -1110, 707, -254, -43, -456, -637, 706, 293, 216, -49, -750, -104, -222, -116, 137, 1155, -438, 561, 70, 284, -223, -297, 297, -305, 230, 702, -216, -885, -274, 477, -694, -545, -149, -309, -592, 504, -352, 41, -535, -680, 304, -40, -313, -388, 523, 42, -186, -290, 45, 268, -7]
[-175, -244, 347, 53, 31, 886, -11, -312, -673, -169, 20, 315, 174, 798, -277, -164, -608, 711, -383, -156, 9, 408, -258, -544, -505, -85, -455, -56, -125, 400, 588, 1016, -487, -73, 365, -246, 59, -900, 544, 314, 164, -150, 389, 190, -427, 71, -239, -874, -77, -747, -435, 164, -877, -71, 578, 115, 476, -730, 481, 45, 45, 10, -883, -929, -704, -767, -720, 57, -1115, -287, 702, -586, 471, -592, -149, 92, 103, -693, 512, 99, 638, -16, -96, 526, -132, -378, -423, -729, 552, -1240, -47, -307, -331, -508, -693, 88, -230, -604, 868, 100]
[765, 138, 287, -522, 843, 347, 712, -157, -131, -728, -24, 17, -1128, 46, 1383, 449, 446, 22, 361, -71, 13, -464, -621, 49, -211, 798, -645, 106, -141, 86, -1136, -332, 423, -391, -315, -910, 76, 197, -618, -659, 26, -424, -55, 451, -792, 565, 309, -298, 275, 441, -13, 340, -33, 100, -417, -140, 405, 607, 302, -450, -129, 137, -368, 278, 213, 356, -411, -817, -45, 659, -568, 1002, -582, -702, 141, -657, -570, -835, 161, 79, -472, 530, -349, -635, 481, -471, 631, 240, 606, 138, 84, -24, 404, 400, 90, -560, -38, -734, 198, -768]
[693, 504, -53, 24, 580, 402, 568, -238, 136, -207, -136, -407, -827, 434, 310, -120, -85, -580, -213, -733, 31, 20, -199, 62, 308, -778, -136, 331, -581, 417, 492, 513, 639, -255, 19, -189, -402, -367, 89, -157, 56, -447, 421, -71, 202, -206, 19, -1198, -461, -33, 63, -781, -1297, -545, 289, -398, -58, -29, -90, 609, 364, -587, -233, -284, 654, -136, 33, -947, -194, 65, 235, -82, -1068, 364, 233, -337, 253, -822, -283, 200, 795, -409, -538, -214, -533, -100, -370, -298, 436, -209, 636, 106, 534, 166, 104, -109, -386, -919, 977, -195]
[-31, 509, 450, 324, 688, -129, -422, -332, -495, -494, -203, -320, 99, -445, -160, 691, 572, 524, -676, 651, 30, 164, 141, 65, -88, -671, -16, 587, -105, 45, -134, -518, 207, 108, 111, -90, 674, -231, 130, -28, -178, 223, 63, 575, -34, 335, -661, 676, -1196, -774, -509, -630, -288, 573, 666, -307, 177, -224, 428, 279, 606, 72, 845, 51, -185, 573, -186, -83, 646, 477, 380, 208, -427, 219, -125, -759, -208, -418, 185, 432, -90, 753, -615, 392, -18, 271, 633, -15, 21, 65, -863, 180, 1115, 24, -289, -891, -236, 544, -103, 283]
[724, 993, 66, 164, -231, -131, 354, 527, 160, -159, -601, -197, 700, 308, 522, -50, 186, 645, 203, 57, -137, -468, -521, -53, -588, 516, -73, -75, -178, 142, -656, -110, -974, 224, -385, -909, -116, 332, -292, -361, 235, -458, 425, 1030, 354, -98, 463, 1416, 225, 676, 419, 224, 395, 654, -549, 423, 743, 606, 209, -328, -641, -25, 300, 430, -926, 366, -166, 30, -865, 46, -506, -222, -717, -76, 748, 39, -724, 683, 95, -672, -602, -1012, 499, -185, 204, -304, -549, 488, 1327, 41, -97, 428, -261, -786, 872, -144, 419, -93, -823, 61]
[135, -441, 322, -316, 560, -71, 72, 211, 312, -1043, 522, 347, -460, -593, 205, 377, 319, -44, 600, 268, 349, 1103, 253, 712, 165, -208, -201, 282, 232, 69, -304, -577, -27, -556, 979, 319, 422, 439, -114, 555, -630, 478, -91, -58, 66, 255, -729, 279, 365, 665, 709, 1263, 1185, 338, 374, -206, -678, -614, -847, -725, -103, 416, 393, 418, -359, -326, 711, -45, -432, -97, -95, -742, -967, -759, 187, 560, -166, 565, 341, 528, -441, -51, -154, -165, 60, -189, -525, -59, -459, 143, -425, 187, 414, -889, -456, -1157, -1016, 20, -649, -307]
[-144, 333, 656, 61, -209, -237, -386, 244, -201, -744, -20, 92, 81, -119, 332, -309, -319, 615, 194, 858, 377, 18, -194, 426, -96, 385, -275, 801, 671, -79, -724, 206, 437, 47, -703, -39, -72, 839, 144, -76, 728, -670, 236, 76, -270, 121, 738, 311, -976, 477, -186, -606, 220, 260, -920, 226, -318, 452, 73, -273, -512, -144, -48, -268, 502, -269, 244, -329, 153, 1371, 260, 457, -1032, -104, 783, -786, -422, 71, 39, -1379, 790, -128, -127, -218, 481, 353, 354, 266, 649, 290, -538, 1293, -645, 541, 1196, -515, -199, 337, -766, 438]
[105, 677, 142, 70, 179, 291, 539, -389, 107, -125, -527, 306, 42, -692, -798, 290, 330, 215, -33, 504, 360, 144, 30, 268, 274, 803, 75, 243, -72, 794, -227, 257, 276, -260, -98, -44, 285, -1, 307, 1378, 602, -153, 743, 459, 126, -135, 653, -216, -117, -121, -283, -473, 206, 118, 30, -250, 784, 449, 137, -48, 611, 19, -515, -510, -216, -210, 213, -109, 42, 32, -619, 385, 220, -673, 473, -100, -255, -613, -1, 56, 303, 947, -195, -52, -56, -472, 6, -1410, 113, 100, -170, 926, 784, -341, -96, -224, -178, -462, -448, -83]
[734, 301, 445, 85, -153, 3, -168, -174, -14, 156, -210, -560, -875, -571, 88, 392, -41, -355, 688, 180, 1221, 243, -430, 462, 119, -474, 214, 596, -222, -185, 215, -451, -351, 73, -88, -121, 262, 949, 225, -222, 283, 502, 119, -483, -224, -256, -486, 170, 469, 101, -916, 1084, 624, -402, -501, 367, -341, 334, -833, -349, -994, 866, 165, 264, -718, -558, 38, -220, -340, -82, 472, -262, -205, 160, 16, 406, 485, -494, 468, 106, -426, -216, -237, 298, 576, -280, 191, -528, 8, -95, -77, -1059, -161, -760, -63, -123, -212, 376, -305, -589]
[-1313, -1307, -430, -355, 503, 340, -76, -88, -63, 150, -99, 120, 88, 915, -246, -330, -522, 292, -398, -618, -594, -248, 145, -1495, 868, -156, 587, -505, -669, 111, 359, 134, 759, -68, -817, 101, 455, -215, -105, -401, 9, -261, -97, 275, -633, 315, -75, 310, -346, -381, 237, -100, 1082, 311, -139, -403, -176, 304, 291, 202, 532, -641, -239, -4, -257, 297, 118, -403, 45, -404, 91, -75, 338, 119, -390, 66, -263, 239, -300, -131, 340, 431, 691, 736, -275, 603, -566, 23, 607, -901, -128, 1135, -405, 322, 897, 223, 56, 167, 42, 507]
[-754, -388, 459, 283, -167, -356, 278, -65, -1171, 607, 822, 519, 480, 400, 513, 267, -439, 986, 173, -95, 92, -277, -310, -677, -8, 115, 418, 764, 304, -172, 222, -254, -795, 86, 204, 342, 174, -741, 211, 584, 485, -853, -656, -363, -423, -82, 664, 980, 254, -692, -92, -357, -821, -236, -162, 193, 175, 503, 197, -698, -661, -912, 455, -288, -89, -5, -393, 852, -291, 496, 357, -207, 735, 170, 370, 93, -615, 439, -508, 108, -313, 37, 139, -140, 216, 268, 127, 81, 604, -91, -553, -413, -390, 187, -355, 704, 352, 31, -498, -1385]
[620, 609, -708, 36, -377, -217, -111, -957, 305, -961, -819, -171, -551, -260, 458, 396, 331, -280, -657, 538, 430, 254, 87, 224, 97, -55, 481, 510, 554, -1223, 520, 276, 722, 386, 644, -296, -310, 463, -587, 8, 383, -1124, 249, -260, 413, -438, 22, -629, -51, -964, -27, -72, 153, 501, -640, -394, -538, -98, -63, -260, 563, 66, -66, 790, 799, 194, 1502, 178, -1072, 112, 335, 419, 319, -1016, 1313, -300, 303, -199, 432, 670, -778, -4, 416, 336, 105, -375, -59, 383, -437, 30, -4, -609, 710, -760, -482, -612, -347, -462, 578, 775]
[689, 954, 190, -246, 338, 30, 287, 624, -218, -289, 636, -205, 333, -666, -94, 326, 224, -410, -202, -496, 729, -8, 92, 161, -658, 85, -943, -179, -63, 391, 1007, -572, -641, 540, 352, -55, -64, -115, 373, 244, -266, -847, 526, -413, 83, 98, -612, -36, 436, -208, -504, 759, -161, -372, 553, 213, 32, -80, -122, 266, -442, 296, -64, 380, -415, -379, 166, 799, -396, -82, -162, -475, -902, -697, 478, 308, 512, 33, -200, 191, -391, 235, -821, -429, 667, 558, -12, 142, -125, -415, -640, 698, 298, -982, -1104, -177, -883, 586, -59, 215]
[647, 130, 67, -181, -328, 172, -206, -392, 536, -1080, 423, 156, 43, -54, -539, -509, -185, -53, -700, 68, 577, 17, -539, 204, -275, -751, 133, 152, -521, 633, 667, 315, 390, -36, -418, 291, 420, 323, -211, -404, 217, -190, 9, -156, 463, -960, 426, 228, -573, 540, -268, -995, -328, -237, -77, 166, 635, 37, 354, -650, 160, 673, -162, -510, -534, -166, 370, -112, 1213, 514, 211, -241, -181, -560, 190, -94, 643, -551, -833, -58, 754, -343, -761, 66, 304, 149, -525, -528, -465, 134, 111, 369, 240, -128, -292, -326, -557, -32, -446, 570]
[-70, -600, 225, 574, -159, -593, -84, -6, -849, 19, 90, -660, 559, 257, -287, 21, -416, 110, -8, -373, 345, 55, 209, -257, -128, -218, -20, -406, -428, -269, -588, 295, -245, -740, -89, 121, -61, 133, 127, -347, -255, -55, 9, 296, 1219, 190, -615, 437, -289, 214, 344, -123, -390, 249, -421, 402, -369, -249, 632, -282, -500, -401, 133, 250, -294, 212, -89, -102, -495, -189, -409, -352, 467, 1127, -98, -476, 229, 468, 268, 193, 399, -641, 544, 367, 392, 74, 116, 567, 423, -143, -2, -644, -42, 378, 538, 415, 679, 221, 18, 592]
[-180, -549, 103, -865, 213, 547, 550, 358, -332, 455, -356, 75, 43, 975, 674, 16, 154, -244, -66, -766, 627, 97, -157, -172, -372, 531, -1106, 182, 564, -548, -230, -1352, 67, -414, -229, -93, 136, -658, -439, -841, -116, -781, -182, -307, -378, -299, 184, -81, 457, -245, 1107, 515, 54, 694, -384, -789, -718, -225, -170, 191, 414, 25, -493, 669, -84, 28, 307, 764, -437, 153, -912, 453, 238, -315, -118, 1309, 8, -501, -390, -1309, -634, -360, -65, -963, 49, 13, -856, 333, 518, 138, 13, 774, -254, 187, 457, 423, 429, 30, 502, 644]
[228, 802, -119, -32, 83, 17, 165, 324, -359, 727, -132, -823, 843, -561, -144, -175, -182, -374, -239, 361, -284, 258, 1088, -315, -454, -433, -111, -219, -375, 73, -65, -1019, 54, 17, 339, -346, 203, -560, 136, -663, -383, 179, -3, -153, 395, 149, -701, 657, 674, 420, -666, 21, -745, -53, 355, -632, 499, -16, 346, 308, 236, 70, -171, 332, -224, 749, 43, 897, 389, -638, 156, -387, 450, -328, -388, 1093, 428, 193, -218, 735, 29, -477, -25, -109, -205, -148, -267, -657, 37, 1092, -489, 224, -23, -485, -1092, 253, -103, 405, -251, -828]
[-305, 840, 504, -187, 625, -275, -717, -358, 210, -897, 392, 571, 104, 804, 377, 461, -891, 329, -1023, -640, -516, 435, 112, -380, 293, 452, 925, -542, -124, 675, 657, -312, 194, -238, -39, -683, 106, 693, -545, 609, -1251, -204, 111, -108, 179, -753, 199, -604, -485, 330, 216, -889, 131, -707, 386, 225, -620, 37, 213, 403, -109, -501, -12, -92, 396, 207, 59, -485, 175, 424, -199, -137, 452, -806, -765, -213, 1074, 126, 210, -156, 751, -322, -151, 210, -648, 463, 445, -222, -264, -71, 1176, -127, 457, -450, -431, -176, -270, 122, 322, -425]
[-506, -1087, 658, 262, -11, 390, 380, -894, 418, 540, 476, 104, 11, -298, -243, -181, 79, 402, -8, 575, 16, 243, -623, 586, 160, 442, -89, -221, -168, 535, -609, -32, -69, -767, -238, 424, 303, -102, -453, 234, -934, -248, 54, -409, 7, 625, -282, 38, -1115, -577, -138, -202, -63, -498, 160, 121, 525, -317, 460, -1195, 225, -492, -649, -342, 35, 143, 413, 658, 436, -83, -838, 170, -147, 487, -47, 122, 666, 473, -920, 35, 346, 696, -222, -25, -408, -715, 120, -518, -117, 935, 883, 717, 287, 185, 217, -198, -407, 160, 111, 107]
[-318, 517, -1067, -822, -429, 352, 314, -225, 111, 180, -533, 378, -454, 120, -477, 254, 336, -698, -1327, -620, -537, -370, -31, 573, 184, 43, -236, 24, -311, -316, 873, 549, -766, -146, -98, -135, -427, 4, -155, -30, 430, 35, -374, -156, -982, -528, 548, -689, -946, -716, 536, -256, -443, 390, 146, 32, 892, -291, 181, -330, 365, 220, 20, -286, 3, -258, 507, 433, -495, -234, 242, -22, 376, -473, -354, 102, -277, 303, 614, -422, -85, 655, 981, 1, 271, 119, 847, 168, 176, -193, 293, -680, -408, -1096, -297, 24, -20, -628, 785, -379]
[-101, -786, -565, 328, -474, -695, -191, -974, 108, 19, 603, 14, 122, 90, 231, -58, 131, 174, 604, -183, 53, 354, 275, 467, 86, 1139, -687, -470, 445, 144, -1458, 412, 360, -471, 89, 381, -331, 408, -670, 225, -161, 793, -858, -333, 401, 280, -214, 160, 448, 617, 195, 847, 197, 129, 105, -351, -661, -386, -521, 417, 182, 365, -64, -248, 492, 479, 649, -42, 290, 349, -18, -236, 1316, -650, 97, 45, 113, 350, 614, 209, -99, 189, -519, -872, -752, -265, 214, 79, 252, 584, -820, 256, 304, 1289, -647, 671, 798, 341, 347, 69]
[-140, -84, -439, 1004, -381, 357, 494, 423, -233, 411, 190, 233, 27, -522, -985, -981, -236, -712, -463, -272, 276, -280, 202, -124, 211, 509, 251, 286, -543, 199, -93, 120, 1049, -250, -107, -340, 195, -45, -289, -262, -694, 177, 582, -683, 521, 715, -566, 269, -161, 484, -637, 1091, 216, 515, 469, 162, -551, 483, 487, 251, -327, 769, -735, -189, -243, -737, 354, 267, 77, 67, -295, 628, -118, 184, 925, -463, 1112, -298, 236, -294, 174, -454, -639, 176, 3, -785, -131, -711, -514, 267, -724, -80, -216, -76, 22, 591, -517, -132, -157, 1231]
[481, 1093, 548, -29, 24, -335, 275, -396, 395, -699, 221, -190, 15, -47, -304, 43, -208, 115, -265, 661, -52, -583, 232, -331, -1172, -182, -529, 218, 569, -1175, 693, 216, -292, 366, -1190, -148, -594, -45, -95, 209, -45, 358, -174, -761, -209, -218, -893, 71, 1237, 205, 92, -221, -152, 357, 274, 317, -532, 116, 161, -354, -461, -175, 949, -276, -91, 71, -143, -143, -503, 393, 81, -101, 179, 286, 169, -345, 291, -270, 394, 312, -455, -352, 549, -101, -200, 190, 664, 168, 1350, -466, -271, -197, -277, -179, -571, -727, -236, -283, -313, -646]
[862, -417, -239, 825, -452, -275, -697, -999, -259, -577, 360, -55, 612, 362, -378, 472, -72, -540, 422, -808, -215, -617, 696, 508, -216, 319, 624, 252, -455, 336, 435, -530, 84, -522, 283, -4, -4, 648, -288, 349, 290, 164, 117, -587, 77, 312, 30, 156, 128, 354, 420, -224, -232, 62, -776, -529, -696, 355, -220, -26, -992, -23, -453, 159, 135, -228, 327, -249, -1103, 331, -99, -77, 431, 427, 431, 431, 374, 51, 427, -407, -4, 591, 576, -375, -492, -836, 370, 66, -118, 25, 561, 378, -186, -429, 571, 52, 624, -74, -486, 440]
[-125, -420, -363, -239, -521, -313, -483, -555, 961, 749, 204, 500, -242, -144, 775, 159, -485, 21, -4, -731, -200, 68, 174, -594, 30, -248, 1262, -963, -218, -506, 771, 617, -469, -343, -638, -511, 272, -373, -75, 215, -51, -624, -18, 1007, 250, 800, 41, 49, -193, -683, 361, -299, -129, -197, -115, -26, -109, -227, -8, -435, -18, 57, -464, 121, 225, 125, 389, -426, -156, -246, -84, 105, 381, 283, 349, 176, 791, 229, 457, -23, 421, 1108, -94, -205, -355, -936, -371, 441, -85, -66, 526, -112, -31, 763, -28, 173, 1067, 281, 1377, -1198]
[79, -103, 1084, 49, 431, 388, -11, 890, 209, -224, 563, -478, 477, -631, 528, -33, -333, 380, 50, 1004, 545, 598, 1134, 162, -510, 533, -260, 265, 592, -599, 200, -303, 1043, -78, 82, 143, 58, 950, 104, -407, 190, -356, -472, -76, -40, 109, -92, -352, 489, 78, -779, 1589, -73, 115, 291, -251, -1002, 184, 541, -503, 259, 410, -33, 930, 439, -80, 229, 163, -660, 178, 748, 56, 241, -407, 364, -481, 931, 474, 196, 606, 156, 948, -166, 848, 928, 104, 493, 0, -697, 534, -14, -385, -320, -304, -640, -660, -334, 216, -371, 19]
[155, 270, -536, 353, 270, -230, 195, -832, -123, 94, -170, -592, -388, 751, 681, -742, 22, 394, 29, -393, -60, -108, 65, 65, 731, 415, 805, -633, 128, 87, 88, 655, -73, 68, 261, 76, -738, 655, -463, -44, -52, 452, -248, 185, -960, -293, -286, -899, -111, -569, 1403, 277, -745, 195, 191, -373, -335, 263, -11, 419, 282, -160, -366, 36, -141, -80, 413, 418, -889, -87, 270, -127, 779, 841, 485, -143, -535, -105, 56, 466, -457, -56, 268, 887, -574, 51, -392, 225, -21, -770, 403, -643, 258, 195, 301, 178, -99, 652, 562, -183]
[767, 105, 29, 83, -2, -377, 404, -34, 536, -557, 168, 415, 806, 449, 432, -383, 133, 598, 229, 345, -143, -315, -98, -567, -1311, 2, 1016, -800, 109, -158, 355, 253, 499, 396, 200, -420, -561, -652, -262, 141, -168, 408, -164, 264, -451, -1, 7, -297, 803, 387, 462, -152, 415, 399, 529, 306, 584, 853, -29, 541, -392, 257, -788, 977, -596, -530, 1019, -231, -211, 371, 40, -362, -149, -437, -552, 271, 514, 826, -9, 986, 565, 258, -198, 18, 112, -235, -199, 1210, -264, 308, 384, 354, -335, -80, -336, -207, 446, 144, 883, 452]
[324, -1088, 592, 293, -326, -96, 246, -299, 930, 473, 608, 188, 229, -425, -71, 102, 213, 200, 540, 441, 78, -848, 829, -247, -98, 802, -287, -151, -40, -867, 236, -472, 479, -546, -175, -109, -85, 40, 255, 52, -26, -473, -470, -1140, 218, 467, -955, -165, 463, 375, -84, 792, 724, 457, 192, -170, 64, 74, 528, -4, 178, -632, 23, 499, -125, -26, -210, -16, 248, -141, -1110, 234, 757, -42, 461, 183, 1348, -512, 90, -54, -356, -55, -913, -532, -32, -372, 145, -301, -72, 581, 729, -304, 156, 624, -419, -162, -117, 976, 36, -231]
[-1002, 520, 670, -150, 384, 344, -49, -9, -193, -110, 554, 170, 25, -333, -286, 216, -890, -676, -969, -56, -275, 808, 166, -80, 314, -369, -719, 427, 105, -27, 471, 204, 184, -741, 790, -229, -78, 479, -400, 151, 470, -207, 42, 285, -387, 941, 423, -1314, -238, -563, 174, -625, -775, -305, -421, -370, 489, -146, -327, -636, 743, -894, -679, 581, 992, 419, 631, 650, -904, 815, 50, 76, -126, -777, -403, -596, -148, -266, 382, 464, 1011, 24, -506, -339, 81, 73, 32, -302, 43, -112, 347, 97, -321, 347, -76, 674, 14, -479, 43, -432]
[40, 395, -541, 455, -192, -92, 349, 875, -382, -527, 79, 198, 493, -28, 491, 122, 324, -588, -1224, -1262, -428, -1258, 174, -1024, -478, -550, 385, -104, -447, 522, 424, 642, 39, 769, -479, 287, -385, -83, -27, -286, 357, -1051, 55, 355, 126, 628, 712, 1200, 972, 311, 837, -394, -121, -490, 97, 335, -13, 533, -324, 829, -187, -411, 1013, 244, 284, 535, 248, -132, 496, 208, 543, 123, -554, -616, 161, -760, -319, 280, 431, -700, -388, -138, -193, -373, -76, 908, 539, -192, 78, 14, -35, 590, -462, -14, 105, 50, 1016, -558, -793, 25]
[-960, -688, -629, -120, 32, -105, 10, -254, 850, -62, 218, 193, 466, 1045, 91, 508, -497, 385, 283, -515, -909, 208, -112, -120, 336, -191, 614, -1247, -104, 231, 541, 157, 179, -349, -3, -35, -218, -581, -234, -625, -549, -438, -418, 758, -14, -358, -28, -382, -693, -86, 872, 764, 262, 976, 438, -75, -427, -32, 56, 89, 468, -497, 131, -38, -641, 479, 98, -93, -157, -636, -131, -786, 672, -368, -267, 258, 556, 615, -190, -1159, 468, 14, -254, -352, -798, 748, -14, 580, 24, 87, 708, 999, 288, 849, 862, -593, -97, 540, 820, -194]
[-1000, -1147, 537, -124, 130, 285, 552, 581, 735, 305, 518, 327, 253, -216, 34, -690, -353, -36, 641, 63, -567, 598, 258, 130, -155, -379, -265, -700, -100, 971, -251, -520, 21, -892, -112, -6, 420, -207, 578, 240, -681, 99, -95, 322, -23, 882, 113, 672, -628, 627, 417, 94, 137, -529, 1263, -29, -548, -244, 699, 104, -516, 224, 435, -485, 146, -92, -367, -146, 354, -276, 717, -853, -149, 447, -524, -229, -134, 492, 13, -149, -286, 140, -150, -188, 196, -366, -71, -296, 416, 504, 422, 763, -307, -214, -692, 401, 104, 144, -274, -1071]
[-161, 217, 79, 7, -52, -235, -466, 965, -154, -63, -99, -46, -239, -563, 565, 454, 126, -159, -404, 376, -321, -246, 600, 27, -769, 425, -267, -404, -385, 283, 305, -212, 710, 239, -180, 13, 329, 992, 1004, -549, 717, -210, -1127, 394, -125, -586, 119, 874, -17, 75, -286, 267, 325, -590, -194, 259, -643, -585, 435, 245, 374, 4, 764, 759, -392, -236, 62, -316, 168, -503, -176, 407, 61, -1245, 578, -197, 476, 398, 420, 336, -272, 128, -198, 651, 207, 362, 217, 282, -1045, 554, 456, -177, -208, -505, -467, -1241, 391, 315, -6, -305]
[566, -504, 226, -486, 887, -303, -851, 881, 697, -625, 27, 576, -35, 494, 269, 216, 486, 850, 452, 268, 501, -187, 208, -158, 4, -192, -1085, -258, 604, 89, 535, 688, -1143, 680, -284, -308, 25, -203, 731, -325, -642, 253, -367, 1063, -159, 901, -1067, 336, 276, -535, 874, 519, -825, -93, 1111, -92, -165, 68, 72, -237, 434, 696, 61, 239, -625, -282, -960, -129, -276, 686, 172, 349, 401, 108, -243, -830, -584, 727, -137, 34, 197, 424, 230, 280, 985, 265, 185, 494, -269, -750, -655, 99, -195, 303, -302, 404, 212, -14, 89, 73]
[-325, -195, 60, -361, 699, -419, -684, 282, -30, -9, 242, -120, -1013, 690, -447, -28, 203, -436, -183, 659, -285, 774, 378, -247, 544, 363, -52, -410, 109, -389, 164, -585, 1187, 217, 127, -439, -591, 568, -559, -182, -127, 623, -195, 92, 15, 312, -418, -98, -154, -187, 336, 321, 920, -277, -27, 234, -648, -566, -183, -60, 426, -172, -435, 188, 514, -164, 134, 348, -351, 405, 607, 106, 805, 90, -353, -178, 254, 50, 489, 765, -449, 1253, 246, 1341, -124, 1180, 820, -364, 131, -378, -1287, -614, -164, -142, -96, 23, -86, 296, 445, -903]
[364, -203, -583, -449, 266, 552, 632, 103, 557, 397, -355, 885, -434, -149, -8, 310, 358, 247, -559, -63, -508, 129, 516, 52, -240, -273, 953, -994, -487, -927, 436, 247, -32, 10, 428, 439, -146, -238, 499, 211, -33, 301, 205, -79, 288, -136, 249, -582, 307, -357, 489, -195, 229, -747, 708, 142, -245, 133, 290, 640, -332, -305, -522, 99, -665, -60, -55, -252, -1037, -762, -186, -76, -1006, 72, -31, 776, 898, 118, -652, 333, -122, -232, -460, -62, -316, -727, -102, 220, 111, 262, -442, 180, 18, -320, -247, -144, 13, -112, 825, 650]
[362, 67, -249, -1174, 72, -143, 366, -228, -488, 304, -1049, 708, -71, 564, -495, 435, 745, 77, 102, -15, 189, -300, 366, -367, -932, 636, -912, -332, -379, -745, 77, -157, 27, 372, -66, -145, -33, -464, -23, 312, -332, 335, 159, -124, -611, -662, -595, 726, 291, -348, -791, 132, 84, -44, 522, -810, 427, -375, -485, 35, 126, 750, -295, -215, 193, 63, 571, 516, -647, -215, -25, -500, 920, -316, 313, 828, -158, -310, 341, -293, 225, 473, 430, 107, 162, 311, -100, 56, 756, -317, -490, 450, -316, -44, 324, -703, -222, -276, 542, 131]
[514, 171, 79, -95, -146, 221, 450, -127, 61, -122, 406, -450, 196, 818, 302, -603, -49, 249, 371, -42, 590, -567, 471, -207, -1073, -73, -140, -29, -204, 636, 170, -447, 63, -1188, -33, -248, 370, -145, 323, -326, -181, 803, 595, 115, 198, 604, -140, 1161, 183, 378, 275, -129, -441, 897, 566, -639, -142, 810, 63, -97, 66, 533, -73, -823, -543, -26, -156, -304, -225, 463, -450, 379, 127, -180, 574, 154, -198, -753, 464, 206, 1058, 312, 125, 435, 263, 132, -341, 52, 385, -250, 475, 117, -85, 136, 366, -308, 68, -832, 252, -275]
[-1012, -283, -388, -701, -299, 425, 643, -71, 397, -258, -273, 681, 108, 423, -1070, 928, -440, 44, -46, -377, 194, 1, 767, -1293, 3, -390, 1047, -680, -339, 309, 1110, 3, 285, -439, -442, 302, 323, -842, -318, 304, 380, -634, 173, 335, -122, -217, 446, -98, -147, -143, -189, -743, 663, 596, -500, 432, -224, 3, 695, 192, -901, 181, 612, 407, -387, -183, 657, -722, 1189, -774, -376, 96, 714, -91, -238, -99, 171, 256, 181, -171, -265, 594, 169, -124, 830, -6, 264, -277, 502, -192, -25, -91, 482, -93, -523, -98, -82, 166, 854, -678]
[415, 338, 134, 254, -289, -322, -1004, -611, -14, 18, 390, 42, 558, 724, 620, -460, -69, 77, -420, 174, -869, 196, -118, -319, -456, -542, 367, -370, -338, 112, 244, -483, 781, 305, -384, -968, 353, -58, -692, -371, 246, -100, -140, -792, 481, -256, 1219, 28, -409, -212, -132, -854, -256, -736, 186, -99, -802, -214, 233, 333, 1137, -672, 364, -210, 1211, 856, 434, 121, 400, 1156, 777, 95, 323, 298, -618, 14, 208, -28, -411, 542, 505, -866, -860, 238, -489, 768, 318, -56, -685, 264, 831, -17, -614, -346, 74, 238, -731, -481, -45, 958]
[386, 117, 709, 83, -340, 527, 170, -206, 83, 1032, 420, -731, 1357, 212, 534, 70, -715, -211, -933, 54, -97, 540, -764, 395, -18, -9, 380, 726, -668, 647, -35, -215, -330, -201, 258, -204, -170, -308, -633, 144, 109, -572, 177, -1010, 199, -543, 1186, -850, -362, -137, 319, -451, -937, 87, -518, 461, 1012, 671, 559, 298, -204, -349, 197, -64, -598, 229, -131, 374, -85, 469, -9, -217, -218, 662, -363, 103, 303, 131, 162, -551, 56, -393, -79, 117, 503, -619, 5, 439, 71, -437, 742, -432, -48, -163, 152, 696, -57, 366, 60, 1114]
