[-456, -317, -196, -540, 226, -427, -80, -134, 26, -223, 149, -182, 430, 311, 158, 184, 395, 292, -676, 145, -35, -267, 379, 60, 225, 227, 224, -344, 255, -77, -141, 474, -900, -640, -113, 396, -279, -546, -400, -283, -351, 411, 719, 352, -244, -53, -410, -371, -316, 123, 230, 503, 379, 87, -250, 231, -68, -330, -23, 15, 540, -14, 199, -268, -248, -488, 46, 195, -377, 5, 583, 117, -10, 223, 361, -111, 215, -638, -520, 454, 572, -323, 309, 181, 286, 597, 365, -546, 176, -29, -109, 485, 100, 65, 52, 421, -144, -90, -78, -427]
[633, 196, 131, -19, 79, -245, -255, 584, -342, 46, 153, -243, -425, -586, -186, 169, -24, 538, -156, -62, 159, -30, -347, -62, -78, -382, 704, -374, 138, 162, 190, -472, 312, 597, 246, 882, 442, 364, -542, -390, 101, -511, -401, 367, 12, -165, 234, -333, 312, -229, 281, -238, 4, 261, 104, 514, 551, -77, -228, -118, -263, -634, -302, -73, -339, 261, -193, -67, 369, -271, 206, 191, 106, -289, -163, -186, -388, -369, 384, 45, -665, 350, -154, -859, 193, -108, 785, 815, 265, 495, 253, -44, -84, -246, -839, -667, -115, 108, 436, 275]
[-60, 251, 588, 302, -723, 230, 355, 214, 289, -37, 504, -603, -250, -402, 143, 45, -457, 515, -616, -152, 7, -150, -808, -549, -117, -308, -487, -265, 179, 779, -304, 452, 526, -148, 303, 413, 156, -523, 346, -144, -370, -545, -130, 239, -323, -11, 80, -247, -229, -125, -128, -45, -293, 262, -373, 276, 951, 331, -8, 402, 99, -427, 242, -59, -639, 112, -41, -632, -141, 447, 221, 80, -73, -151, 160, 503, 200, 95, 193, -417, -558, 772, 89, -676, 237, -634, 101, 631, 81, 589, -27, -144, 398, -611, -240, -333, 78, 17, -39, -211]
[432, 420, -31, 61, 457, -39, -40, -158, -359, -166, -109, 759, -295, 6, 310, -24, 89, -147, 126, -132, -168, -205, 67, 77, 343, 106, -343, 594, 6, -612, 398, -186, -14, -475, -184, -98, 238, -3, -215, 514, -296, 160, 105, 509, -123, -505, -122, -295, 93, -520, 260, -495, -8, -593, 1263, 126, -231, 178, 80, -657, 449, 208, 261, -57, -528, 193, -67, 151, 187, -437, -213, 349, -3, 908, -56, -41, -292, 14, -456, 457, -208, 4, -407, 79, -534, 378, -15, -417, -96, -767, 261, 637, -55, 198, 465, -375, 226, -375, -635, -402]
[160, 100, -318, -193, 632, 895, 88, -865, -549, -34, 87, 797, -385, -209, 280, 93, -26, -166, -90, -555, 839, 495, -221, -152, 128, -235, -75, 368, 389, -42, 513, -235, 387, -392, 122, 108, 773, 410, -301, -161, -429, 152, -708, -52, -147, -222, 217, 684, 518, 66, 523, -296, -428, -8, 458, -665, 335, 16, -222, -496, -699, 215, 392, -280, -9, 104, 269, -115, 603, -352, -541, -118, -102, -229, -318, 41, -326, -132, 275, -363, -310, 252, -278, 361, -301, 497, -494, -653, -21, -74, 165, -333, -286, 172, -324, -636, 77, 63, -470, -339]
[290, 44, 573, 211, -540, 527, -121, 603, 16, -226, 579, -10, 122, 33, 28, -448, -761, 53, 271, 819, -709, -457, -71, 113, -236, 608, -1136, -78, -197, 95, -185, 77, -277, 289, -706, -680, -457, 254, 847, 979, 251, 145, 171, -372, 165, 58, 176, -58, -381, 695, -397, 5, 292, 347, -75, 326, -1, 101, 573, 1145, -390, 115, 205, 447, 580, -205, 245, -96, 45, 52, -270, -14, 340, 265, 211, 326, 710, 1081, 224, -508, 290, -152, 171, 111, -54, -649, -170, 279, 174, -151, 130, 359, 617, -59, 7, 576, 245, 239, -99, 377]
[455, -97, 1243, 166, -479, -478, -732, 593, -701, 123, 322, 319, -277, -458, 15, 273, -408, 143, 2, 264, -1020, -278, -197, -564, 18, 64, -100, 33, -178, -42, 128, -525, 743, 410, 229, 329, -212, 188, 44, -15, 490, -905, 295, 456, -396, 31, -495, -763, -554, -265, -284, -318, 824, 631, 309, 155, -25, -411, 133, 347, -16, 0, -147, -207, -169, 22, 269, -58, 262, -933, 219, 517, 532, 643, 84, 266, -48, 116, 118, 431, 90, 82, 205, -268, -275, -157, 399, 507, 909, 216, 203, 321, -62, -274, -591, -460, -211, 178, 367, 811]
[600, 220, 35, -440, 404, -93, -61, 919, -215, -15, 265, -202, 502, -74, -296, -258, 195, -164, 313, 500, -52, 101, -404, 191, -126, 66, -64, -282, 63, -86, 374, -294, -388, -328, -456, -180, 599, 754, -759, 907, 17, -407, -259, 255, -347, -57, -39, -263, 415, -79, -2, -248, -487, -391, 377, 153, 598, 454, 694, -291, 56, -790, -164, -39, 361, 267, 677, -526, 144, 427, -274, 489, -270, -165, -99, 5, -609, 417, 233, -481, -92, -35, -21, -354, 57, -229, 211, 115, -338, 280, 20, 233, 55, -172, -847, 342, 363, -71, -598, -23]
[69, 441, 71, 370, -40, -461, -301, 230, -335, 597, 31, 291, 151, -729, -172, -114, -12, -242, -280, 378, -150, 345, -1182, -469, 136, -632, 48, -3, -398, -212, 488, -544, 1024, -177, 749, 173, 621, 528, -26, 196, 870, -523, 507, -99, -257, -182, -440, -266, 796, -664, 77, 189, -371, -44, 53, -525, 483, 250, 75, -208, -145, -438, -297, -759, 112, 319, 579, -495, 306, -438, -307, 256, -40, -199, 138, 358, -407, -219, 557, -340, -366, 955, -225, -609, 89, 90, 170, 158, 277, 583, -42, -416, -166, -657, -583, -270, 139, 349, -216, -484]
[311, 0, -28, -88, -136, 572, 283, -308, -10, -812, -90, 205, -416, 6, 379, 248, 605, 112, 294, -380, 255, -314, 164, 122, -418, 421, -203, 437, 513, -271, 306, 190, 397, -317, -338, -41, 4, -375, 58, -547, 331, 194, 168, -117, -575, -477, -5, 5, -16, -84, 446, -405, -275, 200, 544, 969, -370, 56, -445, -130, -63, 430, 24, 365, -67, 147, -945, 378, 201, -543, -463, 31, 549, 119, -81, -456, 466, -90, -276, 329, -131, 0, -97, 761, 97, 91, -799, 152, 474, -481, 349, -166, 312, 221, 251, -523, 557, 153, 114, -723]
[499, 326, 724, -598, -321, -370, -258, -188, 32, -69, 626, -311, -537, -11, -26, 582, -74, 428, -643, -118, -368, -704, 393, -65, -581, 49, -53, -550, 631, 564, -165, 405, -36, -4, -224, 838, -544, 87, -122, -1021, -39, -341, 362, -637, -900, 83, -629, -586, -337, -191, -209, -292, 335, 763, 41, 912, 743, -21, -397, 594, -37, 479, 339, -177, -867, -495, -699, 439, -176, -593, 1112, -181, 405, -16, 229, 82, 146, -32, -287, 505, 375, 562, 53, -375, 25, 505, 97, 60, 209, 88, 539, 154, 444, -142, -149, -511, -143, 150, 684, -145]
[-768, 165, 7, 111, 173, -441, -280, 91, 101, 495, -239, 704, 166, -116, -337, 36, -130, -684, 225, 494, -328, -277, 193, -4, 835, -175, -357, 5, -63, 46, -58, 206, -151, 41, -264, -633, -427, 249, -601, 617, -27, 868, 323, 5, 73, 161, -396, -317, -403, 53, -542, -250, -257, -638, -343, -407, -187, -478, 186, -401, -248, -178, 24, -67, 476, -483, 161, -91, -640, 211, -3, -75, -513, 295, 491, 269, -541, 541, 486, 131, -21, 298, -785, 221, -597, 589, -404, -1374, -316, 189, -182, -123, -139, 254, 685, 448, 90, -204, -307, -352]
[-377, 104, 534, 111, -421, -1235, 28, -184, -444, 832, 589, -732, -39, 173, -203, 124, -371, 264, -665, 528, -661, -640, 50, -100, 295, 181, 91, -210, -149, 721, 341, 578, -692, -395, 297, 26, -34, -320, 369, -101, -306, 163, 551, -273, 341, 46, -58, 93, 337, -169, -348, 608, 457, 61, -862, -561, -367, 224, 227, 414, 228, 398, 42, -196, -38, -753, -285, 503, -260, 96, 993, -178, 23, 249, 294, 738, -105, -214, -366, -294, 544, -259, 261, 146, -25, 492, 366, 246, -179, 280, 102, -358, 44, -344, -426, 1001, -258, 119, 744, 518]
[-1049, -913, 16, 50, 21, -296, -68, 451, 427, 454, -237, 313, 866, -131, -84, -287, -1, -125, -238, -438, 543, -78, 723, 8, 295, -804, 114, -372, -355, -229, -802, -339, -642, 303, 144, 107, -112, -136, 241, 105, 58, -112, -444, 436, 349, 239, 218, -346, -469, 561, 186, -92, -377, -216, -844, 180, 87, -508, 444, 118, -201, -1146, -196, 128, 147, -197, 496, -727, -509, 696, -318, 192, -596, -587, 175, -210, -177, 339, 892, 95, -893, -148, -228, -784, 543, -891, 669, 49, -229, 674, -484, -362, -220, -568, 424, 547, -155, -541, 30, 56]
[-473, -127, -233, 726, 191, -259, 77, -79, 46, 29, 162, -220, -611, 117, 413, 158, -718, 226, -147, 166, -894, -537, 142, -343, 894, -163, -143, 648, -334, -311, 220, -194, -722, -8, -147, 143, 306, -87, 385, 12, -475, -188, 488, 107, 103, -731, -505, -2, 329, -757, -133, -124, 569, -273, -282, -456, -378, -70, -114, -511, 1064, 434, 192, -268, -416, -124, -50, 188, 144, -221, 921, -346, -209, 496, 452, 535, 255, -578, -745, -379, 802, -289, -87, -58, -73, 638, 92, 91, -223, -488, 343, 138, 736, -241, 55, 37, -364, -141, -48, 539]
[221, -783, 59, -184, 652, 580, -278, -185, -146, 346, -327, 515, -7, -200, -36, -509, -426, 610, 161, -1105, 823, 274, -190, -610, -11, -751, 350, -26, 414, 343, -698, -830, 265, 722, -120, 295, -109, 739, 149, -735, -314, -559, -754, -438, 108, -451, 507, 420, 281, 463, 590, -370, 513, 504, -824, -355, 608, -599, -621, 552, -378, 326, 124, 65, 47, -179, -86, -643, 344, -435, -169, -462, -58, -906, 223, -455, -146, -8, 686, -677, -530, -225, 244, -744, -38, -696, 176, 635, -29, 692, -207, 112, 101, 592, -10, -672, -318, 110, 155, 511]
[-245, -80, 461, -287, -87, 115, 254, 455, 490, -499, -363, -327, -37, -586, 127, 325, 167, -498, 175, 904, -237, -160, -103, -485, 336, -355, 516, -274, -570, 197, 146, -278, 106, 656, 191, 131, 84, -356, -352, 457, -5, -525, 581, 95, -648, 519, -1127, -627, -1064, -60, -657, 742, 110, 176, -774, -32, -94, -38, 202, -575, 499, -850, -944, -582, 281, 206, 756, -408, -437, 22, 448, 572, -78, -40, -48, -19, -172, -325, 333, -197, 753, 425, 191, -401, 577, 186, -568, -611, 456, 296, -395, 83, 369, -428, -268, -394, -203, 442, 187, -39]
[-233, 227, 393, 266, -29, 1231, 27, -229, 157, -406, 514, 611, -186, -503, 1019, 161, -831, 33, -507, 520, -85, -609, -12, -353, 344, -633, -740, 374, -1, 333, -640, -790, -427, 297, -31, 39, 740, -450, 538, 519, -835, -312, -269, 340, -437, -547, -171, -377, -944, 267, -282, -7, -90, -133, 397, 249, -172, -331, 1012, -618, -342, -690, 264, -157, -581, -190, 997, -11, -384, 319, -59, 666, -460, 411, 719, 382, 144, 62, 524, 268, -631, 491, -447, -340, -108, -407, -157, -502, 382, 376, 182, -410, 328, -837, 163, -789, -550, -376, -472, 55]
[490, -141, 1206, -748, 272, -1016, 48, -16, -690, -19, 385, -1018, 221, -75, -734, 89, 468, -36, -315, -79, -253, -370, -175, -381, -441, -276, 858, -1030, 22, 574, 86, 477, -260, -394, 384, 544, 56, -86, -689, -65, -347, -335, 307, 93, 253, 1044, -419, 69, -227, 241, -459, -126, 838, 710, -1052, -571, 622, 743, 169, 388, 764, -284, -513, -367, -286, 355, -48, 403, 38, 243, 411, -28, 829, -322, -422, 278, -904, -483, -517, 69, 678, -760, 1229, -453, 466, -2, 194, 354, 212, 135, 199, -18, -179, -138, -1184, 280, -122, 422, 483, 386]
[-123, -332, 572, -734, 39, 141, -385, -751, -872, 266, 650, 684, 1124, -35, 37, -193, 346, 246, -705, -299, -108, 423, -304, -723, -712, -768, 405, -525, 301, -338, -255, -235, -215, -424, 149, -103, -156, 656, -356, -237, 225, -598, 460, -20, -196, 483, -15, -227, 158, -74, 443, 766, 323, 116, -124, -473, 628, -556, 84, 392, 418, 251, -99, -339, 27, -567, 752, 83, -44, -538, -446, 352, 399, -405, 243, 470, -755, -654, 138, 146, 56, 159, 498, -385, 30, -342, 331, -308, -39, 821, -181, -527, -96, -89, -1197, 209, -227, 391, -111, -293]
[46, 524, 120, -8, 45, -337, -284, 316, -411, 326, 441, 357, -354, 709, 103, -138, -344, 168, -306, 63, -435, -429, 484, 8, -283, 444, -599, 170, 224, -1024, 659, 65, 62, -109, -454, -362, 181, 507, 11, -8, 718, -223, 248, -403, -157, 118, -250, -283, 665, -461, 463, 397, -934, -287, 289, -187, 272, -266, 29, 489, 243, -21, 665, -329, 205, -406, -315, -30, 451, -410, 271, 670, -23, -181, -83, 438, -370, 525, -141, -335, 359, 352, -310, 514, 179, 300, -538, -63, -477, -615, -190, 154, 188, -314, -552, 821, 417, -3, -75, -211]
[-828, -467, 47, -433, -98, 435, 398, 256, 297, -741, 29, -315, 714, 329, 141, -88, 555, -562, 357, 292, -80, -473, 137, 29, 187, 149, 505, -287, -164, -586, 148, 785, -645, 15, -233, -199, -126, -313, 397, 874, 93, -290, 653, 309, -179, 186, -367, -229, -418, -227, -555, 571, -328, 707, -558, 320, -289, -48, 125, -541, 734, -800, -430, 185, 366, 578, 655, 51, -126, 279, -332, 290, -131, 19, 302, -246, 734, -526, -366, 15, 1209, 250, -184, 213, 646, -117, -696, -887, 240, -230, 5, -208, 955, -217, 356, 270, 94, -22, 143, -259]
[615, 175, 568, -869, 103, -449, 14, -209, -898, -195, 46, 129, -552, -323, 219, -345, -877, 366, -133, -258, -213, -456, 550, -230, -585, -89, -838, 46, 18, 2, -825, -86, -78, 96, -134, 392, -97, -364, 417, 115, -490, -156, 111, -292, 425, 85, -240, -159, -728, 111, 115, -420, 481, 151, 452, -469, 306, 410, -160, 592, -81, 472, 881, -193, -1004, -893, -579, -548, 335, -598, 176, -46, 481, 224, -430, 160, 22, 575, -143, -262, 78, 18, 307, -911, -147, -136, 17, -102, 104, -628, -341, 1110, 43, 598, 403, -368, -69, -167, 273, 135]
[-33, -116, 177, 569, 103, 221, 197, -329, 657, 440, -129, 402, -384, -76, -333, -753, 94, -133, -348, -171, 318, -216, 90, 287, -300, -463, -324, -440, 134, 358, -47, -5, 170, 211, -510, 159, -586, 676, 555, 22, 40, 431, 106, -634, 349, 316, 153, 169, 131, -28, -305, -503, -383, -973, 88, 520, 552, 654, -62, 126, -569, 204, -326, 728, 70, -256, -728, 70, -111, 100, 209, -111, -89, -6, 249, 32, -773, 790, 6, -33, -1131, 522, -512, -215, 135, -430, -209, 704, -401, 76, 544, -442, 299, 374, 481, 224, 105, 221, -364, -513]
[293, 385, -46, 136, -339, -358, -291, 942, 191, -178, -116, -544, 121, 362, -707, -253, 270, -338, 268, -436, -186, 549, -1146, -314, 258, 148, 102, -410, -529, -583, -309, -241, 1551, -3, -293, 56, -445, 383, -22, 576, 801, -591, -94, -223, 232, 258, -22, -126, 776, -228, -591, -410, 3, -443, -248, 306, 957, 272, -320, 451, 286, -225, 38, -244, 789, 786, -210, -688, 11, 243, -407, -55, 355, -461, 398, -151, -216, 662, -205, -370, -383, 473, 34, -209, 446, -169, -389, 598, 391, -141, -95, 72, 242, 435, -96, -95, 467, 6, -320, -413]
[-137, 158, -191, -887, 670, 48, 777, -878, -880, 464, 535, 321, 658, 205, 486, -42, 109, 162, 278, 62, 175, -546, 632, -314, -507, -314, -486, 247, 1191, 614, 59, 206, -1390, -1394, -607, -821, 418, -140, -422, -207, -770, 446, 116, -160, -827, -673, -263, 164, -607, -92, 213, -197, -690, -331, 247, -272, 204, 425, 659, -368, 635, 516, 611, -132, 124, -1083, 300, 41, -693, 388, 160, 138, -487, 90, 410, 543, -101, 322, -149, -200, 60, -411, 121, -50, -662, -264, -259, -1156, -606, 519, 66, 15, 850, -30, -327, 446, 345, -579, 209, -328]
[486, 728, -391, 603, 47, -224, 426, -978, -106, 329, 82, -1018, -382, -459, -543, 64, 301, 391, 301, 38, 397, 812, -995, 147, -60, -391, 251, -52, -203, 939, 111, -334, 794, -478, 720, 467, 516, -608, 354, -498, 194, -98, -210, -997, 722, -35, 67, 1482, 1015, -291, -45, 177, -496, 316, -1043, -376, 207, 946, -722, 164, -131, 597, 172, 64, 502, 542, -677, 318, -352, 389, 439, -1471, 303, -905, 289, 148, 98, -28, -343, -275, -488, -79, 634, -141, 323, 139, 128, 489, 72, 129, 220, -751, 113, -124, -338, -333, 194, 268, 267, -229]
[-1, -207, -44, -118, -389, -765, -762, -232, 17, 1135, 144, -308, 593, 505, -120, 391, -221, -913, 158, -894, -271, 555, 39, 458, -732, -375, 308, 567, -557, 245, 2, -267, 241, -96, 281, -423, 656, 545, 215, -620, 136, -142, -307, -1250, 114, -184, 580, 818, 1009, 102, -681, -561, 69, -752, 343, -879, -625, 572, 786, -112, -874, 737, -457, -169, -453, -73, 163, 692, 178, 175, -270, -97, -448, -235, -258, 469, -223, 453, 555, 258, 326, -186, 101, 299, -136, 28, -1, 245, -683, -343, 354, -1056, -1337, -398, 419, 651, -600, -162, 332, 753]
[-732, 355, -699, -449, 105, 459, 262, -529, 99, -225, 13, 314, -237, -152, 346, 393, -37, -374, -888, -47, -34, -224, -434, 182, 83, -741, 817, -149, 123, 235, -830, -410, -94, 989, 120, 604, 189, 94, -390, -997, -116, 860, 75, -530, 310, -256, 31, 36, -11, 10, -754, -456, -83, -209, -461, -84, 517, -777, -219, -633, -218, -356, -225, -821, -321, -172, -21, 934, 148, -71, 295, -520, 29, -411, 58, 158, -391, -901, 409, 270, -351, 1505, -521, -689, -54, 1047, 317, -674, -51, 309, 248, -425, 409, 57, 120, -375, -881, -176, 550, -416]
[320, 590, -255, 229, 242, 183, 157, -550, -95, -51, -71, -63, -1033, 136, 542, -537, -471, -444, -39, 670, -647, -458, 388, 390, 708, 438, -584, 736, -452, -2, -258, -1142, -236, 51, -189, 104, 505, 327, 985, 485, 93, 521, -33, -426, 860, -93, -314, 825, 967, 5, -464, 197, -512, -552, 336, -620, -109, 23, 759, -562, -326, 1, 795, 366, 440, -371, -117, 146, 151, 402, 384, -549, 169, 362, 81, 141, -653, 476, -711, -870, -537, 449, -609, 639, -543, 703, -440, 326, -343, -1003, 102, -314, 96, -177, 311, 432, -321, -234, -404, 89]
[140, -327, 127, 217, -180, 1117, 149, -163, 376, -613, 149, 398, -301, -76, -203, -122, 270, 207, 674, 290, 1142, -122, 1017, 1182, -472, 104, -428, -228, 0, -102, 520, -296, -123, 678, -368, -111, -325, -21, 832, 651, -96, -486, -998, -369, -532, 104, -13, -305, -432, -109, 180, 308, -648, 722, 534, 944, -712, -15, -93, 591, -558, 343, -120, 492, 464, -254, 6, 224, -217, -662, 72, 361, -2, -95, -338, -311, 667, -8, 189, 234, -407, 240, -237, 140, 92, -744, -613, -227, 474, -7, 282, -181, 787, -318, 59, 42, 309, -88, 295, -87]
[-479, -13, -5, 61, -141, 71, -872, -553, 544, 379, -69, 1398, 44, 230, 290, -30, 223, 34, -1069, -597, 352, 161, 502, 268, -10, -458, 265, -168, 398, 47, -506, -16, -118, 386, 569, 229, -302, -16, 367, -589, -123, 344, -75, -77, -158, 184, -269, -501, -195, -426, 519, 85, 549, 67, 803, -661, -17, -1089, -35, -53, -214, 480, -99, -463, -575, -853, 373, 341, 485, -898, 306, 723, -840, 614, 161, -245, -251, -1042, 121, 1674, 256, 896, -344, 264, -200, 197, 302, -458, -237, 384, 50, -15, -734, -334, 522, -17, -1028, 160, -310, -67]
[-610, 2, -610, 671, -1056, 148, 446, 351, 178, -534, 136, -1094, 109, -643, 218, 81, -232, 77, 578, 646, -772, 387, 19, 245, -425, -114, -325, 129, -335, 297, -601, -978, 419, 179, 492, -57, 569, -225, 269, -14, 1108, -685, 349, 486, -8, -212, -69, 330, 393, -277, -306, 383, -779, -127, -61, 435, -460, -655, 54, -397, 517, -692, 161, 253, -4, -122, 242, -192, -701, 1243, -172, -267, 347, -233, -130, 329, -163, -428, 243, -466, -699, 259, 518, -129, 393, -571, 716, 926, 386, 818, -357, -1032, 447, -770, -686, 613, -53, -264, 414, -255]
[243, 227, -207, 144, 326, -573, 297, -510, 554, 175, -377, -141, -368, -117, 429, -151, -219, 290, -1212, 739, -251, -75, -39, -235, -778, -518, 539, -188, 102, 41, -147, 118, 14, 538, 308, 534, 134, 13, 565, -1127, -38, 353, 1042, -1384, -221, 224, -530, -257, -112, 439, 40, 1171, 59, 365, 106, -50, -30, 527, 198, -194, 103, 41, -149, -283, -576, -384, -240, 517, 51, -878, 1010, 161, -180, 225, 218, -5, 339, -930, -369, 295, 253, 51, -119, -44, 684, 39, -390, 210, 159, -306, 426, 160, -274, -185, 400, -487, -559, 671, -101, -160]
[-338, -931, -264, -443, 1019, -312, 933, -94, 156, -241, -514, 418, -68, 747, 339, 71, 252, -454, -139, -686, 641, -163, 212, 318, 207, 203, 429, 117, 68, -699, -351, 594, -37, 60, -78, 208, -259, -63, 376, -396, -349, -505, -540, 328, -191, -115, -26, -674, -433, 579, -39, -273, -265, 126, -64, 186, -79, -353, 220, -744, 128, -382, -64, -118, 330, 40, 352, -621, 324, -235, -444, 270, -113, -238, -437, -506, 119, -279, 22, -184, -343, -161, -443, -71, 285, 167, -508, -95, 47, -264, -174, 78, 219, 95, 273, -323, 98, -400, 159, -323]
[253, -399, -248, -394, 871, -398, 75, 27, -1250, 13, 242, 465, 145, -109, 1108, 272, 214, 509, -329, -40, -72, -293, 209, 331, -332, 768, -331, 250, 281, -655, 594, -276, -300, -1097, 331, 768, 1190, -643, -290, -86, 399, 149, 730, 1301, -116, -371, 88, 345, 137, -42, 810, 760, -966, 171, 789, 232, 38, 96, 356, -161, -376, -763, 945, 301, -567, 301, 552, -561, 556, -149, -181, 873, -52, -90, -427, -286, 437, 407, -68, -72, 260, -37, -18, 89, 55, 389, 277, 115, 314, -469, -438, 636, -326, -496, -874, 713, 252, -124, -374, -106]
[446, -543, -200, 618, 99, -670, -190, 151, 450, -104, -523, -1091, 131, 237, -271, 36, 778, 90, -180, 427, 122, -244, -251, 681, -440, 514, 215, -394, 465, 718, -140, 556, -387, -77, 296, -147, 169, -90, -746, -157, 299, 31, 431, 569, -100, -130, 292, 11, 228, 350, -174, 157, 103, -172, 650, 1301, -835, 261, 494, -349, -61, -688, -360, 1118, -542, 217, -455, 622, -532, 722, 110, -166, 72, 1, -270, -250, 52, -246, -477, 162, -162, -707, 80, 531, -315, -148, 263, 1287, -96, 437, -15, -311, -853, 144, -120, 324, 118, 481, -154, 532]
[-793, 182, 919, 594, -488, 207, 802, -82, 119, 120, 490, -43, -479, 229, 461, -161, -315, -399, -129, 866, -159, -1206, 797, -514, 735, 308, -489, 215, 188, 164, 639, 107, -189, 193, -203, -496, -678, -418, 749, 328, 158, 913, 489, 317, -242, 522, -543, -607, -1008, 160, -691, 542, 36, -302, -386, 856, -32, -616, 80, 192, 873, -436, -153, -54, -180, -298, 50, 687, -604, 698, 627, 297, 725, 744, -58, 525, 63, 281, 15, -542, 166, 148, -249, 140, -250, 163, -270, -155, 53, -135, -19, 82, 750, -1197, -8, 914, 89, -251, 826, -193]
[-579, 484, -1036, 935, 61, 400, -631, -92, 483, -206, -282, 690, -425, -243, -188, 360, -718, -169, -308, 106, -24, 233, -274, -151, -71, -395, -8, 33, 178, -118, 58, 284, 951, 821, 902, 66, 73, 458, -528, -571, 1011, -116, 425, 435, 328, -144, 66, 456, -109, -336, -106, -161, -23, 802, -23, -745, -371, -1052, -239, -630, -434, -481, 366, -475, -305, 678, 372, -53, 125, 10, -378, -146, -312, 78, 483, 196, 374, -556, 312, 947, 722, 634, -378, 491, 172, 619, 408, -640, 539, -184, -107, 263, -222, 60, 420, -870, 22, 338, -378, 171]
[728, 512, -158, -462, 305, -279, -320, 699, -582, 87, -733, -691, 522, 339, -911, -348, 489, 127, 866, -271, -21, 620, -920, -142, -37, -207, 760, -247, -120, -584, 54, -300, 793, 1018, -599, -674, 89, 425, -1123, 659, 871, -526, 86, -300, 29, 50, 504, -368, 781, 14, 23, 993, -1215, -434, 50, 582, -189, -147, -629, -106, 622, -986, -24, 438, 592, 872, -94, 245, -196, -333, -617, 72, -91, -693, 274, -682, -529, -105, 60, -263, -320, 351, -78, -290, -195, -762, -464, -114, -76, 254, -161, 506, -121, 570, 114, -305, 367, 216, -582, -215]
[-284, -436, -76, 63, 305, -270, -245, -1064, -557, 334, -195, 780, 330, 799, 193, -26, 36, 404, -235, -1383, -40, 1151, 696, 280, 104, 164, -131, 778, -187, -704, -479, -110, 55, -909, 589, 88, -274, -1244, 196, -874, -428, -114, -358, 334, 1056, 431, -208, 763, -508, -34, 747, 216, 140, -322, 438, -896, -389, -612, 35, 582, 774, 1416, 717, -111, 365, -1125, 208, 239, -375, -452, 323, 60, -116, 47, -624, 518, 304, -533, -676, 985, -750, -537, 878, 773, -371, 204, 445, -649, -19, -1014, -1334, 212, -541, 469, 354, 547, -440, -470, 277, 205]
[-735, -756, 125, 31, -906, 111, -603, -881, -228, 837, 442, -262, 170, 722, 427, 138, 253, -134, -1352, -724, -197, -304, -517, -209, -115, -542, -310, 85, -511, 805, -856, 399, -16, -506, 585, 142, 95, -572, 1361, -539, -562, -544, -120, -855, 253, -503, 148, 412, 604, -567, -581, -133, 469, -732, -219, -278, -300, 119, -253, 451, -635, 966, 241, 82, -346, -552, -162, -45, 195, -395, 465, -423, -142, -124, 767, 200, 246, 117, -598, -398, 60, 902, -231, -283, -766, 67, -47, 491, -173, 452, -45, -422, -247, 231, 412, 234, -630, -64, -119, 696]
[512, 420, 238, -530, -195, -1094, -384, 902, -808, 831, -365, 37, -237, -529, -475, 44, 85, 594, 335, 1127, -313, -738, 307, 191, -227, 106, 288, -349, -5, 298, -223, -384, -58, 708, 90, -121, -396, 479, -1098, -463, 598, 574, 544, -215, -390, -477, 19, -812, 270, -358, 200, 623, -388, 311, 155, -115, -590, -729, -51, 560, -601, -3, 347, -600, -98, -557, -87, 410, -202, -446, 583, 393, 454, 594, 91, -260, -865, 49, 412, 116, -306, 266, 0, -568, -1070, 203, 841, -376, -128, 899, -325, 472, -193, 348, -97, 801, -56, -241, 1055, 657]
[-325, -433, 367, 148, -203, -483, -82, -206, 607, 25, -371, -275, -37, -293, -58, 141, 59, 764, 337, -155, 211, -429, 393, 237, 264, -309, 699, -125, -605, 261, 1313, -128, -318, 991, -264, 33, -621, 163, -365, -96, -69, -3, 518, -181, -658, -39, 591, -897, -121, -903, 3, 1057, 838, -341, 143, 691, -779, 224, -785, 231, 435, 450, -940, 350, -823, 208, -690, 672, -118, -879, 896, 181, -275, 160, -288, -297, 260, -951, 362, 26, 499, 146, -615, -441, -236, 10, 153, 834, 222, -196, 314, 96, -226, -173, 224, 125, -188, 421, -39, -43]
[-555, 88, 191, 9, 324, -41, 640, 239, -15, -692, 74, -358, -290, 114, 281, 137, -629, 423, -123, -171, 201, -436, -469, 514, 354, 457, -1021, -36, -144, -46, -791, 223, 51, 356, 617, 771, 101, -841, 530, 339, -365, -844, -300, 809, 264, -120, 933, -567, -292, -341, 309, 182, -232, 578, -367, 129, -412, -643, -597, -284, 1, -657, 563, -239, -860, 832, 104, -110, -40, 632, -96, -72, -118, -647, -124, -632, 401, -442, 276, 211, -615, 193, -108, -365, 2, -40, 732, -119, 216, 22, -522, 126, 137, 320, 545, -227, -394, -418, -415, -771]
[-818, 510, -164, -203, -132, -503, -32, -370, -801, -414, 91, 199, -167, -785, -505, 802, 111, -103, 228, -293, -12, 1276, 464, 310, 422, -116, 142, -95, -435, -17, 501, 281, 893, -993, 560, 575, 503, -1388, -891, 704, -787, 381, -270, 1090, -28, 219, -272, 269, -433, -197, -228, -88, 4, 41, 495, -1472, 10, 347, -384, -508, 152, 163, 1050, -836, -446, 67, 925, -466, 59, -41, 545, 273, -178, 1009, -359, -216, 216, -340, 6, 882, 386, -36, 383, 171, 183, 733, 46, -1395, 870, -190, -450, 775, -681, 95, 163, 246, 130, -577, -304, 160]
[-344, -157, -506, -474, -152, 939, -211, -565, -418, -578, 395, -3, 301, -286, -297, -397, 1095, -531, -49, -216, 877, 978, 69, -43, 743, -747, 238, -756, -816, -385, 296, -661, -283, 6, -141, 414, 216, -143, -369, 1239, -125, 985, 67, 512, 577, 453, -20, 180, 193, 878, 217, 316, -130, -531, 82, -75, 864, -472, 69, -565, 122, -1245, -727, -284, 768, -1, 1244, 40, 68, -203, -544, -310, 114, 148, -63, -232, -145, -436, 720, -193, -343, 566, -123, -535, 166, -386, 816, -1230, -12, -259, 580, 337, 54, -582, -489, 538, 156, 528, -229, -1196]
[-464, -332, 636, 332, 72, -878, -94, -1058, 78, -7, 558, 109, 274, -124, 457, 232, 276, 165, -21, -767, -195, -30, 343, 613, -606, 214, -550, 503, 740, -126, -80, 987, -65, -1190, -135, -317, -196, -916, -1012, -999, 71, 547, -176, 307, -723, 98, -21, -407, -621, 86, 142, -157, -973, 452, -251, 487, 690, -529, 328, 413, 1361, -255, 812, 491, -1080, -565, -1028, 163, -485, 355, 261, -369, 344, 185, -663, 723, -210, 498, 17, 499, -88, 85, -190, 501, 140, 31, -356, 132, -280, -1114, -332, 263, -393, -951, 414, 821, 725, -821, -537, -806]
[604, -531, 640, 458, 27, -651, 55, -203, 312, 393, -289, -626, -533, 240, -551, 20, 219, 1065, 263, -578, -213, 320, 382, -502, -193, -40, -136, -28, 487, 726, -117, -498, 561, 59, 106, 226, -90, -166, 644, -699, -106, -1332, -204, -10, -594, 130, -499, -194, 83, -645, 123, 276, 448, -63, -99, 152, 272, 246, -30, 273, 639, 638, -174, 527, 171, -829, -294, -627, -456, -301, 1132, -549, -469, -549, -140, 177, 360, -343, -423, -38, -98, 117, 208, -35, 33, -676, -515, 1792, -452, 711, -547, -238, -398, -788, -651, 351, -224, 800, 699, 628]
[-203, -307, -440, 245, -140, -455, 251, 346, 165, -133, -725, -286, 1367, -228, -244, -94, 359, -603, 455, -380, 385, 1067, 344, 658, -1062, -286, 806, 94, 176, -1051, -987, -315, -84, 326, 324, -761, 45, 614, -1045, -222, 663, -279, -552, -352, 62, 312, 336, -79, 138, 156, -239, -536, -487, -335, 645, 318, -344, 166, 805, 204, -219, -350, 153, 661, -125, 49, 115, 443, -350, 559, -817, 39, 202, -706, -1147, 41, -351, 133, 130, 276, -568, -745, 125, 456, -12, -486, -297, -111, -396, 85, -334, -1217, -1050, 115, 158, 224, 178, -500, 140, 537]
[-422, 963, 521, 119, 1032, -1128, 278, -310, -454, 539, 32, 1199, 302, 258, -196, -655, -450, 572, -73, 568, -11, -514, -785, 124, 476, 213, 296, -93, 857, -126, -107, -122, 207, 829, 814, -172, -667, -24, 59, -817, 481, 895, 157, 80, 1153, 154, 713, -382, 248, 131, 224, 589, -314, 756, 14, 29, -13, -890, -505, 232, 227, -64, 500, 12, -198, 498, -359, 830, -436, -297, -457, -271, -14, -638, 438, 327, 182, -234, 417, 411, -910, -76, -677, -459, -779, 301, 482, -148, 14, 236, -417, 138, 137, -56, 229, -179, -256, -457, 133, -262]
[-758, 19, -521, 382, -271, 188, -58, -601, 687, 546, -453, 551, 643, 196, -519, -43, -447, -520, -145, 182, -461, 637, -77, 629, 222, 191, 660, -63, -221, 560, 540, -105, -38, 904, 72, -1121, -799, 660, -499, -129, -60, 1195, -60, 40, 345, 180, 838, 219, 460, 623, -718, 880, 26, -385, -169, -457, -912, -184, 347, 13, -421, 958, -978, 208, 307, -266, 6, 903, -780, -504, -258, -217, -299, 273, -652, 367, 48, -243, 409, 102, 150, 147, -54, 481, -269, 335, 86, -7, 86, 147, -294, -335, -256, 783, 470, 266, -285, 412, 250, 406]
[29, 216, -51, -31, -532, -207, 325, 458, -377, 45, 735, -245, 221, -219, 544, 437, -96, 778, 81, 349, -819, -687, 298, -100, 126, 19, -143, -186, 98, -55, -574, -498, -943, -181, -467, -476, 355, -366, 80, 80, 451, 110, -191, -127, -23, 420, 558, -64, -152, 323, 769, 238, -498, 146, -1171, 450, 30, 213, 181, 815, 395, -166, 249, 389, 1440, 52, -623, -256, -355, 620, 144, -435, 59, -455, 33, -2, 437, 493, 60, -126, -247, -587, -387, -231, 409, -516, 190, 561, 355, 855, -163, -701, 256, -22, -1482, 423, 224, -72, -10, 215]
[920, 187, -375, -285, -218, 32, 232, 1174, 35, -310, -661, 170, -77, -986, -26, -435, 464, 305, 641, 1217, 729, -157, -387, 405, 670, 304, -292, 473, -348, 502, 743, 15, -485, -299, -207, -451, -361, 36, -533, 925, 402, 1072, 160, 419, 871, -309, -126, -261, -470, 15, 271, 67, 494, -206, 196, 866, 19, -637, 278, 356, 275, 74, -963, 255, 1022, -320, -145, -392, -152, 174, -219, 80, 566, 746, -257, -480, 153, -18, 349, -1407, -537, 82, 135, -564, -814, 275, 1133, 464, -221, -235, -887, 1595, 166, 508, 383, 512, 728, -85, -12, -126]
[-691, -447, 242, -142, 123, -413, 643, -115, -175, -236, 378, -49, 1000, -94, -272, -1020, -484, 198, -720, 609, -104, -546, 406, -60, -621, -239, -893, -124, 622, -30, 344, 271, -220, -643, -445, -204, -301, 395, 449, -494, 152, 631, 739, -1025, 159, 143, -615, 174, 75, 830, 174, -283, -224, 300, -1189, -587, 430, -212, 47, 941, -288, 438, 422, -313, 249, -1153, -254, -745, -221, -306, 425, -331, 782, -484, 51, 407, -178, -497, 175, -328, 90, -350, 893, 304, 459, 12, -444, -103, -23, -133, 82, 377, 779, -180, -75, 1614, 610, 346, 153, -896]
[-521, -457, -334, 414, -550, -268, -530, 56, 611, 241, -842, -506, 791, -388, -248, -192, -371, -200, -18, -160, -137, 813, -843, -559, 345, 282, 13, 672, -449, 480, -10, 422, 935, -23, -141, -446, -552, -641, -276, -513, -21, 74, -182, 90, 181, -432, -96, 81, -87, 731, -406, 420, 266, 496, -1247, -325, 190, -386, 32, 318, 85, 190, 112, 352, 489, -412, -209, -1030, -486, -534, -59, -595, -82, -31, -86, 364, 546, 172, -192, -143, 11, 484, 15, 648, 157, -1, -839, -262, 217, -389, -904, 621, -137, 30, 1183, 51, 417, -17, -376, -90]
[-1710, -1575, -758, 114, -649, -110, -196, 532, 425, 378, -414, -695, -86, 162, -165, 154, -593, 472, 328, -578, 40, 370, 1226, 102, -79, 196, -148, -14, -755, -389, -370, 94, 357, 173, -207, 511, -551, -266, 206, -1460, 218, 125, -96, 84, 142, -106, 67, -79, -769, -872, -83, -81, -265, -163, -117, 59, -843, 44, -552, -21, -145, -41, -221, -59, -121, 97, -145, 440, 32, 415, 282, 101, -610, 282, -303, 405, 775, -83, -455, -82, 13, -411, 150, 506, 796, -761, 453, -10, 394, -141, 6, -444, 139, 261, 1018, 490, -380, -847, 505, 348]
[659, 585, -565, -548, -566, 1003, -164, 649, -327, 342, -190, -343, -240, -176, 86, -87, -476, 607, -66, 183, -300, -307, 163, -885, -507, 172, -331, -471, -164, -283, -365, -129, 300, 188, -400, -287, 192, 787, -168, 82, 796, -204, 73, 29, -373, 133, 69, -147, 1056, 419, 541, 551, -378, 124, 165, 643, 366, -197, -436, 875, -156, 59, 251, 215, -283, 239, -205, -401, 281, 298, -706, 367, 561, -244, 24, 108, -136, 758, -337, -1568, 165, 286, 313, -687, 172, -712, 261, 254, 20, 578, -405, -144, 216, 145, -888, -409, 570, 345, 391, -427]
[619, -237, -272, 598, -592, 937, -28, -514, 206, -551, 140, -121, -1298, -175, 367, 505, -151, 253, -323, -412, 818, 686, 361, 256, 451, 33, 216, 452, -401, -69, -134, -485, 12, 22, 417, 717, 577, -961, 31, 571, -1012, -114, -831, 247, 614, 356, -100, 854, 129, 4, 87, 39, 216, -162, 52, -256, 238, 425, 466, 60, 157, -57, 385, -193, -464, 155, -51, 166, 476, 86, 350, -280, 140, 253, -827, -138, -69, -62, 25, -817, 239, 247, 92, 186, 376, 678, 119, 543, -23, -905, -494, 39, -353, -76, 78, -311, -236, -174, 288, 978]
[265, -414, 317, 283, 51, -430, -921, 800, 404, 1141, -224, 300, -715, 71, -461, -203, 51, -630, -514, -386, 722, -72, -28, -177, 481, -19, 348, -227, 36, 98, 223, 394, 625, 303, 495, 568, -546, 1315, 354, -412, 323, -19, -90, -233, 218, 238, -258, -483, 692, 60, -60, -196, 168, 731, 295, -159, 616, -221, -539, 231, -1031, -40, -154, -221, -391, 496, 52, -450, 277, -878, 206, -588, -40, -197, 110, -129, 306, 36, -55, -145, 68, 300, -1075, -740, -263, 298, -203, 129, -498, 211, 333, 334, -900, -192, 462, -488, -465, 109, 643, 521]
[-292, -257, 19, -783, 293, -159, -726, -542, -424, 897, 4, -370, 270, 701, -121, -271, 760, -544, -464, -102, 488, 556, 174, 358, -625, -76, 957, -194, 383, 644, 268, -117, -26, -594, 133, 457, 414, 616, -167, -515, -271, -317, -481, -651, 391, -325, 220, 884, 883, 191, -793, -253, -177, -63, 293, -558, 257, 597, 849, -345, -1060, 452, -324, -221, 523, 66, 421, 346, 146, 735, 231, -253, -179, -660, 328, 88, -512, 518, -896, 8, -306, -60, 80, 384, 30, -27, 227, 195, -927, -75, 246, -677, -754, -101, 175, 684, -618, -106, 956, 1092]
[345, 755, -357, -205, 445, 0, -474, -66, -398, 229, -12, 579, -537, -407, -32, -573, -315, 912, -373, 356, 1225, -502, -70, 257, 762, 125, -298, -775, 384, 33, -101, -598, -116, -274, 8, 556, -108, -162, -137, 139, -595, 1259, -43, 391, 655, 203, 10, -271, -496, 633, 600, -515, 120, 581, -615, -255, 1041, 632, 301, 814, -924, -689, 234, 356, 270, -354, -532, -386, 447, 280, -378, -88, 263, -495, 68, -81, -200, 614, 707, -585, -1345, -184, -607, -359, -73, -431, 54, 466, 241, 8, 238, 202, -440, -166, -309, -253, -16, -627, 176, -714]
[-756, 318, -445, 501, 266, 278, -199, -983, 526, -431, 36, 508, -290, 231, 654, 54, -196, 121, 227, 646, -538, 105, 574, -344, -747, 222, -699, 559, 485, -292, -344, -351, 106, 262, -240, -313, -261, -574, 289, -1223, 679, 221, -342, -640, -191, -148, -390, -151, -444, 190, 212, -271, -496, 251, -5, 132, 520, -941, -331, -30, -596, 643, 454, 29, 375, -2, -493, -380, 658, 150, 410, -532, 447, -492, 249, -344, 138, 665, -128, 667, 13, 261, -110, 389, -151, 526, 30, 291, 388, -131, -249, -692, 320, -333, -80, -278, 41, -122, -96, 251]
[-54, 46, 79, 74, 279, -563, 404, 1134, 86, -90, -314, -347, 524, -673, -126, -190, 309, -111, -297, 454, 665, 574, 687, -22, 56, 464, -57, -679, -732, -467, 608, -1389, -52, 121, 343, 550, 311, 65, 89, 471, -28, -17, -49, 285, 24, 342, -102, -178, 5, 866, 375, 567, -378, 944, 192, 694, 359, 344, 567, 930, -464, -891, -68, 77, 357, 473, 659, -917, -166, 260, 35, 682, 119, -606, -516, -394, 530, 696, 635, -725, -462, -949, 627, -498, 327, -528, 520, 130, 87, 197, 144, 314, -313, -739, -518, 464, 500, -107, 372, 187]
[80, -533, 549, 797, -709, -974, -283, 520, -492, 741, 330, 139, 37, -367, 201, -310, -453, -41, -139, -394, -471, 132, -113, -1190, 400, 52, -127, 446, -200, -497, -197, -378, 411, 85, 317, 251, 155, 960, 468, -64, 218, -589, -118, -238, -668, -406, 372, -408, 1326, -892, 616, -157, 612, -130, 629, 177, -54, 192, -254, -20, 741, 87, 393, 5, -810, 270, -69, -535, 770, -572, -392, 8, 156, 723, -15, -278, 403, -397, -45, -821, 143, -332, -534, -404, -93, -103, 742, 880, 140, 513, 438, -481, -523, -60, 239, -160, 423, 415, 463, 682]
[-237, -752, -252, -330, 487, 465, 88, 447, -179, -46, 2, 780, -770, 218, 689, 170, -294, 57, 85, -551, 497, -565, 727, 255, 72, -234, -63, 639, 114, 78, 146, -203, -481, 642, -609, 600, 502, 789, -463, -805, -342, -45, -1251, 126, -542, -34, -409, -594, -678, -12, -304, -1106, -221, -614, 820, -27, 592, -424, 687, -384, 70, -219, 262, -101, 900, -453, 440, -758, 273, -330, 492, 726, -615, -316, -728, 241, -584, 210, -132, -197, -1276, 746, -947, 162, -436, 522, -195, -443, 141, -273, -185, -35, 481, -364, -127, -119, -433, -197, -312, -188]
[-342, -379, -37, -57, -408, -741, 117, 473, -334, 631, 269, -256, 251, 157, -83, 94, -426, -259, 502, -194, 758, 134, -359, -157, 123, 642, -720, 144, 45, 78, -892, 285, 287, -287, 74, -10, 303, -403, 276, -479, 333, -330, -1463, 839, -492, -231, 13, 0, -306, 78, -115, -566, -545, 105, 371, 400, 273, -153, 56, -195, -445, -877, 266, 94, -49, -23, 195, -1331, 16, 1017, -306, 102, -666, -308, -364, 541, 758, 1496, 54, -273, -693, -116, -58, -52, 23, -534, -388, 245, -204, 595, -672, -304, 143, -487, -232, 393, 438, -711, 645, 483]
[-827, 346, 199, -28, -268, -220, 742, 54, -103, -219, 135, -29, -30, 308, 407, -95, -796, 588, -33, 581, -90, -1277, 49, -49, 122, -1294, -180, -429, 166, 355, -956, 81, -896, 746, 256, -387, 495, -326, 417, 393, -208, -268, 425, -779, -14, -407, -49, 88, -215, -192, -734, 407, -684, 1006, -643, 778, -494, -372, 177, 327, 804, -3, 332, -326, -636, -429, -39, 426, -1177, 927, 744, -460, -120, 155, 542, 313, 582, -497, -199, -350, -36, -85, -120, -724, -227, -122, 357, -1093, 47, -109, -733, -36, 651, 349, 781, 631, -585, -138, 215, 215]
[416, 319, 264, 339, -219, -722, 57, 36, -153, 478, -146, -210, -680, -246, -461, 457, 388, -199, -697, 851, -38, -234, 977, 583, -48, 196, 564, -45, 134, 274, 937, -64, 329, 361, 284, 330, 154, -60, -178, -770, 204, 65, -39, 170, -180, 453, 23, -674, 123, -220, 490, -34, 55, -650, 855, 115, -1084, 845, -416, -17, -373, -303, -142, -618, -241, 349, -93, 609, 572, -901, 554, 20, 401, -30, -1438, -54, -642, 131, -35, 695, -450, -9, -115, 436, 72, 679, -360, 564, -548, 320, 196, 468, -823, -429, -182, 96, 450, 122, 669, 262]
[356, -501, 300, -385, -990, -30, 203, -48, -598, -2, 728, -216, 66, 165, 129, 323, 569, 409, -164, -258, 169, 339, 474, 329, -594, 564, -207, 3, 25, -784, -326, 369, -508, -131, 50, 784, 53, -689, 115, 81, -291, 416, -396, 902, 495, 584, 710, -28, 223, -143, 339, -66, -320, -282, 902, 948, -150, 171, 171, 364, -285, -5, 365, 103, -475, 329, -486, 277, -207, 64, -295, -635, 459, -174, -1102, 1054, 456, 893, -630, -201, -549, -345, 189, -181, 381, 143, 608, -194, -486, -615, 141, 221, -227, -287, -42, 689, 322, -489, 418, -30]
[831, -56, 289, 42, 316, -15, 232, 546, 172, 247, 544, -738, -363, -431, 315, -61, -279, 692, -177, 687, -466, -121, -1129, 183, -570, 211, 87, -272, 128, 613, 501, 91, -222, 125, -42, 1069, 2, 305, -25, 678, -1262, 326, 1004, 485, 78, -310, 49, -149, -90, 414, -116, 162, 755, -219, 229, 877, 435, 848, -337, -203, -252, -533, -317, 1013, -1395, 835, -203, 344, 93, 323, 599, 302, -396, 625, -89, -171, -41, -293, -448, -416, -178, -580, 284, -580, -276, -441, 507, 387, -84, -143, 1453, 1082, -267, -203, -144, 62, -99, 250, -1115, -539]
[-272, 248, -119, 17, 354, 987, 459, -728, 539, -684, 77, 312, -248, -102, 191, 280, -50, -217, 135, 329, -320, -589, 1160, 249, 123, -270, -45, -277, 170, 240, 806, -105, -200, -465, -490, 537, -146, -44, 308, -182, -1006, 1093, -26, -247, -26, 415, -252, 658, -505, 626, -228, -721, 835, -1157, 534, 1030, 262, 573, -183, -590, -6, 436, -1081, -5, -129, 469, -56, 510, -209, 861, 505, -77, 297, 114, -74, -371, -64, 98, 37, 135, -76, -58, -399, 10, 306, 169, -222, 72, -198, -1047, 369, -92, 699, -288, 343, -364, -18, -284, 528, -535]
[-384, 588, -248, -124, 832, -273, 105, -269, -632, -315, -515, 310, 376, 57, 297, 83, 1067, -475, 765, 92, -217, -386, -396, 248, 366, 205, -55, -125, -767, 91, 22, -104, -181, -972, 402, -353, 705, -880, -621, 603, 214, 562, 336, 717, -156, -1185, -88, 467, 182, -123, 39, -172, -732, -112, -55, 153, -573, 312, -46, -1648, 56, -776, 109, 166, 113, 574, 575, 204, 249, 367, -695, 526, -219, 616, 359, -501, -118, 827, 212, 719, 694, -505, -286, 145, 214, -191, -224, -990, 133, -226, -364, 18, 267, -340, 366, -18, 620, -168, -465, -438]
[706, -392, 920, -347, -527, 385, -66, 989, -774, 38, 298, -503, -820, 339, 115, -278, 285, 490, -139, -925, -211, -376, 674, -731, 50, 63, -350, -1, -230, -112, 233, -636, -5, 5, -323, 126, 448, 430, -185, 66, -87, -828, 385, 4, -886, -757, -2, -182, -327, -271, -108, 60, -706, -141, 685, 1729, 4, -157, 85, -184, 435, -804, 255, 501, 140, 258, 262, -279, -92, -33, 620, 570, 232, 668, 65, -164, 155, 42, -371, -128, -990, -135, -79, 71, -5, -766, -288, 955, 831, 81, 126, 157, 563, 104, -28, 204, 151, -384, 592, 167]
[287, -582, 271, -1098, 115, -710, -870, 652, -230, -209, -77, -228, -80, 118, -309, 442, 70, -28, 1086, -284, -325, 787, 977, 351, -346, -73, 593, 233, 528, -286, 200, 133, -111, 804, -136, 357, 75, 979, -950, -681, 740, -1220, 116, -529, -985, 80, -621, -460, 219, 488, 2, -301, -600, 852, 136, -92, 179, -516, -69, 83, 61, -418, 643, -268, 12, -355, 25, -584, -255, -403, 320, -184, 21, -950, -219, -259, -244, 999, 1039, -362, 37, -205, 536, 250, 265, 468, -178, -216, -160, -413, -658, 173, -76, -16, 478, -94, 606, 117, -132, -89]
[1408, 800, 566, -61, 181, -846, -286, 1292, -199, 696, 272, -425, 59, -670, -1179, -236, -72, -424, 1156, -399, 55, -217, -1013, -78, 1216, 866, 245, -194, -166, 394, 458, 273, 330, 471, 150, 6, -145, 575, -765, 1664, -440, -122, -727, 505, 228, 296, 756, -203, 806, 117, -376, -715, 1023, -353, -348, -102, -9, 291, 342, 264, -69, -427, -911, 313, -89, 281, -520, -141, -464, 774, -298, 3, -14, 64, -46, -176, -1146, 226, 758, -212, -370, 292, -183, -369, -757, 373, 563, 358, -840, 430, 258, 268, -409, 325, -195, 264, 381, 682, 835, -286]
[-308, -230, 831, -588, 566, -279, 46, -174, -630, 5, -159, 1029, 428, -691, -121, -896, -434, 166, -343, 906, 495, 29, -196, -180, 273, 300, 106, 185, 49, -215, -103, -452, -420, 513, 55, -182, -410, 853, -171, -173, 549, 619, 434, -545, 880, 279, 152, 188, -223, 245, 41, 759, -102, -158, -785, -796, -140, -554, 352, -209, -670, 360, -857, 78, 855, -573, 169, -585, 339, -356, -326, 146, 113, -142, 384, 319, -629, 823, 550, -752, 236, 82, -520, 307, -242, 82, 67, -320, -374, 151, 61, -210, -7, 1025, -392, 587, 105, 755, -131, -34]
[-1141, -130, 347, -276, -629, 698, -345, 473, 594, -784, 614, -432, -666, -414, 308, 41, -908, 111, -507, -310, 1279, 23, 812, -465, 872, 653, 97, -233, -13, 589, 1215, 451, 103, 168, -336, 1080, 271, -532, 385, 315, -723, -262, -704, 603, 64, 609, 763, 337, -287, 1153, 740, 529, -124, 397, -1121, 529, 285, -200, -458, -43, -1374, -430, -65, 275, 399, -4, -395, -858, -143, 901, 1179, 29, -96, -11, 107, -207, 120, 618, 573, -481, -453, -173, -527, 464, 1356, 551, 268, 172, 563, 407, 12, -614, 27, -2, -60, -56, -294, 249, -335, 365]
[645, -233, -150, 501, 90, -26, -687, -9, -463, -134, 263, 131, -347, -42, 611, 443, -469, 642, 304, -284, -447, 529, 495, -198, 172, -69, 420, 681, -630, 20, 301, -1392, -311, 713, 231, 198, 706, -124, 3, -316, -160, -799, -623, 653, 126, -522, 478, 993, -513, -599, 110, 599, 545, 183, 454, -290, -419, -188, 721, -879, 317, 68, -39, 462, -7, -590, 522, -386, 257, -292, 363, 494, -244, 606, -398, 320, 460, -548, 298, 820, 303, -224, -234, 260, 255, 29, 613, 973, 592, -657, -144, -466, -414, -55, -1015, -477, -658, 324, 1126, 1515]
[-411, 174, 478, -259, -442, -324, 174, -597, -118, 241, 430, -116, -913, -243, -229, 401, 160, 471, -654, -750, -154, -231, 250, -405, 421, -290, -458, -341, 343, 964, -348, 528, -438, -873, 353, 367, 13, -176, 275, -785, -1604, 15, 218, -204, -222, 513, -466, -751, 64, 846, 282, -179, 494, -279, 237, -271, 365, 91, 380, -185, 208, 1072, -110, 392, -500, -925, -222, -624, -514, -195, 237, -387, -200, -116, 437, 387, -864, -627, -291, -50, -836, 517, -823, 289, -1105, 103, -573, -292, -485, 951, 651, -646, -589, -490, -87, 3, -556, 293, -644, -827]
[703, 352, 1068, -1142, 188, -38, -84, -661, -1000, 61, 22, 423, 1347, -236, -512, 9, 658, -141, 960, 268, 199, -570, 233, 663, -670, -118, 624, -97, -421, -248, 1036, -507, -246, -278, -226, -531, 166, 760, -336, 1111, 341, -107, -372, -313, -413, -196, 79, 119, 616, -255, -387, -312, -138, 451, 256, 56, -451, 933, 995, -2, -764, 43, -487, 428, 499, 110, 15, 790, -391, -194, -628, -425, 708, -223, -465, 58, -751, -86, 146, -188, -170, 69, -737, 191, -282, -448, -660, -578, -400, -504, 821, -1049, -133, -525, -337, 468, 534, 230, 195, -796]
[383, 577, -656, -462, 966, 718, -195, -539, -147, -439, 376, 45, 178, 104, 122, 321, -126, -619, 145, -317, -76, 379, -67, -428, -430, -843, 611, 79, -299, -250, 290, -1070, -294, -34, 65, -813, 670, 908, 52, 825, -373, 72, -358, -587, 36, -456, -469, 304, 237, -460, -441, 36, 599, -1118, 256, -706, 435, 818, -14, -79, -117, 788, -665, -691, 106, 77, 543, 107, -210, -455, -343, -542, -13, -1028, -352, 566, -245, 22, -49, -564, 479, -105, 508, -1215, -219, 44, -217, -259, -166, -267, 490, -572, 268, -803, -989, -764, -84, 341, -309, 495]
[-435, 694, 395, -527, -151, 321, 1045, -82, 183, 173, -106, 533, -279, -206, -296, -84, 50, -538, 624, 696, 314, 474, -349, 601, 697, 591, -896, 127, -813, 429, 843, 377, 382, -323, 77, -624, 171, 50, 249, 750, -743, -443, -709, 234, -433, 127, 52, 299, -170, -903, -169, -704, -789, 648, 272, -715, -770, 472, -145, -1242, 28, -174, 676, -419, -178, 863, 772, -289, 96, 318, -750, -535, -117, 1026, -1173, 529, 237, 430, 232, -355, 163, -72, -710, -184, -42, 533, 242, -1045, -528, -647, -324, 234, -424, -73, 396, 395, 656, -467, -135, 41]
[84, 473, 216, 199, 281, -139, 410, -240, -684, 493, 157, 441, -322, -161, -515, 195, 434, -549, -583, 123, 352, -433, -77, -183, 885, -46, 238, -1180, -253, -22, 654, 675, 743, -392, 584, -413, -362, 160, 244, 655, -273, 50, 416, 572, -283, -35, -246, -481, -355, -418, -1100, -479, 508, -72, 693, -151, 103, 875, -55, 27, -242, -212, -189, -942, -572, 701, 716, 474, -341, -10, 180, -291, 156, 733, 32, 472, -325, 797, 72, 336, -117, 599, -363, -825, -175, 530, -289, -986, -53, 195, 537, -30, 604, -223, 682, -528, 64, -37, 472, -594]
[616, -1004, 169, -577, -354, -1355, 1050, 165, -1023, -518, 404, -1352, 141, -339, -241, -134, 981, 1159, 217, 134, 384, 360, 109, 705, -327, 419, 111, -212, -283, 239, -69, 296, -696, -1385, 174, 174, -59, -634, -423, -327, -212, 460, -408, 698, 138, 187, 278, -444, -509, 121, 772, 336, -429, 548, 11, 332, 208, 482, -44, 236, 25, -131, 6, 23, 468, -218, -445, -947, 49, -176, -254, -363, 110, -314, -546, -394, -73, -285, -633, -521, -540, -883, 616, -118, 1, -819, 363, 963, 141, 554, 600, 202, 321, -30, -958, 599, 546, 68, 131, -231]
[-200, 288, 327, -603, -349, 179, 261, -1081, -229, 927, -106, 984, 217, -210, 43, -138, 346, -852, 116, -1, 149, -551, 507, -292, 306, 37, 359, -184, 184, 909, 254, 629, -473, -191, 446, -754, 20, 226, 358, 84, 404, 1125, -360, -67, -148, -161, -332, 367, 58, -654, -255, 193, -281, 864, -165, -187, -139, 51, -376, -194, -228, -171, -421, -450, 63, -369, -515, -35, -117, 45, -75, -974, 56, 786, -297, 485, -308, 102, -252, -427, 340, 1293, -740, -175, -49, 755, 344, -782, -377, 66, -253, -110, 356, -25, 620, -193, 371, 201, 618, -574]
[203, 645, -14, 44, -828, 231, 323, 537, 223, -168, 498, -624, -914, -299, -418, -428, -137, -224, 711, 816, 231, -583, 8, 696, 229, 330, -1034, -716, 56, 633, -672, 948, -197, 152, -996, -404, -257, -143, 643, 1049, -595, 716, -295, -232, 122, -92, -247, -136, -1108, 69, -453, -528, 183, -1098, 915, 409, -128, 1431, 567, 423, -576, 43, 185, 278, 297, -1186, -176, -104, -421, 1235, 309, 444, -20, 819, -259, 548, 184, 1286, -177, -410, -655, 453, -286, -244, -200, -167, -245, -637, 83, 101, 248, 303, 341, 461, 222, -388, 52, 351, 178, -555]
[438, 238, 196, -620, -496, -580, -171, -82, -878, 458, -307, 1190, 1213, 202, 353, 572, -567, 447, -789, 66, -503, -223, 320, 267, -34, 740, 241, -67, 197, -70, 541, -212, -679, 188, -36, -751, -487, 736, 113, 353, 140, -77, 440, 278, -157, -350, 472, -777, -410, 108, 431, 716, 1004, 483, 819, 497, -1123, -647, -112, 869, -239, 597, -156, 187, 176, -215, 327, 959, 138, -650, -225, 772, 85, 170, -186, -288, 48, -437, 543, 335, -244, -266, 671, -283, -713, 446, 1254, 190, 262, 1000, -90, -314, -41, 575, -464, -460, -659, -150, 604, 453]
[-281, 643, -395, 490, -790, -651, 910, -196, -40, 555, -188, 8, 213, -410, -193, -1018, -388, -178, -453, 591, -66, -766, 314, 75, -306, 80, -287, 429, -198, 706, 527, 497, -101, -97, 299, -340, 239, -567, 1371, 542, 116, 1248, -97, -185, 765, 245, 630, 139, 213, -92, -87, 204, -354, 491, 145, 140, 380, 794, -97, -119, 329, 348, 484, 241, 244, -762, -941, -666, 146, -442, 79, -94, -681, 878, -538, -193, 498, 254, 344, -383, -212, 831, -474, -240, 124, 116, -87, 716, 58, -197, -580, 229, 646, 520, 1125, 570, 224, -332, 734, 100]
[-351, 631, -628, -244, 134, -292, -468, 821, 408, -348, -630, 484, -619, 211, -229, -586, -279, -182, 557, -231, -318, 295, -608, 161, -213, 657, -567, 736, -155, -848, -400, 105, 771, 646, -320, 241, -863, 148, 281, 20, 560, 966, 712, 524, 841, -616, 559, -219, 493, 350, -43, -8, -150, -237, 1149, -568, 278, -655, 83, -475, -43, 416, 141, 69, 278, -151, -436, -410, 411, -318, -839, 363, -360, 707, 461, -384, 519, 409, 169, 370, -24, 876, -454, 282, -505, 125, 377, -584, -39, -825, -469, 1265, -298, 348, 1491, 585, -126, 151, 198, -1071]
[-947, 288, -567, -237, -675, 368, -272, -493, 341, -693, -538, 709, -446, 92, 207, -83, 640, 422, -222, 64, 650, -293, 161, 623, 339, 653, -18, 185, 386, -657, 311, 980, -23, -622, 835, 178, 538, -1029, -225, -481, -198, 527, 386, 178, -192, -993, -103, 220, 759, -359, 1009, 13, -1276, 795, 100, -265, -350, -660, -746, -555, 273, -562, 995, -94, -406, -211, -350, -205, 500, -156, -32, 343, -703, 490, -154, 25, 221, -669, 230, -224, 5, 37, -325, 1228, 370, 251, -108, -517, -115, -131, -46, 257, 221, 30, 1034, 123, 412, -935, -226, -865]
[201, 110, -267, -2, 217, -482, 300, -710, 86, 121, -73, -423, 751, 617, -300, -46, 116, -334, -53, -1028, 480, 442, 87, -414, -796, -122, 439, -393, 443, -764, 664, 634, 588, -26, 558, -696, 41, 474, -579, -95, -126, 531, 368, -937, -339, 263, 962, 987, 970, -49, 385, 1073, -403, -166, -196, -605, -102, 600, -783, 677, 383, 788, 274, -646, -450, 665, -700, 362, -520, 275, -691, -172, 335, -716, -492, 346, -48, -285, -413, 452, 627, -199, 357, 167, 390, 601, -777, -426, -402, -210, 157, -441, -473, 622, -266, 538, 221, 61, 377, -841]
[-1166, -167, -222, 674, -944, -466, 620, -231, -515, 327, -267, 147, 1029, 50, 461, 36, -31, 341, 164, 27, -1371, -704, 272, -218, -91, 317, 20, 513, -220, -43, -370, 1355, -383, 69, 290, -1266, -179, -1059, 222, -242, 710, 662, 21, 316, 748, -147, 709, 106, -501, -790, 141, 201, -837, 78, -485, -220, -820, -41, -335, -120, 588, -422, 680, 322, 185, -14, -400, -344, -105, 22, -538, -244, -673, -242, 514, 483, 389, -247, -269, 232, 405, 523, -311, 228, -449, -66, -514, -238, -303, 485, -51, -66, 320, -182, 496, 384, 647, 45, 289, 47]
[391, 1320, 287, -125, -231, -132, 219, 347, -131, -99, 179, 628, -13, -27, -505, 112, -501, 6, -315, 923, -48, -702, -750, 7, 267, 221, 198, -1234, -675, 294, 489, 228, 47, 304, -333, 206, -261, -11, -504, 1425, 135, -450, 23, 1081, 690, 888, 594, -729, 333, 759, -272, 443, -173, 3, -532, 499, 82, -196, 235, -53, -798, -1523, -192, 141, 108, 965, 606, -248, -58, 474, -362, 504, -25, 129, 540, 101, -635, 54, 711, 177, -130, 223, -243, -983, 893, 179, 840, -287, 388, 593, -123, -310, 444, -386, -757, -123, 256, -186, 352, -481]
[-215, 160, -658, 734, -203, 267, -439, -236, 44, -203, -37, -155, -652, 235, -2, 133, -109, -777, 821, -494, -619, 187, 579, 265, 285, -23, 179, 220, -654, -958, -1071, -596, 856, 119, 294, -221, -527, 357, 311, -199, 794, -161, -54, 130, 379, 410, -753, -295, -430, 54, 74, -628, 594, -455, 711, -563, -525, -101, -426, 190, 644, 1060, 45, 0, 271, 112, -358, 649, 175, -117, -468, -355, 474, 436, -42, 35, -421, -151, -390, 149, 122, -1023, 256, 143, 143, -484, -929, 109, 431, -603, 102, -247, -510, -16, 390, -1049, -101, -763, 24, -207]
[251, 421, -692, 100, -221, 181, 549, -249, 447, -605, -678, 234, -400, -423, 318, 178, 44, -3, 6, -114, 983, 626, -296, -202, -202, -624, -69, -384, 207, -423, -793, -211, 956, 398, 432, 58, -314, -14, 227, 1110, -456, -110, 886, -167, -328, 381, -4, 58, 36, 357, 101, 957, -142, -57, -587, -588, 249, 266, -170, 178, -283, 110, 616, -287, -472, 118, 101, -748, -399, 102, -523, -238, 446, -422, 28, 376, -3, -215, 215, -974, 115, 218, -269, -17, 547, -567, -1341, -668, -182, 205, -799, 133, 78, 230, 115, 63, 542, 201, -201, -1400]
[-15, 462, -177, -97, -431, 311, 1141, 207, 1138, -543, -733, 233, 326, 723, 561, 270, 198, -715, -93, 240, 638, -421, 160, -314, 667, 169, -542, 629, -106, 126, -1068, -849, -473, 126, 62, -645, 385, -893, 663, 834, -279, 185, -738, 239, -725, 3, 133, -163, -379, 401, -464, 57, -351, -124, -540, 717, -175, -78, 1537, -831, -105, -796, -760, -104, 529, 508, 552, -637, -481, 1022, -615, -54, -600, -345, 185, -211, 396, 822, 9, -700, 57, 4, -249, 85, -20, -445, -227, 40, -852, 474, -504, -457, -457, -920, 828, 564, 225, -472, -85, 958]
[-11, 396, 171, -274, -169, -179, -695, 246, -462, 575, -476, -146, 261, -294, -427, 172, 6, -171, -1042, -611, 1068, 431, -281, 4, -100, -742, 348, -401, 191, -265, -305, -296, 905, 571, 923, 886, 369, -285, 357, 194, -398, -639, 136, 141, 184, 294, -276, -422, 351, 238, 90, 148, -88, -55, -95, -359, 11, 47, 804, 126, -931, -207, 357, -466, -354, -398, 831, -265, -136, -769, 84, 1298, -805, -374, 408, -45, 194, -554, 1355, 79, -630, 760, -623, -567, -144, -32, -265, -494, 686, 700, -253, -376, -961, -23, 218, -449, -205, -150, -252, -419]
[118, 700, -1105, -9, -177, 98, -329, 449, 256, -77, 41, -48, 562, 605, -253, -310, 171, -405, 1205, -113, -126, 839, -541, -128, -1308, -119, 638, 607, 866, -639, 372, 254, 1250, 15, 426, -793, 287, -166, -510, -351, 508, 596, 281, 275, -221, -646, 806, -269, 522, -455, 251, 419, -527, -231, 754, -522, -47, -232, 70, -709, 1175, -168, -21, -386, 329, 1139, 594, 157, -261, 665, -881, 719, 16, 552, -47, -241, 138, -611, -177, 1040, 70, 660, -249, 417, -101, -443, -238, -407, 165, 374, -134, 466, -238, -9, 374, 380, 143, -292, -454, -979]
[434, 489, 396, -640, -187, -129, -18, -434, -245, -515, -188, 432, 482, -230, -157, -144, 262, 342, 319, -809, -106, -850, 1004, 88, 84, 105, -708, -123, 77, -573, -851, -402, -458, 521, -736, -50, -287, -33, -84, 164, 486, 416, 90, -323, -401, 560, -69, 308, -582, 103, -22, -826, -62, 649, -281, 719, 272, -1076, -896, 487, -312, -860, 1333, 482, -536, -285, -815, -281, 75, 15, -405, -743, 374, -709, 192, -188, 89, 489, 610, 566, 608, 436, -319, 149, -289, 598, 97, -422, 234, -130, -18, -35, -157, 118, 564, 14, -324, -381, 379, -115]
