[-183, -149, 226, 734, 53, 482, -62, -113, -343, -284, -718, -20, 536, -421, 335, -158, -82, -439, 82, -230, 170, -577, 387, 145, 81, 225, -30, -130, -389, -658, -190, -477, -348, -352, -781, -688, 7, 164, 789, 152, 614, 302, 300, -318, 738, 92, -229, 448, -184, 496, 274, -222, -836, 186, 180, -85, 207, -251, 418, 122, -224, 158, -23, -154, 9, -60, -390, -580, 125, 106, -495, 166, -36, 5, -133, -16, -90, -475, -66, 323, -238, 150, -241, 535, -117, -88, 8, -37, 85, 225, -46, -175, -26, -196, 326, -121, -24, -540, -278, -98]
[-332, -169, 455, 533, 673, -81, 336, 100, 561, -75, -851, -95, -181, -375, 106, -790, 107, -582, 319, -507, 137, -788, 119, -733, 32, 162, 227, 332, 360, -246, 52, 111, 427, 6, -476, -297, 56, 24, 306, -184, 777, -584, 472, -138, 349, -220, 293, 37, 2, 10, 16, -191, -485, -402, 103, 458, 67, -28, -158, -288, -35, -89, -349, -61, -107, 246, -848, 330, 162, 284, 147, 279, -407, 90, 378, 192, -381, 552, -126, 229, -748, 402, -577, -88, -221, -307, -28, 158, 260, -93, 190, -617, -213, 473, 270, -125, 263, -120, 168, 295]
[456, 317, 196, 540, -226, 427, 80, 134, -26, 223, -149, 182, -430, -311, -158, -184, -395, -292, 676, -145, 35, 267, -379, -60, -225, -227, -224, 344, -255, 77, 141, -474, 900, 640, 113, -396, 279, 546, 400, 283, 351, -411, -719, -352, 244, 53, 410, 371, 316, -123, -230, -503, -379, -87, 250, -231, 68, 330, 23, -15, -540, 14, -199, 268, 248, 488, -46, -195, 377, -5, -583, -117, 10, -223, -361, 111, -215, 638, 520, -454, -572, 323, -309, -181, -286, -597, -365, 546, -176, 29, 109, -485, -100, -65, -52, -421, 144, 90, 78, 427]
[-491, 610, 364, 378, 339, 154, 166, -2, 702, -354, -777, 495, -416, 28, -52, -333, 75, -137, 273, 85, 159, 73, 725, -580, -129, 508, -15, 396, 307, 630, 256, -170, -198, 15, -375, -635, -627, -229, 534, 75, -29, -241, 193, 372, 170, 396, -465, -601, -247, -424, 237, -661, -512, -243, -234, 233, 80, -50, 212, -49, -315, 111, 507, -218, -171, -306, -425, 842, 109, 300, 18, 381, -335, 420, -164, 605, -508, 112, 147, 487, -93, 130, -251, -265, -90, -115, -452, -397, 210, 205, -241, -328, 480, 367, 65, 320, -373, 60, -455, -117]
[572, 357, 112, 293, -153, 123, -266, 173, -143, -327, 500, 566, 678, 223, 171, 39, -277, 299, 214, 625, -125, 295, -539, 211, -210, 100, -151, -352, -110, -925, 282, 78, 109, 608, -298, -535, 110, 121, 35, 156, -210, 192, -293, -43, -287, 280, -510, 170, 592, 316, -330, -13, -26, -203, 51, -73, 127, -25, -30, -65, 30, -71, 329, 662, 261, 289, 340, -236, 498, 173, 408, -265, 182, 486, -402, -1034, 86, -331, 169, -448, 170, -66, 477, -34, -578, 617, -58, -31, 69, 579, 225, 904, 205, 346, -52, -56, -78, 137, 447, -738]
[137, 806, 888, 702, 713, 487, 429, -1074, -383, 369, -447, -347, 151, 291, -83, -199, -236, -409, 445, -351, -15, -314, 262, -267, -227, -25, -348, 90, -113, 134, -749, -54, 474, -657, -17, -107, 484, 666, 1020, 617, 413, -384, -483, -549, 789, -4, 95, -522, -67, -147, 295, -297, 79, 380, 148, -125, -386, -106, 590, 117, -95, -90, -181, -7, -112, -203, -627, -391, -330, 28, -105, 482, -122, -266, -120, 401, -440, 498, 349, 364, -322, 205, -327, 54, -31, -602, -167, 220, 290, -14, 57, -365, 84, 57, 432, -498, -594, -127, -212, 250]
[792, -37, -489, -235, -280, -216, -544, 163, 181, -484, -234, 433, 404, -204, -610, 200, -607, 608, 91, 708, 17, 646, 168, 569, 133, 226, 181, -114, -431, -573, 542, 225, 533, 466, -180, -150, 385, 50, 17, 38, -658, -280, -378, 231, 150, 661, -145, 649, 211, -171, 186, -425, 71, -55, -53, -195, 177, 320, 234, -234, -925, -5, 678, 51, 321, 277, 488, -735, 751, 214, -708, -387, 435, 445, 36, -178, 278, -384, -385, -422, 262, -130, 237, 673, 195, 180, -201, 219, -127, 108, 361, -49, 31, -479, -316, -507, 192, 446, -235, -701]
[129, 339, -187, 298, -357, 170, 162, 336, -537, -196, -166, 583, 32, 145, 795, -321, 98, -164, 48, -166, -214, 97, -483, 249, -360, 390, -123, -648, 78, -469, -211, -482, -43, 208, 313, -606, -20, 358, -411, 296, 415, 295, -559, 78, -341, 284, 287, 136, 156, 371, 191, -117, -812, -284, -301, 33, -85, 262, -19, -191, 356, -595, -2, 199, 168, 188, 935, -170, 27, -42, 154, 407, 191, 779, -868, -773, -110, -707, 122, -262, 253, 176, 363, 186, -803, -23, 285, -434, -510, 423, -56, 420, 112, 571, -448, -114, 98, -531, -19, 837]
[-545, 687, 552, 425, 347, 419, 1, -525, -356, -522, -1016, 361, 145, 233, 344, 281, 457, -182, 353, 671, -546, -31, 534, -77, -296, 239, -500, -76, -70, -331, -132, -93, -200, -667, -510, -339, -518, 778, 797, 664, 215, -356, -278, -153, 715, 275, -131, -665, -75, 0, 999, 145, -795, -99, 181, -100, -166, -19, 211, -124, 470, -461, 285, -84, -384, -776, 646, -273, -259, -233, -270, 452, -161, -58, -714, 82, 394, -105, -65, 151, 168, -306, -457, 343, 233, -234, -553, -75, 416, 34, 239, 200, 180, -113, -383, -152, 112, -16, -458, -155]
[-349, 193, 131, 200, -470, -217, -154, 591, 853, -400, -896, 102, -407, 257, -371, 167, 321, 360, -22, 560, -334, 82, 97, 355, 2, 605, 57, 503, 156, 618, 874, 423, -408, 452, 17, -358, -752, -549, 318, -175, -252, -82, -280, 409, -140, 523, -211, -216, -377, 483, 575, -196, -162, 307, 266, 61, -82, -207, -98, -447, -5, 22, 360, -339, -244, -364, 249, -400, 233, 408, -38, 194, 367, 234, -208, -328, 821, -341, 353, -329, 261, 18, 275, 398, 212, 461, -733, -11, 215, 444, 116, -40, 542, 83, -690, -119, -211, -277, -52, 3]
[-131, 312, 311, 735, -254, 607, -69, -469, -419, -37, 887, -199, 48, -478, 443, 124, -698, 236, 587, -251, 496, -144, 293, -463, -369, -23, -793, 116, -519, -416, -144, -755, 51, -26, -844, -568, -110, 109, 692, 32, 344, 174, 284, -51, -150, -221, -85, -94, 226, -60, -576, 471, -392, 399, 359, 247, 506, -33, 36, -6, -431, 700, 159, 549, -72, 353, -148, -426, 743, 20, -9, -305, 94, -525, -804, -325, 336, -188, 291, -136, -754, -144, -196, -238, -351, 384, -516, 304, -2, -358, 106, 650, 619, -98, 626, -274, -156, 244, 146, 241]
[-271, 1116, -329, 119, -263, 409, -48, 291, -303, -118, 327, -43, -587, -220, 542, 219, -102, 162, 466, -761, 495, 325, -360, -14, -90, 298, -225, -77, 545, 562, 91, -753, -160, -396, -43, -232, -756, 76, -23, -395, -2, 2, -522, 51, -664, 775, -687, -633, -353, 50, 595, -84, -272, 480, -92, -69, 401, 173, 252, -263, -153, 139, 463, -525, 264, -153, 651, 25, 284, 121, 47, -74, 90, -211, -510, -300, 369, -172, 670, -503, -103, -200, 2, 557, -576, 328, -499, -390, -518, 75, -287, 204, 626, 257, -451, 77, 5, -192, 146, 582]
[2, -61, -16, 34, -473, -264, 34, 592, 97, -147, -2, 54, 172, 417, -378, -75, -126, 203, -256, 488, 675, 547, -414, 258, -220, 363, -94, 288, -135, 178, 914, 417, -100, 1288, 756, -335, -477, 100, -515, -605, -100, -289, -635, 59, -146, -153, 477, 33, 578, 138, -68, 35, -140, -655, 239, -443, -368, 547, -395, -55, 293, -458, -285, 538, 236, 305, 608, -150, -219, -190, 34, -254, 219, 1214, 178, -637, -173, 277, 233, 108, 42, 77, 332, -530, -952, 231, -88, -10, -351, 179, 92, 121, -455, 223, 31, 392, -555, 177, 289, 469]
[-125, -69, 63, 282, 517, -67, -458, -506, 520, -65, -912, -416, 73, -350, -372, 80, -370, -316, 53, 11, 67, -209, 375, 136, 746, -260, -85, 105, -499, 137, -250, -13, -368, 122, 172, -282, -396, 678, 377, -321, -34, -1029, 734, -467, 643, -621, 308, -97, -376, -470, 148, -242, 25, -79, 456, -88, -696, -226, -47, 18, -1, 163, 121, 154, -7, -205, -1114, -241, 22, -363, -493, -25, 364, -528, -102, 180, -558, 707, -40, 20, -682, -56, -811, -574, 400, -419, -136, 536, -305, 66, 558, -615, -135, -298, 488, 177, -476, 183, -351, -669]
[-462, -672, -159, -197, 153, -338, 494, -540, -51, 507, -567, 455, -532, 84, -100, -1140, 622, -736, -845, -196, -371, -678, 93, -117, -217, -74, 933, -557, 338, -435, -802, 422, 334, -438, -1123, 576, 977, -221, -113, 153, 212, 359, 417, -14, 501, -66, 395, 707, -304, 387, 116, -101, -493, -353, -1034, -224, -177, -99, -366, -38, -145, -319, -600, -19, -271, 137, -750, 347, -436, 181, 472, 258, -226, -3, 391, 692, -383, -339, -468, 952, 447, 601, 311, 535, 444, -15, 675, -180, 719, -263, -359, -206, -703, -298, 29, -163, 436, -404, -14, 115]
[-239, -435, -448, -208, -234, -415, 380, -477, -158, 87, -128, -528, -3, -33, -11, 606, -272, 403, -27, -16, 46, 175, -125, 415, 146, -487, 112, 14, -279, 302, -348, 559, -255, 267, 281, -30, 85, 531, -928, -205, 160, -1167, -392, -637, 612, -577, 447, -121, -141, -265, 380, -7, -234, 357, 171, 115, -697, 451, -150, -37, -39, -340, -350, -324, -100, -529, 390, -531, -246, 87, 315, -460, 819, -695, 277, -135, 361, 208, -136, -534, 113, -261, -188, 467, 96, -143, -99, 224, -168, 296, 500, -581, -592, -139, -16, -38, 93, 177, -390, -537]
[-365, -209, 184, 341, -664, 213, 249, -25, 290, 498, 22, -15, -380, -148, -659, 266, 985, 93, 89, 317, -154, -599, -32, -170, -139, -375, -350, 119, -157, 263, -44, 427, 240, -237, -80, 513, -313, 7, 145, 109, 97, 1553, 86, -262, 299, -488, 792, 723, 5, 903, -315, -50, -112, 179, 217, -287, -10, -380, -178, 287, 405, 202, -227, 139, -602, 269, -347, -32, 174, 138, -184, -208, -479, -103, 96, 507, -118, -8, 383, 358, 420, -124, -321, 48, 576, 11, -90, 711, 818, -450, -123, 518, -364, -413, 28, -354, 222, -106, 474, 489]
[-225, 356, -173, -266, 91, -94, -379, -597, 13, -208, -140, 98, -434, -623, 64, -44, 38, 346, -167, 805, -234, -60, -308, -207, 289, 318, -19, -785, 410, -1161, -390, 532, 1086, 149, 453, 277, 372, 1345, -37, -44, -446, -604, 196, -421, 55, -225, 805, 371, -10, 404, 166, 294, -330, -120, -119, -150, -155, -177, -324, -477, -307, -665, 874, 825, -135, 338, 318, -399, 1007, -273, 161, -456, 293, 172, -897, -990, 90, -765, 28, -171, -284, -394, -592, 60, 157, 160, -641, 356, -38, -107, 481, 936, 29, -220, 77, -941, 236, 306, 88, -167]
[265, -558, 54, 24, -822, 109, 100, 537, 332, 258, 1028, -358, -215, -384, -165, 818, 129, 441, 33, 25, 192, 114, -829, 170, 358, -782, 639, 795, 666, 559, 533, 400, -218, 28, 201, 14, -203, -458, -730, 386, 177, 515, -729, -346, -313, 360, -416, 585, 226, 955, -247, 206, -415, 388, 623, -440, 647, -424, 546, 284, -309, -277, 155, -761, 148, -60, -16, 497, 259, 201, -313, -76, -145, -437, 462, -100, 419, -471, 590, -600, 218, -166, 489, -46, 315, 540, 8, 36, -6, 517, -400, -64, -336, 111, -658, 69, 225, -381, 398, -275]
[513, 300, -201, 327, 123, 979, -10, -422, -1089, 450, -110, 62, 193, 731, 258, -132, 94, -1076, 180, -26, -397, -315, -85, 261, -74, 393, 335, -567, 417, -486, -364, -588, 859, 91, -73, -209, 1368, 733, 528, 441, 213, 686, -491, -545, 721, 612, -44, 844, 135, 699, -330, -437, -116, 345, -163, -217, -139, -364, 473, 67, -336, -180, -325, 258, 629, 307, -330, 224, -659, 422, 456, 238, 286, -187, -132, -104, -362, -666, 604, 206, -225, 562, 99, 212, -231, -367, 6, -588, -752, 738, -337, 121, 7, -293, 190, -240, -42, -312, 29, 365]
[362, 646, -151, 156, 443, 230, -262, -1000, -725, 573, 726, -156, 401, 614, -727, 274, -1136, 272, -157, -143, 646, 515, 667, -319, -53, -135, -297, -10, 295, 455, -98, -429, 676, -834, -223, 297, 175, 185, -49, -35, -291, 619, -356, 344, -247, 728, 106, -649, 152, -956, 453, 288, 503, 271, 170, -9, 732, 349, 993, 209, -989, 394, -95, -296, 131, 238, -89, 266, -176, 359, -944, 565, -131, 189, 496, 647, -463, 333, 103, -201, -47, 239, 212, -144, 436, -56, 857, 201, -359, -570, -285, -138, 120, -3, -353, -418, -125, 854, 481, 178]
[-233, -558, -865, -364, -14, -805, -91, 423, -300, 182, -325, -456, 575, -1386, 440, -716, -690, -491, -703, -576, 887, -207, 517, -19, 975, 288, -96, -329, -167, -448, -639, -908, -582, -662, -113, -253, 50, -355, -18, -337, 508, 210, 681, -96, -158, -420, 55, -46, -791, -571, 544, 128, -440, -247, -506, 296, 492, -118, 208, 19, -559, 253, 418, -487, -36, 250, -596, 276, 521, -688, -950, 485, -405, 530, -93, -10, 15, -216, -165, -30, -328, 189, -258, 33, 242, -550, 637, 54, -497, -519, -412, -889, -487, -434, 178, -261, 260, -182, -83, 36]
[617, 445, -269, 333, 807, 445, 117, -942, 13, -262, -308, -16, 205, 341, 0, -267, -360, -297, 788, -741, 169, -605, -704, 163, 181, -256, 591, -435, 85, -839, -491, -23, -619, -585, -769, -480, 56, 2, 182, -16, 192, -1098, -11, 86, 257, 695, -400, 64, -38, -328, -682, 35, 333, -25, -383, -339, -21, -421, 549, -474, 666, 106, -16, 102, 751, 180, -640, -240, 117, -69, 111, 376, 662, -592, 8, -310, -521, 98, -445, -89, -557, 333, 76, 473, -190, 759, 31, 14, -228, 274, 436, 281, 155, 771, 424, 109, -486, -120, 441, -146]
[-383, 954, 585, 668, 879, 616, 132, -449, 388, 120, -256, -659, -344, 67, 200, -601, -760, -94, 244, -1, 62, 99, -69, -223, -77, 251, 159, 157, -37, 135, -452, -179, 136, -539, -236, -82, -32, -52, 1104, -587, 37, -1123, -234, 130, 230, 231, -154, -548, -827, -476, 263, 341, -89, 417, 60, -716, -15, -34, 145, 126, -334, 34, 328, 311, -309, 187, -273, -483, 142, -460, -553, 260, 582, -777, -421, 332, 128, 118, 64, 320, -646, 138, -545, 353, 41, -292, -687, 231, 274, -653, 167, -347, 14, 92, 84, -179, -260, -249, 218, 601]
[-299, 12, -162, -601, -431, -327, 514, 186, 320, -320, 325, 171, 142, -26, 489, 141, -17, 543, -258, 454, 636, 414, -308, -412, -339, 146, -227, 180, 897, -264, 474, -124, -854, -396, 132, -431, -421, -199, -605, 265, 307, -221, -459, 719, -982, 564, -265, -1286, -170, -716, 533, 603, 120, -310, -455, 125, 334, -112, 269, -400, 901, -361, -431, -65, -178, -153, 770, 677, 16, -7, 802, 882, -281, 1048, -87, -575, 482, -475, 127, -570, 155, 119, 1097, -462, -880, 542, 3, -317, -29, 270, -501, 602, 214, 693, -513, -62, -75, 251, 360, -148]
[32, 132, -325, -273, 380, -258, -196, 336, 93, -252, 300, -279, 356, 45, -214, 129, 308, -375, 470, 263, -50, -435, 227, -205, -349, 413, -41, 746, 55, 347, 788, 104, 230, 607, -128, 94, 397, -566, 398, 169, -136, 764, 115, 458, 240, 99, 254, 459, -3, -552, -325, 409, 440, -282, 198, 586, 403, 103, -335, -78, -220, 658, 154, -267, -113, -353, 27, 748, -256, -289, 71, -49, -773, -171, 412, 998, 287, 611, -69, 318, -563, -287, -716, -401, 471, -422, 229, -66, 312, -695, -70, -518, -17, -693, -14, 525, 129, 866, 3, -81]
[204, -289, 1049, 171, -349, 401, 841, -183, 681, 245, -224, 582, -175, -164, -260, 319, 26, -84, -98, 677, -558, 527, 50, -294, -547, -358, -291, 200, 269, 338, -78, 570, 297, 104, 1042, 291, -93, 82, 364, 1016, -72, 224, -696, -414, 575, -271, 32, -93, 471, 574, -37, -1008, 61, -118, 521, -162, 47, -332, 486, 291, -137, -72, -73, -138, -248, 2, -707, 312, 623, 368, -344, 562, -288, 669, -208, 155, -405, -261, 560, -393, -335, 352, 292, -137, 411, -582, -317, 633, 831, 190, -459, -53, -203, 766, 239, -695, 178, -126, -5, -235]
[760, -163, 240, -270, -5, -699, 591, 688, 712, 56, 311, 402, 147, -1140, 591, -704, 549, 307, 607, 45, -91, -46, -860, -897, -175, -116, -345, 181, 262, -659, -366, 281, 1050, 510, 50, 768, 319, 286, -902, 191, 273, -261, -79, -378, -868, -261, 647, 129, 480, 788, -541, 123, -808, -811, 527, 512, 170, 407, -403, -871, -150, -584, 946, 139, -238, 765, 435, 25, 1354, -250, 118, 273, -458, -123, -773, -865, 602, -283, 118, -735, -532, -339, -499, -168, 85, -415, -90, -160, 181, -541, 775, 201, -140, 14, -428, -692, 1246, 62, 74, 664]
[316, -765, -693, -366, -310, -200, 196, 77, -408, -194, -198, 286, 251, -481, 610, -16, -570, 139, 21, 224, 442, 755, 148, -17, -602, 222, -260, 64, -485, -126, -89, -724, -389, 804, 499, -180, 35, 422, -176, -547, -79, -1040, -732, 339, 25, 193, 134, -409, -132, -804, 697, -660, -331, -342, -115, -135, 32, 513, 58, -256, -15, 168, -265, -470, 386, -67, 837, -506, 254, -451, -787, -101, 442, 218, -236, -276, -223, -515, 98, -259, -481, 81, -54, 676, -469, -147, 113, -43, -46, -440, -415, -219, -440, -470, -352, 106, 569, -77, -757, 652]
[277, 74, 220, -916, -411, -1272, 817, -568, 343, -69, 284, -190, 18, 342, -346, -37, -721, -43, -113, -988, 411, 331, 325, 126, -200, 7, 31, 628, -450, 693, -163, 752, -1175, -597, -63, 399, -302, -1533, -251, 901, -251, -650, -316, 424, -579, -150, -517, -837, 203, -513, -296, 172, 156, -144, 45, 576, 131, 225, 62, -896, -246, 341, 410, -999, -341, 26, -254, -307, 73, 236, 106, 683, 43, 164, -117, 47, 1365, 189, -391, -150, 733, 64, 667, 90, 477, 589, -674, -248, -137, -102, -163, -451, 426, 581, 435, -299, -512, -149, -283, 216]
[-702, -59, 670, 57, 461, 208, -286, -922, -444, -225, 241, -433, -24, 40, -48, -302, -200, -292, -447, -803, 687, 67, -134, -261, -235, -494, 97, 148, -234, -226, -87, -89, 100, -144, -252, 172, -451, 262, 1150, 243, 256, -387, 329, 62, -47, 255, 88, 106, 215, 171, -466, 1138, -535, 188, 1040, -477, 832, 138, 101, -607, -629, 514, -434, -133, 168, -235, -519, -497, 500, -223, -816, 275, -262, -807, -378, 91, 378, -52, 160, 4, -535, 424, -444, -476, 248, 107, -182, 396, 490, -135, -538, 15, 241, -129, 576, -295, -324, -59, 127, -87]
[24, -478, -303, -426, -370, -431, -371, -208, 259, -444, -795, -674, -205, -600, -88, 372, 442, 602, -84, 143, -171, -583, 231, 1068, 845, 887, 434, 289, 226, 457, 287, 393, -601, 209, 418, -128, 17, 87, -634, 358, -204, -426, -241, 7, 630, 98, 496, 392, -163, 83, 962, -12, -61, 91, -213, -131, -24, -565, 838, -9, 214, -530, 933, -637, 108, -650, 593, -343, 16, 126, -606, 341, -71, 746, 229, -162, -170, -655, -567, 162, 473, -548, 68, 236, 263, -162, 443, -278, -525, 246, 14, -176, 40, -20, -645, 266, -354, -840, -1061, -77]
[189, -472, 14, 327, -146, -547, -242, -82, 582, -606, -212, 368, -13, -262, -179, 53, -401, -197, -1029, -382, -201, -674, -19, 527, 179, 164, 182, -77, -52, -379, 493, 102, -643, 248, 514, 21, -164, 19, -508, -571, 331, 720, 157, 513, -391, -312, 1079, 509, -375, 489, 1012, -83, 253, -333, 447, -60, 8, -532, -464, 361, 172, 56, -393, -137, -63, -69, -1024, -692, 91, -385, -356, -182, -251, 1409, 24, -571, -812, -578, -155, 232, -626, 234, 369, 219, -359, 1002, 1279, 432, -88, -16, -10, 10, -153, 83, 93, 281, -548, -98, 125, 682]
[198, 732, 347, 260, 82, 341, -124, -179, -779, -56, 372, 197, 479, 1044, -109, 702, -112, 121, 93, 771, 40, 72, -426, 527, -467, 286, -333, -59, 305, 72, 543, 327, -152, 589, 74, -350, -407, 214, 346, 276, -427, 828, -566, -481, 52, -29, -294, -488, 1058, 75, -154, -54, -13, 146, 178, -133, 250, 115, -76, 384, 304, 327, -98, 483, 311, -263, 1283, 744, -1154, 225, 256, 289, 158, 439, -408, 56, -16, 669, 446, 52, 1058, 234, 72, -461, -303, 261, -464, -302, 17, 546, -179, 295, 20, 375, -131, 494, -340, 41, 435, -244]
[-458, -749, -411, -374, 10, 46, -89, -110, 44, 225, 232, -420, -156, -141, -220, -400, -9, 225, -971, 837, -52, 275, 398, -263, -124, 371, 469, -155, 599, -124, 136, -65, 389, 829, -977, 513, 389, -311, -140, -771, -292, 94, 932, -182, 165, -438, 373, 242, -66, 375, -339, 164, 447, 771, 262, 780, -198, 596, -220, 200, -1057, 585, -439, 851, -172, 214, -13, 90, 51, 753, 1120, -197, 1050, -654, 161, 303, 350, -640, -44, 89, -231, 258, 597, 36, 12, 6, 272, -431, 163, 45, 39, -105, 230, 31, 223, -140, 47, 398, 241, -262]
[-78, 189, -159, -39, -335, 785, 10, 480, -513, 307, 412, 589, 529, -637, 873, -363, -159, 161, -398, 357, 28, -312, -675, 384, -385, -186, -544, -624, 152, -666, -464, 48, 172, 317, 660, 160, 525, 120, 124, 92, 177, 1363, -120, -430, -305, -143, 388, 521, -154, 167, -648, -223, -70, 148, -596, -534, 544, -692, 127, 719, -50, 336, 653, 971, -89, 141, 634, 99, 600, -394, -510, -7, -158, 72, -1124, -479, -480, -332, 527, -284, 115, 258, -703, -91, -293, -271, 342, 43, 275, -211, 66, 507, 76, -251, 302, -7, 699, -224, 629, 89]
[-434, 139, 98, 260, 39, 414, 482, -832, -973, 674, 1107, -401, 756, 380, 690, 314, -161, 339, 583, 1417, 652, -71, 267, -501, -1207, 68, -1164, -184, -212, -287, -280, 1007, 273, 1053, -582, -287, 583, 215, 312, -112, 103, 558, -792, -438, 1395, -494, 389, 140, 637, -299, -349, 155, 26, -16, -48, -104, -173, -59, -149, 236, 142, 575, 219, 439, 134, -107, 261, 424, 21, -44, 828, -630, 214, 177, -122, -406, -33, 456, 320, 9, -544, -556, -412, 61, -109, -221, -288, 49, 609, -517, -11, 449, -436, -829, 588, 431, 442, 971, 244, -32]
[418, 123, 276, 221, 824, 253, -470, -278, -443, -467, 352, -432, 799, 1361, -587, 493, -34, 97, -117, 1249, -1067, -441, 153, 261, 587, 490, 258, -501, -166, -465, 564, 476, 31, -649, 575, -143, 827, -164, 522, 494, 365, 573, -122, 156, 445, 382, 75, 244, 72, 607, -208, 1101, 163, 614, 271, -38, 602, -519, 250, 239, 67, -647, 265, 491, 4, -585, 526, -204, -869, -185, -522, 75, -197, -81, 347, -125, 427, -1305, -767, 860, 439, 204, 180, 267, 1009, 148, -38, 17, 393, 392, 283, 293, -263, 406, 124, -137, -889, 588, -120, -158]
[-780, 197, -619, -679, -658, 430, -386, 863, 704, 161, 515, -797, -112, 124, 551, -161, 384, -423, 30, 47, 632, 348, 202, -95, -21, 552, 3, -163, -431, 466, 119, 43, -1122, -150, -524, 27, -1187, -810, -214, -815, -163, 1031, 497, 554, -162, -9, -642, 705, -252, -115, -609, 59, 601, -91, 403, 0, -642, -142, -217, -617, 830, 1205, 334, 103, -216, 454, -637, -374, 462, 445, 1011, -44, 405, -717, -359, -49, 688, -511, -86, 66, -44, -313, 357, -234, -474, -99, -834, 17, -275, -37, -97, 836, 147, 40, 220, 363, 239, 230, 385, 177]
[412, -154, 77, -179, -881, 396, -576, 519, -173, 321, 438, -584, -93, 173, 218, 1231, 569, 349, 517, 707, -541, 193, 243, 167, 372, -119, -749, 371, 18, -20, 103, 164, 1041, 117, -78, 299, 866, 474, -61, 265, -328, 909, -730, 178, 271, -52, 419, 731, 174, -365, 38, 118, 1395, 389, 223, -555, 166, -483, 322, 337, 228, 422, 175, -63, -236, 223, 500, -24, -89, -231, -28, -160, -388, -255, -59, 248, 729, 232, 518, -660, -251, -677, -153, -791, 917, -636, 83, 942, -101, -542, 224, 792, 87, -1591, -633, -618, 608, 417, -96, -434]
[27, 3, -451, 504, -281, -152, 320, -824, -1229, 14, 624, -401, 573, 290, 112, -489, -156, -53, 1051, 598, -481, -115, 1058, 453, -338, -11, -611, -109, -1005, -133, -352, -189, 371, 171, -932, -214, 977, -329, 705, 609, 778, -564, -1050, -148, 1093, 28, 364, 406, 752, -414, -363, 469, -293, -170, 240, 588, 77, -89, -38, -435, 243, -146, -17, 377, 467, -233, 344, -403, 704, -157, 118, -993, -151, -450, -275, -63, 372, 18, -162, -14, -338, -259, 210, 609, -138, -192, -165, 559, -364, -262, 227, -112, -85, -330, 276, 47, -40, 757, -52, 637]
[-191, 555, -386, 166, -70, 84, 553, -751, 189, 657, -268, -91, -131, 125, -407, 440, 779, 33, 813, -83, -154, -850, 95, 323, -115, -224, -105, 360, 366, 1246, -468, 9, -402, 190, -715, 384, 61, 141, -505, -202, -662, -651, -83, -334, 427, -392, -87, -1343, -122, -234, 199, -257, 550, -54, -351, 176, -605, -371, 231, -245, 896, 407, 250, -271, -221, -424, -442, 938, -210, 175, 821, -49, -98, -1283, -303, 524, -521, 753, 805, -558, -384, -229, -349, -145, 447, -352, -175, -246, -59, -427, 500, -319, 303, -495, -268, 357, 157, 403, 594, -825]
[776, 795, -5, -190, -119, 7, -701, -230, 193, -502, 450, -185, 503, -688, 660, -374, -768, 326, 15, 209, 432, 56, -235, 125, 579, 993, -559, 326, 568, -696, 308, -478, 86, -352, 686, -51, -114, 1007, 47, -103, 141, -37, 64, 4, -875, 533, -229, -534, -272, -714, 634, -216, -602, -410, -247, -300, -112, -255, -8, 103, -68, -21, 1110, 638, -144, 107, 472, -243, 83, -73, 51, 685, -578, 427, -905, -600, 138, 92, -83, -130, 199, -149, -446, -361, -1088, 335, -518, -316, -387, -126, 396, 620, 145, -233, -304, -225, 35, 128, -536, 13]
[-496, -368, -49, 859, 168, 282, -281, 102, 812, 224, -565, 461, -61, 205, -258, -833, 257, -904, 292, -46, -488, -671, 848, 546, 450, 35, 434, -522, -117, 1, 293, -260, 131, -213, -1187, 358, 484, -23, 531, -172, 51, 507, 1060, 182, 232, -113, -167, 833, 309, 363, 142, 429, -723, -667, -49, 128, 396, -283, -469, -342, -259, -347, -777, 122, 159, 887, -935, 258, -347, 569, -305, -185, -223, 82, 859, 425, -304, -175, -612, 922, -123, 380, -129, 136, 125, -284, 223, 281, -571, -224, -561, -91, -246, 441, -257, 534, 1053, -486, 242, -185]
[433, -244, 104, -1026, 513, 424, -317, -177, -249, -182, 1238, 209, 535, 194, -139, 664, -668, -166, -420, 735, 51, 508, -505, 250, -964, -733, -500, 77, -775, -457, 671, 44, -618, -362, 350, 566, -118, -81, 16, 338, -13, 578, 191, 448, -920, -774, 655, -184, 355, -444, -46, 978, 569, -602, 181, -700, 154, 569, -716, 613, 963, -68, -630, 857, -619, 64, 798, -172, -400, -1166, -586, 296, -45, 91, -653, 159, 147, -323, -517, 287, 111, -80, 269, -331, -550, 811, 25, 165, 392, -708, -392, 624, -625, 402, 341, 17, -83, 679, 787, 533]
[476, 542, 578, 520, -617, 92, -894, 503, 201, -557, -825, 17, -320, -366, -515, -451, 298, 27, 589, 275, -679, 144, 134, 327, 851, -99, -357, -832, -348, -114, 526, -231, 438, 145, -592, -922, -375, 417, 1371, 241, 221, -300, -58, -122, 952, 105, -464, 479, -89, 508, 157, -681, 36, 819, 249, -310, -201, -247, 284, -179, -316, -23, 89, 314, 366, -119, -395, -188, 27, 54, -235, -370, 44, 376, -462, 31, 295, 261, 283, -602, 273, 143, 559, -181, 323, -929, -257, 516, -128, 535, 138, -694, 480, -246, -321, -476, -333, -302, -81, -496]
[126, 575, -196, -37, 765, -127, 464, -172, 11, -435, -521, 337, 295, 295, 734, -572, -155, -568, -323, -553, 673, -873, -679, -622, -836, 1066, 385, -104, 545, -848, 25, -435, -393, 258, -980, -476, 140, -679, 214, -35, 98, -92, 451, 753, 118, 663, -643, -320, 417, -404, -362, -508, 187, -654, -804, 282, 728, -59, -103, -363, -130, 584, 244, -3, 141, 210, -33, 420, -397, 414, 664, 765, -409, 877, 377, -52, -559, 371, -129, 529, -478, 289, -2, -563, -218, 106, 108, -786, -159, -335, -82, 540, 438, 440, 974, 544, -206, 8, -199, 75]
[383, 225, 757, 707, 496, 592, -97, 253, -640, 612, -378, -103, -42, 97, -595, -62, 718, -171, 824, 536, -1187, -772, 639, -437, 158, 568, -103, 561, -237, 912, -134, 138, 862, -516, -77, -225, 471, -236, 794, 365, 229, 224, -293, -33, 441, 283, -19, -198, 388, -89, 51, 5, 464, 125, 160, 468, 232, -811, 570, 232, 861, -205, -40, 265, -314, 4, -119, 35, -184, 219, -502, 294, -71, -455, 482, 2, 243, 1058, 18, 210, -71, -149, -280, 318, 882, -515, 29, 618, 287, -316, 285, -469, -151, 349, -968, -820, 948, -557, 514, 850]
[-513, 327, 755, 1037, 237, 514, -79, 136, 749, 235, -76, 734, 7, 947, 301, -696, -682, -4, -718, -250, -290, 154, 276, 77, -371, -32, -484, -373, -525, -77, 186, -464, 277, -137, -1009, 94, -447, -562, 678, -444, 196, 1395, 394, 306, -310, -524, -480, -131, 178, 992, -466, 267, -259, 141, 588, 386, -314, -322, -607, 341, -625, 869, 104, 606, -32, -30, -1075, -107, 433, 993, 470, 264, 441, -272, -507, -285, 547, -353, -57, 219, -71, 973, 229, -67, 235, 756, -518, 78, 799, -110, 814, 600, 630, 395, 312, 117, -145, 182, 370, -223]
[818, 234, -31, -497, 348, -193, 344, -884, 701, 120, -361, 94, -148, 146, -373, 676, -654, 185, 85, 434, 67, 172, 491, -106, 627, -132, -662, -1064, 826, 8, -134, 815, 521, -404, 836, 16, 573, 884, -805, 753, -447, -28, -393, -57, 364, -1142, 669, -520, 252, -394, 313, -738, 317, -269, 126, 582, -377, 342, 309, 171, -343, -399, 442, -15, -378, 528, -501, 1719, -265, 326, 522, 716, 34, 1381, -357, 102, -908, -453, -120, -247, -329, -471, 502, -432, 353, -679, 245, -400, -1149, 528, -223, -626, -127, 987, -32, -424, -118, 527, -230, -673]
[426, 862, -247, -194, -11, -279, -146, -442, 446, 181, 269, 220, -352, 702, -755, -512, -641, 435, 160, 635, 304, 620, 135, 597, 153, 672, 219, -42, -654, 687, -415, 752, 502, 339, 533, -856, 376, 167, -361, -276, -670, -380, -872, -207, 493, 136, -346, 333, 237, -830, -669, -1093, 38, -384, -1153, -828, -712, 125, 232, 400, -189, -769, 896, 977, 321, -187, 13, 425, 175, 421, 503, 159, 574, 1018, 418, 84, -361, 473, -474, 203, 1208, 347, 545, -533, -286, -392, -579, 155, -345, 95, 488, -17, -1115, 710, 325, -386, -1039, 208, 47, -404]
[164, -41, 445, 163, 620, -247, 173, -910, 69, 16, -32, 460, 208, 439, -122, -78, -1160, -65, -765, -1011, -285, 373, 1, -68, -247, -180, 819, -299, -346, -565, -298, 265, -213, -659, -701, 213, 41, -537, 25, 82, -252, -969, 448, 736, -50, -722, -409, -274, 408, -228, 388, 342, 933, 39, -713, 637, -556, 88, 370, 161, -465, -316, -285, -187, -186, 360, -664, -278, -116, -104, 17, 475, 734, 101, 426, -179, -408, -504, -769, 518, -35, 407, 689, 84, 598, 1130, 596, -150, 334, -339, -445, 48, 402, 1337, 221, -695, -107, -461, 527, -157]
[205, -124, 343, 639, -533, 427, -359, 363, 493, 42, 279, 236, -272, -141, -429, 430, -81, -479, -55, -142, 523, 490, 128, 532, -32, -572, 241, 746, 45, 651, 974, 196, -1405, -336, -262, 249, -568, -516, 977, -123, -489, -417, -348, -183, -668, 482, -1429, -632, 47, -43, 138, -443, 342, 495, -148, -522, 175, -101, 150, -116, -23, -140, 38, 78, -228, 40, -616, -194, -690, -321, -455, 206, 383, -457, 147, 647, 570, -50, 940, 313, 357, -133, 573, -398, -70, 671, -719, -169, -499, -233, -590, 180, -50, 73, -171, 673, -243, -665, 22, 163]
[-1152, -1390, 582, 1155, 664, -202, 759, 548, -379, -184, -158, -1267, 179, 379, 200, 39, 64, 349, 357, -363, -39, -793, 1030, -62, -294, -250, 200, 729, -765, -93, -96, 361, -88, -745, -409, -89, -272, -931, 792, 59, 755, -380, -97, 279, 1176, -1063, 23, 153, 343, -62, -889, 850, 98, 216, 618, 575, 301, -303, -342, 376, 632, 610, -402, -378, 369, -312, 30, -411, -128, 148, 76, -535, 112, -291, 854, 538, 790, 484, -986, 384, -320, -96, -58, 520, 225, -310, -723, 102, 330, -837, 849, -773, 13, -503, 515, 386, 312, -112, 108, 693]
[68, -1086, -293, -233, -1115, 207, 3, 325, -351, 115, 310, 122, 941, -701, -262, 440, -1136, -297, -1405, 140, 1190, 742, -236, 394, 504, -909, 815, -31, -301, -598, -174, 165, -619, 438, 325, -474, 111, 256, -1076, 258, -136, -634, 538, -398, 251, -50, -4, 226, 25, -146, 9, -458, -618, -722, 493, -710, 282, 48, 645, 281, -835, 152, -406, -77, 273, 788, -357, -1190, 50, 28, -308, -736, 384, 261, 655, -582, -265, 441, -565, -652, -379, 291, 894, -180, 304, 31, 895, 460, -875, 493, 575, -348, 44, -1124, 964, 220, 157, 573, -140, -1649]
[-300, 45, 703, -20, -44, -104, -430, 214, -614, 310, -396, -923, 74, -147, -743, 336, -268, 27, -171, 129, 402, 431, 510, -61, 722, 571, -102, 1051, 693, 285, 924, 808, 816, -225, 153, 364, -528, -477, 928, 206, 203, -42, -966, -82, 335, -315, -15, 165, 920, 129, 786, 198, -4, -350, 1333, -74, 635, 198, 619, -213, -317, -55, -157, -633, -137, 534, 115, 467, -24, 185, -860, -83, -604, 193, 407, 468, 505, 1261, 327, 17, 48, -537, -254, -572, -104, 95, -591, 301, -434, 151, -341, -1084, -163, -90, -851, -823, -339, -88, 21, 292]
[-678, 12, -252, 230, -110, -393, 379, -782, -571, 519, 676, -453, 353, 504, -146, -117, -687, 476, -358, 532, -67, 178, 126, -265, 170, 186, 69, -289, -1, 702, -776, 551, 25, -181, -170, -500, 367, 247, -94, -324, 123, -539, -153, -194, 256, 67, -331, -493, -200, -362, 287, 568, -121, 15, -647, 366, -518, -950, -273, 137, 158, -171, 671, -24, -266, -912, -335, 401, 547, -191, 736, -460, -49, -649, -153, -625, -200, -428, 454, 483, 32, -110, 534, -216, 980, 435, 113, 268, 495, -216, 178, 632, -17, -158, 430, 245, -517, 609, 471, -546]
[-322, -11, 23, 674, -1268, 767, 373, 64, 527, -38, 477, 447, -13, 184, -571, 133, -750, -577, -198, 717, -507, 403, -247, 923, 330, 363, 96, 351, -842, 362, 682, -257, -826, 296, -346, -167, -397, -193, 656, 131, -187, 646, -965, 284, 522, -50, -490, 241, -526, 441, 7, 323, -1012, -4, 200, -877, 424, -493, -81, 236, -714, 305, 202, -86, -377, -9, -933, -605, -422, -167, -347, 71, -744, -249, -189, -109, 1100, -594, 211, -564, 270, 378, 916, 45, 457, -361, -841, 460, 482, -135, -598, 31, -404, -278, -328, -96, 152, 340, 200, -830]
[-417, 112, 315, 464, 221, 55, -212, -159, -328, 209, -655, 217, -165, 647, 74, -202, 238, -432, -58, -47, 450, 427, -148, 20, -555, 281, -346, 444, -187, 665, -213, 212, -775, -272, -64, 27, -633, 611, 456, -250, 99, -27, 270, -523, -329, 138, -95, -1297, -774, -1136, 263, -390, -94, 83, -706, -688, -1028, 293, -268, -356, 861, 267, -420, -106, 220, -323, -163, -11, -1223, -484, 143, 1051, -194, -931, -365, 144, -315, 1003, 1049, 492, -252, 612, -198, -712, -621, 191, -379, 153, 530, 66, 3, 11, -71, -773, 9, 112, -757, 510, -319, -150]
[-197, 194, -562, 186, -280, -203, -240, 302, -325, 112, -20, 1059, -526, -324, -151, -706, -129, -44, -131, -407, 253, 290, 502, 745, -743, 387, -154, -297, -974, 407, 38, -658, 181, 862, -131, 233, -360, -244, -327, -278, -1060, 730, -645, 526, -282, -308, 166, 138, 136, -288, -859, -222, -88, -943, -640, -390, -176, 287, -738, 244, -88, 222, 483, 371, 156, -214, -326, 549, 337, -780, -603, -538, -222, 1000, -752, 372, -866, 824, -69, 4, -302, 103, 238, -673, -629, -269, -9, 87, -279, -584, 218, -231, -234, -456, -407, 522, -699, 603, -285, 92]
[-39, -116, 861, -633, 236, -300, -282, 255, -4, -526, -851, 75, -280, 329, 81, -42, 1652, 394, 42, -52, -643, -595, -221, -773, -106, 690, 160, -289, 660, 309, 476, 889, 358, -161, 856, 5, -434, 455, -235, 225, -84, -282, 76, -172, 257, 541, -23, -813, 10, 16, -367, -586, -383, 476, -308, 310, 286, -437, 349, -903, 475, 196, 464, -357, -287, -3, 865, 572, -136, 1089, 165, 409, -901, 441, -460, -337, -212, 54, 101, -548, 1289, 403, -693, 429, 256, -348, -648, 63, 1077, 1054, 78, 99, 439, 434, -747, -695, 809, -466, -295, 96]
[225, 849, 357, -60, 212, 399, 323, -218, -62, -128, -593, 935, 477, 277, 195, 626, -553, 374, -312, 791, 13, 654, 501, 534, -517, 376, -446, 64, 40, -68, -49, 453, 518, 289, 669, -496, -218, 487, 294, 488, -466, -1112, -913, 652, 378, 487, -313, -1595, 510, -891, 946, -524, 535, -382, -386, -436, -5, 716, 158, -41, -244, -512, -338, -263, 123, -406, 1266, -852, -542, -36, -7, -197, 293, 741, -568, -370, -71, 735, -336, -730, 368, 230, -128, 213, -919, -207, -642, -11, -77, 260, 192, -553, 1026, 98, 205, -450, 565, 811, -358, -103]
[229, -1283, 363, -659, -224, -638, 95, -404, 117, 313, -782, 145, -413, 280, -150, 13, 297, -70, -1095, 831, -762, 900, -448, -171, 339, -219, 81, -508, 792, -678, 367, 229, 387, 452, -307, 191, 714, 278, -598, 315, -120, -1072, -42, -304, 285, -682, 848, -117, 360, 532, 407, 326, 217, -150, -116, 135, -414, 490, -176, -298, -299, -590, -584, -168, -51, 244, -20, 58, -327, 325, 110, 761, 196, 388, 8, -454, 607, -408, 174, -977, 164, -372, 1327, -240, 430, -290, 162, -152, -100, 442, 50, 176, -132, -459, -1003, -781, 166, -120, -375, -391]
[-550, -400, 365, -30, 346, 1488, -217, -212, -491, 461, -950, 6, -604, -335, -399, 372, 180, -256, 290, -111, 611, -304, 636, -1229, -6, -28, -4, 284, 249, -300, 124, -190, 1117, -588, -687, -13, 653, 407, 526, 115, -389, -974, -182, -195, -80, 1015, 482, -411, -327, 379, 391, 378, -374, 512, -468, -269, 711, -257, 657, -89, -590, -414, -12, 263, -64, 175, -539, -652, 86, 196, -1252, -181, 41, -1191, 242, -388, 69, 704, 152, -124, -548, 86, -470, 232, 1026, -733, -661, 405, 400, -722, 523, 185, 58, -891, 10, -984, 517, 591, 234, 264]
[-353, -466, -239, 129, -317, -420, -1037, -426, 328, -15, 64, -705, 880, 598, 41, 118, -582, 929, -261, 589, 286, -402, 375, 872, 137, -84, 41, -264, 72, -324, 615, 901, 566, 315, -688, -569, 301, 300, 302, -733, -565, 20, 504, -366, 158, -17, -751, 903, 415, 497, 79, 555, -679, 240, 815, -254, 253, -468, -673, -222, -790, -136, 90, -65, -347, -692, 508, -183, 148, 415, 393, -634, 454, -39, 224, -334, 803, -849, -241, -5, 697, -98, 421, 194, 200, 941, -187, 526, -76, 193, 403, 869, -227, -290, -136, 307, 86, -481, 695, -1229]
[-200, 281, 236, -349, 404, 251, -495, -54, -298, -492, 840, 182, 1182, 1001, 111, 629, 746, 234, -397, 880, -244, 855, 85, 987, 123, 618, -43, 146, 633, 74, 968, 412, 31, 513, 369, 47, 96, 9, -620, -380, -567, 797, -5, -150, -536, 366, -48, 145, 391, -70, -372, 744, -30, -175, 287, -66, 434, 568, -486, 786, -463, -98, 598, 369, 175, -534, 586, 663, -311, -238, 499, -401, -28, -223, 491, -443, 488, 421, -548, -221, 1095, -432, -602, 84, -586, 286, 351, -760, -63, 584, 475, 146, -299, -57, -107, 674, 666, 550, 236, -901]
[230, 146, 0, -172, 103, -393, -447, -14, 868, 0, 64, -338, 269, -457, -139, -170, 272, -226, -439, -692, 953, 201, -225, 586, 517, 310, -451, 800, 408, 385, 390, 154, -148, 338, 374, 898, -476, 970, -126, -1699, -446, 1083, 295, -83, -197, -296, 263, -151, -604, 26, 720, 90, 1057, -94, 257, -664, -268, -118, 219, 57, 202, 1026, -168, -1010, -200, -155, -279, -719, 35, 119, -217, 26, -325, 121, 623, -9, -126, 750, -271, -253, -175, -154, -242, 506, -365, 353, 64, 609, 631, -604, 236, 58, 71, -793, -371, 455, 62, 121, 262, 18]
[-507, 424, 365, 451, -629, -219, 252, 310, 376, 270, 216, 133, -333, -48, 464, -758, 257, 104, -106, 494, -1124, 16, -214, 136, 10, 804, -73, -497, -380, -82, 91, -606, 22, -43, -342, 656, -760, -902, 513, -793, -84, 427, -184, -464, -204, -126, -758, -294, 378, 896, 191, -271, -675, -372, 325, 50, -75, -485, -888, -672, 596, -85, 441, 833, -412, -182, -468, 213, 277, -496, 561, -258, -627, 344, -633, -56, 704, -626, 640, -223, 710, 127, 70, 89, -243, -226, -859, -71, 716, -210, -319, 1062, -418, -68, -195, 109, 573, -600, -120, 398]
[669, 700, 311, 672, 627, -995, -481, -302, 306, 86, -1062, 511, 100, 524, -712, -708, 155, -646, -15, 768, -830, -259, 414, -199, 681, -412, 51, -170, -154, -259, -1151, 527, 692, -415, -1057, -1101, -340, 465, 728, -365, 263, 324, -370, 283, 328, 520, 101, 108, -324, -118, 241, -1066, 37, -586, -1, -278, -334, -553, -133, 96, 297, -550, 466, -512, -462, -511, -811, 28, 357, -299, 61, 114, -51, 385, -56, -163, -630, 427, 221, -325, 1113, 452, 291, -102, 664, 665, -61, 757, 384, 549, 560, -36, -386, 195, -529, -840, -768, 475, 46, -320]
[254, -77, -691, -64, -962, -82, 706, -357, 84, 621, -1250, -443, -89, 101, -499, -246, -454, -901, -124, -37, 494, 7, 130, 995, -105, 630, 201, -3, -139, 78, -317, 151, -558, 919, 174, -63, 563, -28, -97, -11, -135, -1146, -456, -282, 913, 250, 477, 445, -158, -573, 61, -760, 210, -510, -83, -743, -877, 201, 641, -1063, 169, 200, -622, 187, 623, 584, -723, -1543, -119, -295, -508, 688, 743, 180, 53, 632, 244, 327, -281, -23, -1108, 552, 433, 134, -275, -294, 548, 595, -1140, -40, 527, -881, -452, -942, 53, -517, -749, -508, -535, 289]
[791, -195, 97, 173, 99, 257, -248, 225, 1039, -771, -1457, 366, 169, 407, -150, 534, -701, -425, 340, 1012, -242, -473, 714, 152, 269, -164, -453, 123, -578, -225, 619, 115, -490, -387, -904, -872, 181, 54, 677, -840, 485, -274, -566, 109, 503, 47, -24, -219, 29, -230, 120, -942, -95, -134, 519, 46, -346, -417, 74, 37, 695, 424, -242, -87, -174, 282, -202, -59, -346, -284, -915, 456, 168, -77, 57, 241, 382, -149, -451, -25, -388, 36, 139, 187, 322, -143, -1233, -39, -298, 40, 641, -710, -605, -572, -345, -379, 117, 423, 241, 83]
[-131, -20, -390, 378, -337, 521, -449, 919, 124, 166, -842, 1081, -76, 291, -801, -373, 154, -379, 139, 55, -939, 182, 96, 1144, 62, -278, 584, -8, -373, 382, 37, 175, 837, 135, -505, 67, 547, 833, -68, -423, 262, -79, -385, 116, -51, 610, 139, 952, -275, 99, 206, 502, 37, -225, 569, -824, -10, 213, -282, -307, -212, -160, -736, 66, 111, -59, 5, -922, -196, -104, -351, -459, 728, -811, 69, -131, 391, -318, -308, -475, -649, 202, 257, 189, -260, -261, 47, 200, -600, -2, 1201, -1061, -321, -742, -950, -308, 475, 841, 301, -490]
[628, -690, 335, -150, 337, -236, -763, 72, 413, -726, -230, -368, -355, -42, -124, -124, 705, -84, -656, -94, -568, -523, -232, 394, 234, -741, -272, 148, -254, -667, 802, 194, -231, 67, -29, -87, 74, -213, 919, 163, 427, -1321, 150, 703, 28, -297, 466, -465, 674, 586, 189, 1119, 444, -50, 286, 205, -363, 14, -993, -78, 946, -275, -410, 1010, 114, -111, -55, -684, 471, -1, -137, -266, 52, 304, -349, -132, 369, 737, -1022, -367, 143, 71, 909, -159, 277, 458, -151, 653, 12, -367, 1161, -385, 238, -224, 329, 256, -268, 545, 184, 990]
[-147, -453, -393, 123, 182, 43, 410, -661, 733, 706, -869, -244, -956, -302, -589, -10, -318, 1012, -457, -983, 867, -232, -534, -251, -131, -456, 24, -39, -35, 218, -504, 620, 799, 229, 100, 144, -98, -243, 104, -783, -714, -434, -221, -586, 369, -129, 103, 644, 167, 418, -89, -471, 160, 325, -251, -153, -132, 181, -404, -59, -628, -24, -659, -507, 241, -127, -196, -176, 260, 123, -137, -675, -110, 52, 1049, 457, -534, 934, 237, -16, 182, -12, -298, 258, 259, 336, 280, 678, 483, -87, -263, -47, 113, -165, 389, 267, 172, -398, 302, 545]
[231, -303, 721, 92, -27, -58, -46, 780, 245, -701, -417, 9, 337, -270, 934, -1034, 109, -451, -11, -456, -158, -222, -674, 572, -221, -114, 470, -84, -260, -644, 429, 812, -258, 907, 503, 75, -6, 511, -34, -160, 495, 142, -169, -20, 563, -170, -499, 1275, -327, 366, -722, -237, 215, -143, 833, 98, -467, -509, -167, -348, -22, 431, 37, -195, 135, 58, -1488, -580, 608, 275, 266, -254, 539, -403, 487, -898, 175, 122, -281, -467, -988, 496, -751, 51, -805, -804, 232, -577, 238, 1033, 538, -425, -164, -230, 310, 309, 724, -647, -492, -1160]
[555, -295, -470, -1441, -183, -163, -679, -83, -1111, -246, -469, -704, 306, 225, -94, -142, 246, -1037, -113, -628, -643, -344, -76, 377, 354, 770, 493, -249, 388, -504, -487, 100, -376, -544, 1612, 552, 1270, 2, -133, 753, -355, -126, -374, 80, 216, 217, -433, 983, -253, -988, -542, -101, 1602, 71, -708, 80, -53, -458, 572, -118, 34, 256, 399, -69, -77, 241, 431, -167, -605, -551, 156, 381, -673, 319, 203, 200, -70, 435, -450, 230, 572, 164, 69, -660, 19, -1134, 359, -358, -210, -333, -58, 99, -55, 268, 696, -351, -201, -205, 218, -534]
[-224, -24, 130, 794, -26, 1028, 543, -266, -119, -355, -48, -83, -362, 309, 1159, 973, 655, 400, 504, -93, -1153, -39, 316, 768, -39, 187, -773, 731, -209, 526, -227, -434, -337, -257, 437, 100, 284, 460, 574, 57, 766, -30, -548, 110, 470, -461, -70, 319, -340, -392, 369, -698, 170, 1107, -543, -468, -156, -817, -302, 1017, 451, -307, -74, 567, -268, -772, 494, -176, -391, 39, 380, 94, 307, -1064, -930, 520, 443, -9, 228, 105, -353, 329, -300, 109, -318, -123, -1218, 378, 99, -64, 264, 137, -45, -471, -51, -611, 302, -1066, -940, 402]
[-55, -800, 266, 643, -361, -199, -576, 178, -1692, 82, 170, -244, -11, 938, 292, 894, 1026, 186, 111, 369, -380, -445, 267, -117, -391, -810, -490, 225, -654, 174, 229, 193, -299, -291, 290, 24, 324, 201, 571, 82, 559, 284, 209, -309, 422, -313, 415, -96, 615, 501, 1, -81, -124, 801, 572, 66, -426, 34, -501, 159, 920, 64, -1036, -507, 214, -754, 680, -504, -1457, -136, 440, -668, 252, -589, 469, 423, 545, 731, 2, 297, 470, -674, 366, -376, 660, -225, -261, 60, -439, -135, 405, 87, 15, -738, -273, 280, -629, -454, -351, 661]
[779, 246, -51, 115, -859, -161, 368, 376, 219, 970, 529, -161, 143, 531, 170, -520, 219, 295, 314, 94, 401, 549, -1323, 336, -874, -37, -153, -583, -772, 160, -710, 772, 560, 724, 1498, -419, 402, -239, -791, -366, -326, 340, -991, -720, -457, -99, 225, 27, -826, 189, -660, -978, -119, 449, -237, -337, -803, 983, -341, -82, 524, -178, -487, 657, -333, 7, 16, -615, -4, 17, 734, -204, 117, -54, -2, -813, -234, -453, 401, -495, 549, 379, 296, 421, -301, -565, 311, 337, 297, 707, -253, 279, -772, 14, -170, -305, -698, -174, 287, 73]
[603, 294, 456, -167, -380, 280, -52, 14, 526, 307, 54, 515, -789, 328, -571, -421, 253, 214, 166, 82, -370, 423, -993, -40, -367, -75, -30, 374, 386, -177, 307, 814, 978, -119, 1036, 790, 630, 631, 79, -64, -217, -515, -958, 404, -281, 465, 251, 137, 192, 49, 99, -419, 650, -397, -577, -729, -422, 727, -915, -430, 259, -643, -356, 500, 188, -14, 206, -1238, -97, -274, -192, 834, -282, 287, 503, -272, 541, -206, -155, 506, -790, 316, 740, 666, 388, -143, -267, 627, 683, -986, -113, 651, -325, 252, -266, -1166, 78, 506, -282, 787]
[341, 296, 460, -101, -243, 194, 336, -1020, 176, 296, 1757, -762, -38, -238, 177, 645, -956, 851, 244, -510, 137, -480, -702, 352, 264, -131, 275, 243, -345, 348, -6, 349, 354, 43, 134, -87, 812, 453, -190, -8, -493, 435, -1019, -254, 165, 431, -83, 306, -153, 70, -497, 639, 621, 900, 316, -341, -376, -1168, 834, -93, -78, 240, -253, -478, 641, -582, -675, -433, 345, 563, 453, -265, 82, -1028, -132, 162, 579, -364, 437, -406, 707, 60, 632, 56, -689, 798, -335, 676, 574, 25, 103, 404, -41, -322, 59, -96, -513, -156, 171, -233]
[-410, 122, -54, 668, -219, 289, 416, -435, -308, 504, -725, -388, 73, -374, -388, -95, -270, 583, 688, 545, 381, -473, 104, -281, -545, 293, -474, 853, 101, 526, 888, -287, 245, -67, -160, -504, -294, -294, 887, 782, 658, -207, -298, 596, 690, 348, 732, -21, -206, 174, 586, 642, -63, -59, 171, 465, 664, -332, 1150, -298, -270, -582, -747, -512, -178, 76, 962, -702, -600, 190, -589, 943, 197, 444, 880, 275, 296, -121, -568, 75, -633, 520, 457, -193, 420, 288, -230, 251, -649, -34, -77, -734, 1109, 385, -369, -318, -89, -212, -389, 766]
[247, -904, 523, 792, -517, 307, -837, -27, -371, 106, 64, -141, -443, 609, 145, 293, 282, 250, 371, 40, -1034, -147, 922, 49, 330, -54, 89, 63, -185, 871, 94, -56, -193, 399, -284, -860, -154, -554, 134, 668, 344, -100, 933, 1, -303, 813, -770, 447, 85, 707, -974, -288, -83, 372, -9, -145, -484, -198, 165, -299, 671, -537, -600, 165, 257, -262, -684, -6, 170, 711, -31, 274, 393, -398, -228, -246, -36, -238, 156, -297, -6, 272, 291, -583, 414, 831, 550, -73, -174, 1144, -32, 433, 1140, -137, -113, -235, -842, -765, -670, -430]
[-120, -173, -255, 168, -352, 106, -367, 584, 23, 340, -1405, 794, -334, -206, 228, -805, 67, -411, -183, -336, 404, -522, 108, 341, -468, 432, 23, 428, -387, 82, 189, 53, -258, 625, 228, -1016, 642, -234, 776, -422, 1006, -207, -423, 345, 860, 201, 959, 514, -179, -296, -187, -1295, -421, -585, -269, -274, -443, 347, -281, -645, -78, 292, -919, -200, 650, -310, 9, -359, -339, -430, -617, 123, 810, -391, 113, 243, -616, 54, 56, 760, -1030, 891, -9, 125, -461, -784, -65, -410, -582, -40, 413, -1644, -98, 265, 729, 413, -151, 31, -903, 1423]
[-204, 289, 85, -596, 655, 218, 41, -724, -292, 479, -153, -396, 464, 345, 38, -444, 122, -1156, -354, -501, 1279, 27, 129, -51, 465, 34, 557, -507, 534, 435, -566, 257, -467, -771, -36, 47, -675, 410, -682, -410, -132, -157, 80, -136, -698, -165, -136, -980, -578, -651, 422, -302, 763, -211, -12, -620, 119, 270, 1247, 324, 790, -364, -256, -780, -193, -14, -868, 151, -1110, -653, -451, 1292, -65, -70, 10, 134, -1111, -560, 322, 310, 360, 402, -230, -355, -681, -125, 1502, -401, -28, 278, -794, 121, -607, 251, -69, 387, -318, -897, 855, 371]
[142, -948, -653, 185, -356, -401, 168, 82, 884, 132, -88, -263, 700, 3, 390, 120, 618, 1072, -168, 696, -496, -181, 816, 536, 910, -576, 189, 393, -190, 104, 15, 112, -298, 112, 430, -20, -107, 312, -1109, 242, 239, -512, -621, 691, 88, -143, 754, 298, -187, -476, 152, -464, -271, -235, 677, 697, -232, -546, -190, 364, 334, -263, 505, 359, -10, -326, -395, -77, 70, 346, -221, 192, 862, 83, -206, -489, -137, -168, -312, -892, 309, -712, 450, 345, 532, -435, 474, -60, -701, 541, 495, -149, -51, -772, -1150, 76, 1147, 127, -129, -185]
[591, 391, 428, 1011, 36, -750, 585, -335, 889, 377, -541, 333, -409, 558, -456, -215, -314, -64, 441, -123, -628, -686, 516, -172, 395, 368, 563, 251, 125, -342, -189, 482, 495, -352, -632, 238, 372, -164, -583, 53, -162, -16, -83, 1, 226, 536, -151, -236, -164, 35, -283, -832, -446, -375, -339, 6, 87, -820, -213, -100, -56, -108, 981, -494, -822, 182, -368, 949, -212, 555, -40, 52, -161, 317, -101, 639, -773, -382, -36, 739, 875, 433, -294, 518, 549, 631, -785, -167, 360, -95, -16, 438, -426, 316, 1, 504, -271, -110, -876, 217]
[421, -571, -268, -898, 345, 787, -746, -518, -454, -493, 194, -484, -323, -774, -220, 1270, -135, -237, -285, -775, 808, -427, -241, 1053, 353, -338, -91, 82, 199, 125, 223, -617, -435, -234, 289, 247, 685, 1039, -320, -204, -192, -139, 272, -1234, 465, -528, 235, 164, -280, 79, 37, -14, -184, 595, 372, -935, 748, -143, 621, 558, 46, 288, -330, -47, 251, 172, 124, -248, -303, 366, -950, -145, -98, -286, 411, 325, -312, -609, -179, -263, -780, 216, -402, 502, -265, -85, 127, -269, -556, 40, -16, -201, -393, -676, 494, 326, 44, -160, -471, -1259]
[763, 905, -328, 619, 31, 701, -280, -664, -859, 560, 74, -149, 438, -130, -317, 391, 1, -541, -36, -364, -753, -588, 91, 714, 643, -436, -16, 304, -109, -522, -612, -608, 277, -1154, 57, 569, -171, 761, 182, 450, 1, 1070, -834, -485, 725, -88, 524, 287, -63, 241, 225, -377, 166, 296, 806, -527, 520, -433, 923, 584, -243, -189, 385, -223, 218, 55, -57, -908, -231, -473, -1141, 540, -174, -363, -184, 7, -192, 422, 170, -1011, -25, -161, -270, 454, -81, -653, 739, -84, -731, -174, 425, -142, -178, -38, -585, -477, -407, -14, -206, 613]
[-76, 244, 32, 620, 324, -140, -12, 400, -103, -459, -348, -302, 203, -181, 48, 26, 232, 446, -401, 165, -393, -1023, 192, -86, 193, 1055, 391, -217, 833, -678, 359, 840, 919, -474, 755, 239, -190, 517, -131, 144, 267, 87, 190, 307, -89, 632, 479, 66, -55, 339, 199, 323, 228, 630, -44, 654, -414, -270, -311, 73, 324, -847, 264, 80, -575, -140, 720, -555, 239, -72, -161, 178, -125, 138, -37, -700, 706, -193, -5, 610, -13, -505, -654, 640, 173, 948, -297, 206, 385, -379, 450, 594, -148, 220, -1173, -656, 345, -333, 125, 697]
[-285, 40, 288, 59, 1103, -85, 82, 81, -138, -340, 1082, -380, 135, 681, 318, 602, -78, 125, -889, 115, 603, 401, 876, -621, 30, -7, -342, 69, -155, 579, -634, 264, 282, -349, 450, 1299, -363, 471, -645, -1442, -256, 434, 276, -523, -780, -185, 115, -773, 215, -532, -649, -40, 352, -76, 1239, -226, 409, 240, -653, 103, 29, 538, 30, 24, -194, 119, 436, 565, -137, -96, -300, -460, 170, -129, 328, 334, 128, 188, 126, 167, 186, -272, -758, -276, 322, 112, -150, 261, -201, -621, -1, 737, -916, -510, 1132, -123, 178, 906, 123, 644]
[-823, 15, 140, -54, -375, -201, -620, 537, 8, 50, -364, 37, -180, -1047, 36, 366, 161, 191, -877, 946, 1070, -572, 76, 39, -301, 418, 85, -26, 55, -209, 924, 528, -76, -157, -518, -216, -207, -283, 1112, 0, -419, 652, -213, -152, 479, 655, -984, 175, -123, 395, 1165, 322, -480, 48, 622, -666, 840, -590, 265, -859, -605, 627, -20, -621, 141, -485, -593, 326, 89, 318, -565, -138, -427, 670, 51, 799, 510, -283, 592, 58, -467, 254, 292, 98, 405, -408, -605, 473, 365, -256, -916, -602, -527, -750, -391, 13, -222, 347, -232, -972]
[-477, -611, -650, -222, -383, -927, -160, -392, -94, -219, 161, -77, -696, -683, 222, 555, 753, 368, -920, 225, 156, 148, 545, 160, 506, 484, 264, -537, 631, -269, -481, 504, -1106, -282, -673, 686, -289, 693, -623, -306, -447, -545, 615, -437, 225, -674, -318, -244, 220, 358, 1001, -195, -143, -132, -82, -75, 313, -392, 421, -824, 10, -13, 103, -311, 484, -427, 418, -168, -351, -66, -69, -140, 596, -128, 96, -619, 476, -793, -30, 240, -344, -866, 260, -29, 597, 117, -137, 351, -436, -812, -335, 131, -437, -326, -358, -363, 874, 109, -404, 416]
[-446, -72, 447, -255, -397, 678, -481, 36, -230, -768, -135, -359, 524, 712, 248, 398, 531, 85, -49, 940, -178, 599, -121, 624, -748, -17, 649, 56, 352, -1075, 437, 146, -847, -35, 391, -204, 335, -446, 1420, 190, -1186, -285, 346, 755, 702, 357, -523, 422, -266, 104, -147, 288, 427, -123, 15, -472, 0, -395, 323, 552, 550, -62, -155, -14, 153, -276, 538, 334, -265, -790, 476, -731, -6, -52, 457, 90, 305, -302, -131, 550, 259, -105, 148, -242, 545, -629, -601, -283, 88, -108, -61, 771, 471, -711, 956, 599, -376, -65, 423, -1147]
[136, -729, -510, 169, -440, 269, -191, 84, -227, 121, -492, 689, 600, -365, -543, 123, 339, 30, -1062, 1122, -718, 131, -26, 563, 90, -353, -348, -224, -726, -766, 197, 100, -1051, 174, -1381, -216, -437, -28, 200, 411, 361, -64, 682, -850, 9, 311, -659, 393, -344, 706, 263, -468, -116, -111, 64, 53, 16, -40, -105, -39, 188, -399, -33, 947, -717, -211, -661, -630, 1038, 432, -414, -197, 358, -926, -685, -555, 665, -233, 492, -797, 233, -434, 698, -114, 554, 392, 491, 325, -15, 945, 341, 531, -433, -177, -47, -127, 44, 0, 36, -1260]
[-541, 397, 433, -234, 599, -396, -219, 149, 138, -905, -550, -40, 148, -50, 927, 192, 738, -670, -329, -751, -440, 80, 222, -542, 416, 811, -246, 355, 617, -24, 139, -1136, -296, 274, 595, 71, -307, 73, 22, -416, 182, -1053, 44, 105, -128, -240, -538, -632, -421, 236, 1479, -233, 443, -336, 305, 435, -344, -194, -268, -274, 778, 587, 257, -584, 288, -657, -468, 894, -156, 121, 1010, 426, -737, -34, -676, -291, 260, 549, -115, -357, -573, -51, -728, -507, -115, -458, -881, -362, 328, -117, 150, -121, 159, -164, 167, 472, 400, -310, -493, -278]
[-1076, -875, -45, -39, 56, 350, 268, 98, -1421, -795, 221, 11, 233, -524, 569, 98, 194, -187, -520, -316, 660, -446, 425, -108, -375, -367, 76, -247, 152, -654, 310, -28, 106, 428, -1484, 439, 371, 7, 545, -810, 467, -910, -418, -468, 803, -611, 337, 596, 1256, 430, -123, 616, -497, -119, 81, -23, 786, 121, -382, -215, 37, -474, -141, 759, -70, -473, 341, 614, -52, -256, 771, -991, -24, 156, -279, 316, 679, -29, -78, -464, 251, 39, 367, 432, -449, 457, -166, -11, 114, -791, 89, 66, -442, 162, 1014, 61, 437, -4, 424, 211]
[443, 243, 78, -655, 479, -22, 349, -395, 303, -311, 3, 42, 509, 195, 803, -576, -160, -99, -505, 1356, 448, 151, 72, 39, -353, 447, 301, 453, -89, -895, 77, 496, -396, -118, -484, 245, 670, -732, -36, -70, 413, -142, -253, -198, 0, 1, -228, -146, -440, 108, 283, 237, 234, 252, -101, 504, -848, -153, 232, 6, -159, -357, 923, 368, -161, 5, 95, -77, -307, -326, 787, 158, 916, 309, 417, -578, 765, -53, -239, 675, 573, 231, 86, 719, -177, 571, -877, -1048, 447, 649, 14, 221, 172, -71, 639, 358, -163, -131, -391, -192]
[354, -91, 220, -115, -373, 672, 388, -626, -604, 173, -109, 1080, 287, -139, -677, 493, -31, -348, 708, 795, 340, 580, 604, 88, -641, -324, 138, 372, -222, -32, 790, -196, 286, 502, -618, -247, 0, 11, 149, 835, -703, -172, -450, 5, 1053, 508, -22, 222, 682, 84, -105, -400, -1088, -1463, 422, -247, 1060, 859, 618, 50, -453, -304, -439, 213, 427, -124, 469, -158, -98, -178, -995, -37, -66, 353, 268, 392, 105, 652, -404, 94, -710, -466, 496, 470, 380, -92, 30, -312, -563, 137, -186, -338, -80, 8, 166, 556, 312, 157, -546, -561]
[-14, -196, -20, -641, -266, -364, -361, -912, 3, -727, -458, -245, -841, -111, 72, 886, 716, 265, -182, 325, -193, -385, 329, 811, 271, 823, -6, -178, -183, -429, 74, -80, -615, -249, 1126, -228, -145, 384, -383, -315, -780, 254, 307, 198, 564, 81, 505, 344, -407, 143, 927, -189, 151, -98, -906, -269, 3, -474, -192, 184, 1047, 858, 565, -1088, -338, -253, 490, -143, 433, -188, -342, 57, 199, 592, -443, 469, -243, -531, -1079, 135, 825, -330, -796, 1015, 222, -300, -779, -403, 212, 49, -461, 383, -188, -677, -410, -251, -189, -522, -668, 30]
