[-285, 31, 19, 122, -202, -568, -247, -2, 85, 113, -170, -592, 568, 294, -475, -113, -351, -536, -363, -695, -50, -342, -512, 294, -127, 99, 108, -384, -131, -239, 403, -252, -100, -47, -245, 156, -228, 235, 158, 251, 191, -280, -281, -303, -59, 349, 487, 261, 399, 138, -12, 117, -277, 10, -162, 775, -396, 198, 30, 46, -875, -520, -391, -216, 404, -152, 317, -129, -81, 45, -432, -2, 958, 146, -243, -293, 537, -634, 605, -564, -431, -1306, 608, -33, 83, 165, -113, -220, 170, 830, -522, -557, 33, 748, -458, -9, 302, -218, 9, 123]
[-487, -147, 41, -72, -309, 126, 75, -1023, 160, 130, 12, 260, -509, -395, -403, -295, -519, -74, 340, 157, -263, 594, 577, 446, 237, -455, -91, -105, -311, 460, 51, 183, -232, 409, -818, -51, 122, 770, -477, 572, 335, -279, -196, 561, -87, 305, -223, -94, -419, -728, 165, 168, -93, 143, 624, 549, 78, 179, -68, 257, 610, 340, 260, -196, 60, -412, -561, -45, 102, -169, -503, 53, -240, 164, -21, -22, 155, 477, -349, 87, 734, -81, -240, -424, -103, -74, 474, 356, -37, -248, 735, 748, 457, 209, 370, -610, -838, 304, 569, -702]
[343, -54, 455, -191, 326, -240, 288, 350, 122, -318, -67, -416, 510, 497, 219, -70, 127, -304, -236, 198, 250, -217, 712, -278, -571, -7, 693, -512, 383, -558, 759, -421, 189, -391, 433, -466, 560, -771, 160, 331, 367, 339, 322, 183, -324, -65, -72, 847, 309, -310, 447, 228, 190, -151, -456, 371, -263, 25, 210, 52, 435, 96, 318, -346, 732, 43, 167, -240, -625, 276, -124, 377, 1335, -190, -161, 33, 372, -55, 60, -590, -249, -1036, -153, -924, 152, 100, -255, -428, 201, 547, -694, -53, -290, 562, -196, 633, 93, 218, -179, 374]
[-58, -700, 178, -43, 833, 290, -219, 600, -366, 159, 492, 274, 345, 96, -331, 125, -423, 550, 107, 411, 32, -200, -305, -140, 355, -361, 351, -541, 487, 332, -699, 228, 158, 449, 606, 235, 100, 123, 52, 44, -93, -247, -268, -278, 14, 369, 236, -1029, 560, -88, -150, -258, 542, 274, -106, -572, -27, -162, 204, -547, 7, 360, -969, 322, -584, 537, 607, 411, 151, 400, 486, 698, -238, 585, 109, -77, 428, 370, -97, 356, 267, 531, 110, 255, 24, -113, 174, -82, -81, 336, 248, -190, -453, -356, 182, 48, 757, -840, 409, -216]
[174, 167, 540, 173, 243, 277, 487, 599, -597, -418, -30, 165, 57, -202, 282, -26, 410, 58, 530, 314, 313, -36, 84, -607, -157, 151, -263, 484, 142, -333, 392, -238, -840, -929, 277, -473, 213, -229, 60, -468, -946, 950, 586, 198, -786, 124, -456, -77, 182, 513, -209, -79, -94, 338, 82, -109, 558, -51, 577, -671, 811, 477, 321, -281, -200, 286, 199, 1063, -271, 240, 115, -600, -254, -1054, 2, -29, -272, -344, -488, -56, 365, 590, -653, -280, -397, 555, -945, -452, -31, 36, -10, 104, -200, 115, -35, 167, 299, -338, -669, 266]
[-592, 673, -488, 582, -937, 229, -534, -391, -493, 336, -142, -627, -64, -415, -1124, -71, -589, -498, 511, -150, 136, 217, -374, 690, 456, 735, 615, 205, -392, 4, 369, 155, -237, -844, -874, 11, -279, 324, 142, -359, -184, -342, 176, -449, 13, 348, 46, 135, -613, -41, -728, -153, -824, -101, 109, 461, 843, -113, 183, 349, -482, -394, 301, 650, 282, -932, -590, -108, -184, -30, 34, -505, -88, -218, -84, -498, -111, -254, 442, -887, -74, -192, -167, 56, -143, 152, 388, -223, 507, 331, -341, 786, 757, 12, -103, 227, -341, 215, -6, 107]
[596, 602, -392, 108, -409, 716, -662, 669, -327, 51, 111, -395, 374, -88, 315, 49, 441, -159, -270, 80, 470, -273, 107, -826, -418, 483, 779, 490, 230, -828, 675, 217, -438, -821, 193, 72, 403, -174, 384, -206, 401, -200, 147, -546, -684, 272, 218, 265, -951, -240, -422, -357, -569, -128, -670, -8, -123, -740, -376, -60, -698, -880, 93, 581, 14, 4, -323, -49, -773, -556, 539, -299, 451, -585, -232, -226, 274, 170, -197, -48, -461, 792, 532, 300, 276, -468, -36, -448, 426, 464, -226, -62, -661, -102, -733, 122, -61, 49, -703, 605]
[-186, 88, 345, 467, 52, 726, -488, -160, -251, -11, 822, -220, 190, -774, -1107, 45, -746, 97, -13, 849, -539, 211, 181, 369, 691, 351, 36, 160, -72, 2, -401, 866, -574, -552, -887, -29, -563, 270, -474, -400, -285, 98, -294, -119, -499, 1072, 483, -910, -117, -479, -265, -1777, -100, 379, 667, 213, 86, 76, 357, -633, 595, -52, 145, -17, -790, 44, -683, 705, -219, -10, 28, -126, -1221, -178, 585, -314, 216, -74, -8, 623, 634, 1779, -351, 35, -191, -58, 26, 158, -205, 231, 535, 543, 22, -553, 121, -134, -1050, 0, 440, -347]
[53, 56, -305, -379, 62, 299, -268, 518, 776, -355, 241, 230, 404, 192, 278, 16, -303, -42, 157, 148, -48, -529, 244, -27, 451, 698, 655, 212, -127, -315, 623, 482, -794, 18, 302, 101, -140, -1136, -273, -184, -181, -90, 341, -147, -850, 751, -293, 173, 252, -594, -304, -938, -428, 704, -234, 835, 213, -357, 55, -434, 454, -274, 77, 54, 225, 710, -307, 210, -594, -153, -215, -112, 254, -373, -409, -425, -248, -139, -604, 93, -311, -66, -239, -196, 254, 500, -599, -937, 46, 428, -275, 234, -653, 432, -522, -20, -149, 156, 506, -49]
[-51, 605, 22, -506, 1029, 416, -596, -442, 396, -320, -46, -187, 462, 219, -567, -178, -598, 369, -277, 344, -181, -620, 292, -145, -29, -348, 507, -666, 276, -329, 251, 598, -189, 49, -301, 33, 107, -211, -381, -44, 227, 255, -5, -259, -276, 440, 281, -195, 634, -455, -856, -788, -320, -359, -42, 1215, -4, -546, 496, 357, 52, -291, 60, 207, 273, 787, -191, 71, -552, 69, -563, 40, 675, 438, -44, -491, 718, 122, -84, 16, 18, 257, -222, -803, -129, 195, 624, -468, -88, 1433, 809, 593, -305, -319, -777, 104, -178, 110, 1049, -86]
[-569, -30, 328, 806, -491, 24, -19, 370, 199, 241, 346, -375, 80, -55, 295, -292, -307, -5, -632, -153, 840, 147, -37, 922, 204, 782, 418, 390, -141, -466, -426, 168, -222, -1036, -190, 73, -126, -1029, 194, -184, -879, -53, 411, -326, -213, 586, -124, 719, 575, 145, 495, -670, -908, -49, 4, -203, 485, 168, 235, -287, 773, -333, 229, -116, 84, -567, -712, -200, -488, 445, -73, -42, 15, -512, 900, -123, -413, -643, 733, 251, -6, -16, 282, -183, 348, 456, -968, -525, 439, -513, -963, -100, 154, 193, 135, 851, -487, 692, -575, 596]
[655, 760, -363, -93, 50, 95, -160, -269, 431, 263, -271, -110, 558, -461, 592, 325, 125, 66, -572, 138, -999, -48, 129, -41, 486, 1069, -288, 946, -332, -46, -330, 947, -737, 280, 78, 510, -121, 142, -482, -585, -561, 30, -143, -568, 149, -388, -667, -191, -63, 357, -652, -1026, -89, 129, -9, 822, 14, -191, 209, 79, -977, -723, -159, -332, -122, -104, -756, 112, -2, -707, 78, -457, -39, -61, 396, -252, -341, -568, 613, 157, -336, 537, 329, 303, 52, -170, 614, 212, -863, -265, 295, 229, 101, -710, -161, 684, -36, -230, 215, 18]
[493, 247, 164, -384, 535, 235, -900, 273, 99, 951, -242, -283, 326, -547, 432, 246, 131, -201, -30, 202, 107, -145, -435, -602, -68, 688, -431, 330, -8, -68, -75, 220, -460, 14, 561, 592, -184, -33, 45, -1036, -37, 56, -430, -974, 727, -163, 680, -68, 334, 45, -1041, -595, -70, -196, -29, 497, -477, -326, 318, -71, -1180, -195, -782, -381, -682, 138, 380, 94, -236, -548, 610, -679, -602, 368, -316, -439, -777, 52, 688, 118, 110, 490, 448, -40, -242, -390, 255, -363, -351, 417, 134, -60, 55, -732, 84, 313, -221, -978, -442, 414]
[-313, -809, 942, 134, -35, 935, -380, 1066, -421, 319, 1027, -462, -250, 81, -124, 93, 225, -238, 902, -17, 166, 130, 116, 192, 6, -205, 363, -613, 471, 440, 167, -984, 793, -188, 246, 7, 773, -154, 295, -240, -6, 154, -64, 54, -112, 175, 63, 210, -543, 94, -588, 86, 433, 649, -264, -960, -56, -59, 692, -31, -167, 638, -887, 308, -233, -619, 449, -84, -374, -170, 1427, 357, -310, 270, -263, -160, -384, 810, -147, -119, 635, 257, 662, -152, -34, -207, 40, -817, -26, -262, 102, 135, -60, -539, 834, 605, 560, -486, -472, 333]
[654, 588, -548, 395, 246, 39, 408, -578, -541, -293, -207, -166, -74, 269, 219, -245, 705, 776, -199, -432, -106, 587, -796, -378, -403, -789, -332, 836, -236, 230, -1228, 22, -468, -176, 284, -475, 104, 624, -219, 479, -478, 231, -337, 111, 76, -360, -54, -422, -48, 1184, 504, 825, 2, 38, 105, -539, 760, 367, 278, 433, -330, -407, -203, 10, -872, 643, 401, -360, 169, 267, -493, 341, -252, 373, 77, -73, 744, -113, 278, 460, -188, 388, -35, 111, -686, 176, 313, 456, 134, -423, 308, -133, -61, -173, -593, -102, 430, -636, 95, 174]
[-580, 119, -432, -438, -767, -319, 202, -681, 43, 395, -987, 399, -671, -290, -701, 664, -58, -109, 398, 112, -389, 175, -279, 398, 251, -296, -140, -242, -445, 668, 30, 494, 582, 1268, -490, 451, -27, 335, -374, 21, 62, -529, -491, 962, 912, -422, -460, -581, -649, 394, 33, 229, 205, 472, 27, -550, -208, -11, -947, -194, 128, 131, 388, 384, 192, 602, -14, -220, 1642, 122, 169, -81, -647, -90, 159, 274, -400, 431, -472, -345, -137, 344, -1078, 788, -359, 35, -533, 495, 397, -652, 321, -28, 674, 297, -49, -1144, -185, 280, 209, -1046]
[91, -1000, 569, -99, 354, -644, 267, 496, -352, -29, 8, -69, 167, 886, 457, 348, 281, 105, -305, -588, -817, 600, 193, 298, 78, -121, 403, -410, 399, 63, 182, -599, 42, -70, 271, -84, 343, 1178, -15, 958, 126, -224, -689, 237, 522, -235, -198, 95, -137, -311, 759, 701, 266, 182, -179, -245, -349, 842, -154, 363, -171, 375, -348, -317, 258, -893, 493, -257, -228, -199, 387, 734, 1182, 297, -241, -60, -107, -108, -274, -366, 40, -407, 1122, -107, 267, -119, 1089, 697, -933, -158, -96, -613, -258, -537, 321, 528, 517, -633, 554, -71]
[-317, -387, 31, -101, -15, -37, -531, 245, 451, 82, 370, 264, -916, 477, 1180, -323, 327, 156, 251, -935, 188, 574, -601, 144, 482, 13, -525, 874, -293, 236, -298, 203, -191, 239, 311, 545, -358, 702, 376, 482, 243, -152, -266, 451, -255, 433, -822, 57, -243, 254, -112, 325, -953, 405, 185, 272, -28, -252, -227, 283, 210, 335, -981, -19, 247, -58, 203, 389, -24, -9, 102, -73, -645, -100, 64, 367, -651, 343, -663, 712, 287, 702, 738, 1038, 521, 255, 48, -254, -1036, -550, 573, -832, -762, -131, 565, -193, 104, -520, 158, -412]
[-1155, -570, 650, 912, -686, -265, 455, 832, 451, 83, 647, -75, -77, -48, -671, 171, 23, -407, -173, -311, 34, -666, -130, 1049, 198, 330, -1020, -414, -287, 333, -332, -1612, 388, -493, -339, 359, -17, -263, 285, -692, -391, 713, 533, -652, -163, 829, 231, 434, 820, 343, 167, 124, 383, -18, 675, -51, 2, -71, 36, -405, 110, 393, -423, 344, -440, -1202, -388, 230, 276, -417, -288, -643, -416, -787, 434, -108, -52, -1014, 959, 491, 39, -847, 607, 491, -65, 83, -849, -116, 647, 64, -469, -368, 844, -58, 98, 234, 410, 655, -967, 227]
[273, 204, -488, 831, 51, 527, 226, 299, -333, -320, -35, -464, -529, 291, -88, -819, 696, 45, 581, -378, 392, 141, 140, 241, 117, -588, -18, 437, -841, 550, -529, -460, 727, -629, -37, -989, -212, -480, 633, -202, 55, 250, 758, 261, 329, -364, -746, 264, -627, 389, 101, 754, 380, -696, 307, -1426, 842, -210, 247, 518, 629, 360, 475, 222, 310, -9, 1128, 101, 290, 926, -124, 121, -715, -288, -268, -1, 362, 483, -145, 87, 124, 69, -816, 450, -302, 375, -222, -570, 481, -850, -463, 318, 236, 348, 1030, 821, 145, 326, -456, -65]
[90, -22, 309, -376, -547, -73, 64, 338, 241, 221, -15, 571, -149, -77, 810, -176, 324, -534, 37, 279, 1066, -269, 1, -571, -582, -447, -458, -48, 546, -867, 803, 166, 64, 169, 537, 357, 236, -761, 226, -490, -58, 1, 647, -27, -706, -645, 40, 250, 863, -613, -760, 293, -665, 453, -151, -109, 458, -578, -701, -618, 91, -385, 202, -412, -653, 712, -365, 218, 348, -363, -27, -861, -276, -219, 290, 187, -375, 196, -572, -142, -126, 134, 209, -452, 138, 123, -1545, -532, 611, 136, 484, -41, -258, -242, -598, -552, -306, 111, -329, 580]
[994, 608, 357, -409, -625, -527, -169, -1310, 704, 774, -893, -1208, 164, -64, 285, -138, 190, -381, -581, -257, 634, 547, -131, -173, -745, -345, -821, 1124, -142, -656, -562, 461, 134, 571, 264, 183, 88, 662, -107, 699, 632, -737, -768, -27, 40, -706, -48, 381, 203, 354, 165, 810, -574, -200, 148, 298, 96, 133, 415, 651, -755, -1088, -215, -598, -91, 410, -133, -704, 402, 265, -664, 223, 165, 613, 511, 246, -61, -63, 760, -773, -674, -71, 233, -597, -217, 14, -272, 13, 113, 48, 423, -1077, 75, 187, -198, 121, -425, 146, -202, 429]
[221, -116, 535, 480, 242, 93, 272, -12, -1250, -236, 1304, -18, -178, 530, -929, -821, -148, 130, 539, 458, 670, 503, -138, -133, -493, -1024, 199, -428, 418, 168, -375, -259, 480, -1150, 393, -1004, 163, -220, 463, -217, 144, 802, 813, 198, -745, 160, -320, 605, 646, -76, -455, 16, -241, 162, 221, 323, 1177, -433, 1071, 576, 697, 855, 76, 26, -487, -627, -115, 5, -181, 811, -812, 341, -231, 330, 167, 1099, 869, -210, 329, 23, 597, 64, -430, -483, 176, -94, -115, -536, 366, 701, 256, 1312, -348, -476, 55, 564, -152, -377, -91, 271]
[135, -446, 219, 676, -516, -527, -303, -106, 446, 828, 441, 605, -66, -560, 827, -189, 515, -612, -756, 243, 43, 51, 1115, 154, 174, 382, -710, 651, -273, -547, -431, 457, -373, -541, -249, 471, -395, 887, 110, -309, -535, -352, -105, -483, -339, -525, 95, -9, 209, -581, 493, -381, -189, -674, 156, -17, -462, 350, -721, -789, -359, -74, 45, -1437, -694, -251, -29, 453, -71, -309, -67, -936, -783, -326, 648, 199, -347, -207, 482, 1099, 1159, -45, 501, 17, 530, -461, -513, 505, -648, -465, 656, -307, -102, -523, 663, 585, -197, 274, -1189, -75]
[-723, -1, 262, 739, -723, 165, 455, -82, -635, 208, -108, 318, -483, -595, 121, -345, -524, -355, 1632, -770, 1, -407, -1058, 489, 283, 554, -897, 132, -185, 395, 761, -87, -42, -181, -628, -227, -797, 154, 680, -704, -445, 423, 659, 118, 464, -173, 330, -242, 167, 573, -826, -14, 4, 25, 860, 526, -264, -289, 720, 272, -610, 789, -545, 13, 813, -992, 5, 694, -156, 133, 735, -875, 6, -374, -259, -56, -845, 55, 290, -871, 456, -1095, 460, 251, 194, 115, 449, 110, -424, -602, -475, -541, 671, 1204, 737, -478, 150, -566, -831, 139]
[-225, 584, -229, -869, 1307, -400, -708, -759, -16, 559, -341, -270, 449, -646, 535, 90, -769, -440, -345, 319, -162, 522, -632, -547, -383, 670, 484, -305, 196, 159, -87, 662, -780, 1123, 474, 772, 118, -347, 311, -358, 211, -303, 114, 92, 344, 404, -758, -314, 341, 211, -82, 213, -883, 310, -308, 1110, -700, -65, -284, -519, -130, -311, -539, -671, 120, 220, 208, -72, -50, 317, 67, 366, 677, 751, 182, -338, 561, 499, 171, -624, -712, -551, -298, -269, 144, 156, 529, 285, -386, 326, -141, 311, 106, 562, 53, -225, -448, -423, 759, 126]
[239, -340, 673, 282, 328, 38, 417, 362, -484, -388, 442, 339, 98, -867, 108, 224, -700, -181, 450, 704, -886, 654, -439, -38, 327, 475, -235, 523, 506, -100, -1028, 506, -1596, -302, -261, -153, -700, -11, -282, 126, -812, -317, 108, -314, -304, 364, -3, -752, 490, -57, 167, -631, 671, 1333, 633, -31, 543, 567, -164, -989, 391, 226, -511, -605, -1261, -89, -441, 330, 4, -106, 362, 254, -672, 384, -233, -119, -672, -248, -519, -412, -513, 613, -29, -368, -295, 59, 89, 582, -360, -810, -119, 125, -191, 305, 548, -583, -609, -202, 654, 58]
[844, 935, 136, 116, -275, -259, -108, -230, -206, -426, -200, -779, 371, 470, -424, 232, -113, -369, -855, -928, -1330, 347, -233, 143, -815, 129, -1328, 686, -333, -107, -387, 132, -1177, -361, -483, -211, -296, 1467, -104, 330, 452, -288, -305, -272, -308, 551, -558, 73, -302, 288, -296, -259, -904, 574, 308, 1753, 89, -330, -379, 557, -795, -187, 22, -382, -203, -43, -337, -48, 217, -135, -552, -379, 352, 136, -86, -27, 396, -1078, -147, -287, -1081, 891, 245, 894, 98, -125, 882, 79, -745, 910, 1142, -673, -48, -6, -737, -313, -880, 278, 512, -232]
[-222, 31, -525, -871, -356, 58, 572, 532, 715, -1969, 807, 438, -170, 551, 541, -264, 802, -106, 521, -587, -38, -1357, 221, -937, -89, 64, -258, 546, 253, -799, 1524, -654, 325, 81, 320, -97, -275, -279, 159, 165, 306, -2, 510, 471, -1851, -104, 132, 28, -668, -55, -82, 896, 311, 684, -1058, -386, 21, 373, -583, -369, 58, -30, 312, 248, 527, 217, -106, 325, -571, -1093, 336, -895, -330, -1153, -679, 482, -193, -247, -958, -287, -20, -646, 68, -157, 620, 628, -1172, -305, -618, 221, -10, -606, -852, 211, -544, -649, 1611, 336, -414, 196]
[-520, -127, 674, -268, 492, 431, 5, 345, 4, 340, 177, -150, 419, -398, 811, -215, -188, 242, -227, -393, 329, 638, 9, 37, 84, -161, 605, -446, 14, 125, -343, 110, -924, 142, -360, -80, 297, -315, -208, 549, -122, 558, -809, 655, -441, 799, 454, -960, -219, 294, 557, -687, -87, 138, -62, -607, -1395, 429, 580, -979, 494, -1218, -366, -424, 116, 403, 648, 938, -592, -136, 108, 475, 772, 43, 369, -719, 523, 749, -324, 889, 142, 800, 816, -456, -104, 18, -413, -439, 441, -364, -577, -541, -438, 638, 199, -343, -294, -531, 115, 43]
[-53, -252, -411, 700, -197, 889, 117, 235, -676, -162, 193, -95, -64, -846, -690, -287, -565, -218, -37, 243, -691, -325, 403, 104, 453, -88, 806, 629, -139, 344, -346, 301, -256, -157, -453, -32, 450, 732, -346, 365, -378, -670, -243, -179, -684, 856, -653, -161, -771, -565, 413, -703, 982, 902, -238, -187, 559, 404, 209, 303, -505, 334, -353, 156, -295, -720, -249, -421, 45, -422, 48, 780, -411, 47, -266, 666, -152, 9, 374, 280, 462, 230, -249, 527, 166, -491, 668, 234, 64, -265, -65, 1019, -148, -173, 462, 258, 484, 247, -27, -745]
[209, 196, -535, 712, 393, 7, -125, 110, 17, 456, -258, -1220, 125, -928, -1266, 647, -285, -756, -344, 304, -929, -24, -17, 302, -55, 711, 441, 290, -410, 1050, -1010, -84, 766, -152, -844, 128, -210, -480, 811, -209, 436, 20, -388, 230, 653, 463, -204, -816, -818, 431, 492, -253, 1088, 42, 491, -435, -243, 341, -468, -230, -315, -576, -460, 388, -432, -324, -26, -708, 532, 37, 23, 214, -382, 331, 141, -133, 198, 233, 506, -242, -515, 222, -598, 620, -532, -80, 541, 1030, 186, -582, -697, -1, 450, 262, 648, 299, -532, 409, -559, -728]
[-137, 669, -559, 524, -997, 218, -543, -442, -196, 820, -840, 247, -493, 176, -417, -527, 243, 108, -271, -675, 134, 284, 43, 581, 55, -198, 141, 203, -421, -228, -17, 720, 224, 89, -1273, 319, 259, 402, -590, 520, -897, -822, 546, -96, 401, -1117, -204, 238, -365, 463, -1028, 604, -691, 146, -184, 448, 1075, -352, -1004, 821, -631, -725, 31, -193, -115, 200, -975, -637, 574, -418, -549, -354, 605, 590, -653, -766, -92, 171, -324, -701, 456, -612, 613, -38, -437, 272, -305, 63, -165, -609, 786, 574, 637, 733, -80, -496, -382, -288, 361, -76]
[314, -475, -99, 208, -159, 299, 319, -436, -353, 586, 286, 245, -364, -1185, -748, 225, -835, -82, 130, 844, -209, 104, 627, -600, -594, 490, -1139, -18, 814, -421, -1126, -523, -148, 383, -254, -22, 112, 557, -888, 419, 378, -387, -566, -39, -238, 732, 1112, -742, -126, -298, 1495, -32, 1399, 2, 98, -371, -921, 741, -560, -380, 264, 569, 89, -196, -1512, 15, -456, -221, -118, 81, -50, 306, -1739, 100, -486, 133, -450, 889, 264, 633, 405, 884, -906, -167, -115, -779, 1, 780, 71, -5, 244, -311, 453, 304, 113, -1535, -812, 713, -248, -143]
[-162, -365, -400, -1063, 649, 476, 188, -688, 151, -1026, 224, 435, -803, 832, -34, 637, 158, 877, 702, 129, -88, 109, -859, -589, -3, -1076, 436, -608, 177, 721, 856, -935, 728, 191, 278, -383, 602, -601, -433, 66, 290, 667, -379, 725, 209, -173, -247, 460, -631, 102, 451, 395, 108, 550, 362, -219, 554, 496, 883, 597, 768, 360, 259, 708, 39, 549, 49, -727, 24, -587, -129, 719, 758, 171, -582, 450, -365, -359, -1047, 479, -73, 46, -3, -520, -447, 415, 778, 671, 252, 149, 138, 676, -554, -1033, -341, -351, 406, 161, 808, -20]
[-257, -8, 244, -190, 508, 36, -138, 347, 621, -384, -115, 869, -538, 361, 583, 452, 220, 33, -263, -704, -159, -5, 112, 131, -642, -284, -196, -712, -65, 924, -376, -807, 272, 162, -175, 52, 50, 692, 136, 238, 134, 259, -78, 63, -36, 254, 467, 396, -182, 4, 18, 628, -274, -336, -13, 140, -549, -24, -135, 63, 111, 878, 206, 671, 93, -138, 421, -720, -128, 71, -65, -162, 327, 847, -611, -35, -179, 277, -822, 805, 82, -233, 428, 454, -375, -124, 973, 94, -411, 172, 879, 487, 420, -642, -329, -728, -236, 899, 568, -258]
[3, -437, -881, 1153, -1001, -250, -59, 172, -360, 949, -585, 751, 750, -328, 517, -84, -385, -972, 464, -1033, -121, -36, 567, 677, 1093, 676, 391, 318, -161, 16, 1364, 596, -538, 207, -375, 451, -42, 1067, 254, -21, -376, -803, -193, -424, -315, -271, -533, -1118, -734, -701, -621, 336, -506, 432, 258, 383, 298, -135, -823, -260, -1424, -1291, 199, -120, 647, -589, -138, 847, 25, -355, 201, -960, 563, -329, -73, -1007, -67, 359, -926, -380, 16, -865, 1156, 307, 267, 515, -213, 299, -62, -787, 321, 13, 176, 405, -441, -432, 294, -46, 96, -477]
[-805, 811, 367, -253, 1025, 161, -384, -1157, -123, -535, -177, -495, 66, -432, 248, -687, 241, 583, -670, -466, -80, 291, -874, -71, 349, -596, -73, -134, 64, 996, -148, 297, -231, 1033, -190, 108, 403, 1054, -149, -18, -24, 411, -699, -493, 222, 131, -365, -726, 102, 808, -509, 199, -289, 421, -131, 17, -424, 347, 393, 611, -502, -474, -599, -287, 227, 149, 680, 518, -187, -227, 124, 568, 145, 842, 568, -378, 1044, 126, 450, 603, 131, -510, 468, -181, -104, 219, 531, 159, -193, -389, 265, -173, 615, 47, 313, -120, 805, -733, 685, -77]
[1192, -516, 378, 423, 558, -352, 364, 84, 222, -107, -190, 113, 533, 673, 202, 168, 189, 467, -1180, 478, -161, -649, 1219, -603, 47, -243, -511, 109, -251, -415, -343, 291, -54, -21, 402, 174, 87, 500, 42, 250, -76, 869, 616, 368, -712, -33, -225, 51, 822, -64, -78, -309, 468, -1238, 662, 598, -298, -81, 766, -121, 394, 1095, -23, 9, 444, -334, -243, 482, -70, 256, -866, 176, -19, -783, 860, 620, 645, -658, 83, 563, 488, 965, -309, 763, -6, -683, 662, 607, -1418, 830, 951, -630, -657, -145, 189, 536, 348, -234, -917, -379]
[251, 34, -348, -16, -109, 193, 77, -17, 171, -398, 72, -1269, 368, 389, -660, -113, -4, 522, -373, -161, -323, -175, 52, -10, -252, 60, 1045, 44, 1, 447, -127, 242, -618, -320, -187, -144, -246, 380, 346, 347, 348, -100, -736, 356, 183, 1030, 965, -516, -481, -52, 16, -395, -206, 945, 407, -148, -371, 357, -177, 9, -418, -36, -709, 506, -438, 690, 143, -595, -580, 8, 572, 181, 95, 282, -383, -469, 707, 63, -567, 38, 281, 936, 216, 398, 312, 20, 453, -54, 55, 338, -156, -1038, -545, 824, -535, -575, 192, -981, -279, -419]
[836, 490, -458, 106, -884, 398, 1244, -22, -9, -13, 313, 582, 58, -877, 818, -317, 257, -670, 211, -528, -936, -96, 161, -492, -406, -340, -1384, 715, -327, 294, -419, -552, -826, 134, -308, -37, -495, 19, -329, -413, -580, 752, 374, 390, -195, -50, 431, 343, -184, 369, -346, -795, 636, 269, 628, 648, -734, 43, 801, 207, -1217, -687, -254, -463, -867, -588, -552, 543, 130, -971, -690, -745, -99, -267, -1178, 101, 127, -410, 153, 1005, 81, 702, 656, 640, -208, -405, 609, -32, -466, -524, 295, 277, -36, 124, 184, -685, -370, -287, -82, -219]
[1146, 144, 537, -171, 2, -354, -349, -551, -413, -337, 321, -923, 1000, 318, -110, 20, 180, 120, 111, 215, 123, -425, -580, -780, -357, -221, -927, 537, 656, -720, 276, 1243, -315, -17, 589, 73, -679, 722, -458, 818, -45, -84, -1262, -529, -539, -514, 552, -167, 720, 618, -384, -888, 119, 122, -380, 783, -612, 21, 192, 77, -1073, -372, -174, -935, -146, 972, -199, 335, -13, 338, 140, -373, -280, -310, 528, 295, 700, -900, 861, -567, -373, 368, 288, -214, 173, 310, -42, -414, -425, 777, 527, -1038, -552, 9, -1553, 222, -306, -814, 6, 387]
[-634, 329, 931, -353, 695, -580, -469, 130, 134, -356, -850, -204, -284, -459, -1134, 534, -681, 96, -487, 779, 96, -613, -484, -70, 232, -624, 222, -198, 701, -565, -240, 624, -8, -38, -563, 1027, -58, 1138, -713, 1063, -178, 29, -631, -130, 202, 1196, 808, -794, 361, 383, 739, -378, 902, -118, 84, 925, -515, 272, -202, -207, 275, -221, -262, 31, 468, 288, -494, 219, 629, -144, -178, 676, 476, -468, 222, -342, 459, -389, 332, -465, -240, 667, -438, -167, -1153, 274, 391, 1363, -219, 898, 299, -809, 13, 30, -667, -596, 87, -587, 550, -356]
[-175, -971, 6, 81, 85, -1057, -438, -168, -467, 143, 1080, -212, 492, 457, -835, 35, -297, 577, -861, 173, 571, 33, -1086, 331, -281, -198, -1097, -587, 62, 116, -732, -126, 775, 600, 170, 526, -1235, 226, 1077, 89, 63, -450, 224, 52, -358, -246, 799, -240, 862, 576, 441, 235, -791, 460, -323, -929, -427, 1045, -616, -815, -141, 897, -373, -672, -483, -87, 463, 434, 931, 976, 87, 393, -285, 763, 902, 1362, 397, -965, 99, -115, 252, -19, 279, 1214, 1257, 159, -448, 558, -1127, 555, -409, -1206, -183, 669, 637, -420, 619, -310, -130, 180]
[-979, -383, -467, 329, -471, -111, 665, -266, 529, 83, -200, 398, -733, -365, -488, -177, 88, 548, 361, -65, -49, -546, -162, 837, 605, -345, -885, 177, -473, 261, 266, -802, 807, 785, -546, 470, -652, 203, 499, -387, 662, 358, 235, 53, 67, -190, 1071, -606, -116, -545, 39, 763, 570, 8, 742, -228, 280, -109, -865, 669, -30, 578, -190, 530, -105, -783, -909, -196, 465, -948, -393, -170, -642, 483, 228, 682, 274, 463, 261, 137, 173, -959, 404, 89, 324, -458, 87, 1321, 65, 134, 0, 144, 989, 84, 84, -926, 462, 280, 402, -256]
[231, 1579, -579, 340, -9, 104, -205, -65, 239, 211, -997, -91, 31, -452, 270, 27, 495, 280, -729, -50, 345, -383, -149, -588, -64, 319, 527, 197, -415, -174, 691, 236, 403, 164, 586, 180, 545, -554, 791, -681, 1073, 965, 457, -485, 678, -79, 352, 69, -178, 73, -730, -278, 143, -716, -219, 628, -131, -949, -626, 866, -564, -429, -162, 895, 1110, -129, -9, 162, -147, -269, 547, -500, -313, -490, 1225, -89, -419, 670, 724, 368, -108, 203, -922, 486, -320, -628, 557, 94, 190, 167, -746, -51, 277, -215, 4, -399, -233, -571, -681, -370]
[479, -336, 430, 62, 398, 120, -321, 120, -10, -327, -171, -254, 300, 180, 88, 99, -321, 194, -427, 75, 720, -229, 44, -660, -655, -1344, 624, -200, 465, -766, 365, -30, -378, -312, 448, 53, 597, 79, 366, 968, 768, -452, -257, -203, 27, -136, 534, 267, -447, -212, 464, 209, 562, 65, -149, 627, -555, -285, -59, -277, -485, 551, -1130, -83, 478, 629, 810, 466, -554, 422, 938, 186, 903, -378, 136, -16, 78, 56, -376, -136, 493, -55, 293, -700, -195, -2, 180, -581, -110, 574, 144, -1516, -796, 980, 352, 8, 632, -678, -1192, -223]
[-662, -143, 304, -216, 240, 408, -294, 30, 866, -872, 694, 773, 217, 333, 778, 63, -377, 370, -155, 271, 561, -675, 269, 317, -18, 137, 196, -1413, 373, -152, 319, -4, 611, 278, -123, 157, -96, -1159, 0, -84, 467, 380, 172, 113, -211, -175, 1372, 385, 321, -156, -500, -416, 186, -439, -379, -93, -865, 225, -94, -649, 18, -286, 116, 478, 1184, 129, -181, -339, -753, 385, 527, -383, 376, 470, 826, -170, -484, 617, -424, 761, 49, -257, 888, -413, 254, 2, -499, -159, 229, -214, -535, 460, -63, 118, -507, -169, 136, 1123, 150, 207]
[198, 306, -375, -343, -263, 253, -678, 899, 491, -358, -275, -543, -908, 141, 80, 51, 289, -155, -17, 312, -239, 242, -237, 531, 1402, 282, 544, 772, -395, -646, -221, 132, 276, -273, 192, 3, -1430, -1807, 124, -668, 417, 186, 67, 215, 843, -102, 1187, -283, -527, -466, -533, -458, 426, 562, 41, -1014, 279, 528, -89, 394, 192, -394, 92, 282, -83, 379, 757, -519, -89, -480, 828, 761, -1215, 586, -617, -450, -1826, 790, -301, 329, -861, 1904, -295, 520, -460, -178, -206, 290, -224, -421, -1136, -189, -326, -443, 814, 300, 95, -557, 781, 62]
[659, -148, 800, -687, 806, -373, 620, 886, 168, -159, -1036, -148, 794, -72, 318, 1144, 231, 5, 150, -142, 715, -526, -156, -296, -948, -25, -660, -664, -383, 421, 657, -1104, 316, 54, 192, 91, 251, -644, 335, -779, -19, 1030, -198, 285, 576, -470, 852, -557, 76, -95, -72, 365, 905, -1102, 383, -493, -683, 44, 198, -985, 319, 140, 974, 26, 358, 369, 1355, 918, 403, 326, 41, -782, 540, -215, 310, -223, 51, -103, -557, -60, -524, 284, -73, 170, -837, 285, -730, 60, 702, 501, -286, -474, 444, 234, -99, -62, -193, 295, -511, 157]
[-499, -107, -447, -416, 479, 255, -501, 465, 509, 987, -404, 613, -1126, 286, -32, -83, -103, 583, -738, 259, -188, -518, 236, -86, 89, 262, 265, -734, 373, 481, -1753, 144, -266, -355, -186, 269, 100, -670, -110, -696, -189, -48, -298, -273, 375, 574, 523, -788, 928, 255, -208, -714, -113, -211, 351, -230, -394, -375, -348, 230, 173, -349, -701, 583, -1517, 1126, -75, -830, -47, -237, -335, 63, 24, 813, -511, -570, -438, 399, -412, 1417, 284, 1106, -58, 311, -286, -324, -314, -453, 682, 590, 386, -227, -600, -412, -659, -945, 195, 193, -398, -316]
[-343, -177, -1169, 7, -785, 633, -644, 825, -54, -312, 950, -3, -311, 259, -1254, 395, 226, -113, 432, 383, -784, -720, 188, -19, 101, 983, -35, -36, -530, -256, 366, -596, -49, -507, -1120, 274, -522, -1009, -596, -275, 424, -869, 145, -179, -797, 827, 133, 875, -1300, 4, 350, -600, -4, -162, -201, 335, 335, -741, -726, 37, 64, -232, 28, 849, 65, -382, -1562, -181, -105, -903, -442, 408, -363, -344, -967, 162, 649, -669, -266, -68, -893, -563, 480, 1086, 426, -696, -473, -147, 707, 140, -515, 717, -549, 579, -567, -209, -393, 1335, -148, 298]
[39, 297, -166, 123, 174, 1425, -197, 146, -270, -448, 311, 327, 659, -451, 191, -249, 389, 18, -121, 263, -389, -154, -727, 301, -223, -758, 919, 193, 715, 367, -309, 1137, 217, 6, 36, 165, 71, -856, 0, 11, -117, 55, -54, -513, 494, 252, 297, 128, 529, -213, -551, -1299, -308, 537, -443, -209, 37, -1209, 119, 343, -1048, -515, -541, 1236, -1237, 869, -588, -1043, -514, -656, 273, 312, -266, 847, 108, 365, -49, 522, 718, 485, -529, 857, 247, 64, 80, -650, 543, -931, 982, -540, 918, 494, -596, -913, -1128, 416, -737, -51, 407, 300]
[838, 891, 86, 246, 483, -440, -160, 246, 491, -842, 131, -513, 906, 371, -312, -247, 1189, -821, -269, 559, -716, 239, 331, -510, -446, 777, -138, 341, -60, -38, 580, -99, 789, -687, 388, -295, -663, -566, 195, 96, -588, 1434, 401, 77, -18, -865, 301, 1208, 628, 908, -214, -580, -28, -331, -578, 351, 44, 462, 378, -287, -386, 206, 343, -932, 30, 912, 480, 138, -462, 365, -654, -239, -212, 186, -542, -262, 9, -1075, 524, -95, 25, -668, -248, -150, -485, 710, 281, -338, -1153, 336, -213, 269, 96, -429, -240, 1401, -617, -897, 625, 386]
[215, 534, -1164, 664, -289, -219, -490, -815, -195, -606, 327, -301, 202, -30, 42, -410, -88, 12, -631, 125, 876, -340, -689, -263, 391, -511, 561, 252, -406, -1079, -541, 1099, -234, -23, 62, 602, -1195, 27, 137, 363, -62, -649, 66, -813, -385, -53, 1241, 498, 705, 96, -572, -397, -786, -261, -666, -140, 187, 322, -717, 359, -1187, -862, -555, 460, -401, 329, -285, -180, -374, 579, -961, 139, -1032, 263, 89, 216, 1290, 114, 617, 480, -635, -242, 646, 147, 469, -16, 481, -8, -44, 587, -383, 64, -183, 138, -802, -174, 555, 289, 892, 225]
[-647, -142, -288, -118, -389, 258, -410, -20, 719, 500, 104, 1002, -266, -31, 381, 176, -742, -272, 616, -697, -226, -30, 1053, 645, 75, 814, 170, -434, -584, 233, 192, -190, 9, -108, -210, -112, 523, 288, -23, 76, -220, -943, 313, -222, 182, -101, -237, 119, -149, -1086, -923, 479, -1154, -880, 183, 378, 10, -869, 36, -5, 20, -67, 319, 302, 290, -250, -264, 338, -497, -125, 149, -943, 314, -292, 72, -1061, -420, 650, -612, 408, 1169, -409, 1120, -18, -176, 377, 413, -780, 5, 144, 779, 724, 263, -213, -77, 338, -118, 802, 110, -248]
[-148, 427, 1248, -349, 772, -416, -257, 299, 522, 216, -554, -712, -308, -553, 716, -523, 492, -463, -966, -819, -555, 200, -749, 1098, 40, -817, -818, 275, -750, -704, -304, -271, 672, 119, -672, 730, -652, 355, -120, -774, 64, -162, -287, -307, 1058, -237, 842, 161, 16, 703, 223, -225, 232, 244, 94, -741, -886, 526, 57, 344, -394, -897, 249, -1147, -117, -263, 635, -214, 681, -139, 545, -457, -134, 679, 430, -123, -326, 107, 691, -282, 194, 323, 590, -911, -991, 426, -776, 214, -847, -765, 478, -479, 414, -712, 513, -117, -589, -364, 808, 762]
[1267, -65, 629, 457, 429, 802, -233, 194, -453, -266, -337, -701, 865, 331, -166, 152, -295, -325, 154, -169, -79, -190, 678, -117, -116, -268, 844, -69, 385, 137, 687, 422, 33, -653, 92, -204, 26, 1046, -130, 539, 393, 525, -583, -746, -261, -47, -89, 229, -98, -558, -167, -328, 796, 372, 735, 1075, 210, -541, 825, 630, -959, 488, -404, 491, 427, -100, -59, -54, -762, 102, -163, 657, 873, 246, -549, 212, 807, 20, -416, -135, -218, -6, 884, -407, 42, -503, 1634, 28, -47, 450, 788, -35, -165, -349, 174, 794, -2, -108, 789, -272]
[-1237, -298, -84, -217, -263, -73, 1079, 259, 51, 445, -364, 827, -298, -47, 753, -316, 113, 491, 676, -896, -676, -514, -134, 1033, 727, 833, -649, 224, -408, -352, 70, -417, -371, -204, -335, 329, -637, 316, -242, -888, -1196, 355, -117, -136, 191, 87, 265, -223, 931, 1024, -374, 116, -166, 320, -13, 391, 373, 153, 744, 503, -444, -304, -1101, -282, 251, -549, -714, 999, -291, -870, -253, -521, -27, -226, -9, 48, -1288, -685, 170, -201, 636, -945, 817, -238, 431, 155, -281, -236, -420, -179, -249, -618, -131, -244, 88, 348, 1733, -850, 184, 463]
[787, -99, 669, 195, 16, -230, 233, -246, 385, 275, 715, 60, -168, 95, 271, 695, 530, 585, 555, 690, -277, 386, 738, -243, -369, 717, -777, -202, 607, 564, -370, -424, 1093, 261, 1019, 200, 835, -666, 2, -437, 623, 836, -259, 390, 222, -268, -421, 568, -217, 1031, 940, -96, 359, -417, 308, 23, -1158, -744, 79, 606, 468, 847, 525, 302, -87, -412, -420, -482, -90, 839, 671, 247, 565, -6, 701, 578, 53, 360, 552, 637, 156, -187, 289, -67, 565, -482, 356, 562, -418, -722, 502, 15, 79, -501, -404, 45, -204, 1018, -564, 286]
[819, -372, -227, 323, 883, -1009, -303, -651, 536, -152, 408, -28, 757, 129, 322, 451, 403, -426, 73, 273, -682, -1401, 519, -991, 49, -75, 695, -834, 814, -284, 650, 177, 39, 462, 691, -132, -551, -1000, 303, -649, -119, 1121, -35, -308, -181, -374, 634, 470, 1386, -134, 99, -446, 383, -900, 491, 558, -1737, -179, -86, 162, -826, 692, 138, -234, 168, 1050, 1018, 323, -405, 828, 111, 228, 252, -204, -359, 53, 728, 190, -6, 595, 320, -763, -377, 375, 259, -42, 493, -278, -565, 293, -188, -379, -885, 563, -346, -246, 691, 111, -296, -224]
[304, 194, 824, 239, -48, -795, 105, 694, 726, -85, -530, -99, 78, -820, 475, -660, 91, -118, -1283, 359, 479, 180, 988, -469, -616, 450, -668, 556, 555, -1293, -311, -99, -72, -233, -31, -24, -179, 189, 410, 550, -139, -321, 359, -1149, 422, -526, 846, 902, 139, -3, 592, -41, 271, -954, -382, -298, -317, -103, -218, -293, -435, -293, 493, -1010, 520, -274, -348, 127, -475, -88, 347, 410, -29, -150, 557, 380, -222, -855, 783, -351, 79, -608, 655, -823, 900, -667, -476, 240, -188, -292, -293, -987, -238, 510, 532, 1064, 447, 456, -889, 1318]
[-407, 396, -271, -42, 6, 298, -567, 27, -251, 390, -387, 327, -641, 672, -159, 160, 689, 504, 549, -162, -237, -464, -709, 223, 875, -434, -945, -809, -373, 203, 393, 192, 136, -48, -573, -33, -1062, -1191, -920, -835, -707, 1327, -507, 251, 1216, -736, 438, 159, 496, 1008, -193, -1133, 221, -270, 269, -491, -631, 399, 711, 355, -116, -470, 1090, -49, 377, 524, 459, 513, 244, -339, 310, -292, 6, -837, -483, -846, -655, 115, 440, 611, -224, 516, -365, -588, -559, 543, -208, -608, -228, -433, -290, -521, 183, -541, -653, -534, -708, -153, 267, 350]
[424, -145, -248, 488, -205, 520, -611, 791, 85, 391, 937, -445, 126, 229, -633, 218, 59, -206, -252, -352, 451, -226, 175, 329, -610, 53, -144, 254, -51, -427, -584, -705, 1699, -368, -136, -711, 120, -1536, 5, 367, -156, -157, -117, 495, -874, -82, -472, 658, -616, 595, 669, -896, 211, 1, -931, -669, 374, -69, 422, 253, -92, -709, 53, -378, 506, 627, -446, -285, 305, 667, -405, 861, -511, 279, 258, 550, -291, 129, 561, 613, -259, 188, -243, 875, 345, 286, -588, -480, -8, 63, -932, 259, -316, -95, 388, 734, 45, 1072, -7, -30]
[-166, -535, -457, -634, -312, 546, -889, 511, -10, -450, -576, 133, -495, 70, -123, 97, -174, -32, 54, 114, 851, -142, -660, -197, 228, 186, 190, 427, -269, 670, 277, -17, -179, 299, 235, 443, 11, -294, 200, 395, -134, -830, -574, -157, 104, -18, -116, 584, -632, -314, -465, -133, -171, 278, -522, -792, 616, 583, -13, -249, 64, 571, -189, 713, 250, -9, 130, -292, -108, 582, 243, -93, -1097, -438, 19, -334, -1109, -807, -487, -496, 155, 521, -827, 486, -373, 45, -368, -950, 217, -288, -156, -354, 220, 330, 529, 438, 382, -125, -745, -327]
[-856, -109, 321, -245, 1313, 402, -264, -53, 272, -222, -737, 427, 116, 95, 764, 223, -40, -405, -118, -947, 535, -787, -238, 221, -562, -822, -68, -642, -777, 595, 382, -570, 57, 346, -477, 696, -71, -1615, -209, -363, -1061, 524, 436, 354, 145, -49, 568, 56, 1239, 1106, -117, -72, -588, -641, 175, 22, -849, -2, 939, -379, 476, 172, -557, -398, 305, 776, 1023, 26, -495, 161, -613, -113, 359, 789, -670, -644, 155, 118, -616, 647, -54, -1088, 1039, -518, -1110, 1352, -436, -665, 325, -393, 404, 54, 503, 435, 438, -517, -264, 333, -68, 55]
[154, -171, -534, -691, 524, -581, 240, 207, -113, 202, -689, 130, 564, 1018, 94, -110, -192, 134, -296, -164, 83, -77, -394, -150, -12, -270, 964, -1109, 370, 486, 187, 443, 495, 1416, 165, 172, 521, -53, -310, 459, 114, 481, 179, 947, 356, -176, -944, -759, 827, -921, -295, 649, 344, -204, -217, -761, -540, 183, -1113, -224, -292, -431, 785, 408, -184, 283, 1168, -549, 524, 185, -902, 606, 984, 293, -320, -710, 738, 414, -549, -310, -1198, 309, 264, 928, 231, 125, 226, -82, 524, 300, 69, 109, 266, -439, -905, -354, 477, -784, 1094, -289]
[480, 547, -850, -307, -136, 84, 287, -1050, 176, -320, -509, -24, 38, 268, 207, -114, -1396, 76, -55, -562, 134, 280, -740, -378, 137, -466, -70, 138, 87, 95, -135, 972, -314, 927, 465, 489, 569, 514, -1168, 939, 295, -748, -253, -350, -542, 199, -1139, -15, 979, 337, -107, 658, -70, 893, 451, 1279, 918, -178, 290, 410, -293, 208, -625, 235, -162, 537, -484, 176, 393, 369, -1168, 580, 119, 42, 385, 245, 669, -685, -157, -289, -156, -317, 344, 30, -192, 479, 109, -422, 400, 178, 1097, 178, -276, 226, -824, -611, 210, -636, 1094, -241]
[-68, 199, -296, 368, -575, 867, -746, 367, -174, 224, 217, 513, -626, -671, -251, 634, 429, -122, 431, 508, -1119, -282, 1045, 793, 124, 4, -187, -116, -887, 457, -13, 526, 599, -63, -1341, 374, 432, -69, -285, -901, 96, -710, 154, -58, 649, 393, 6, 416, -1092, 15, 183, -411, 937, -466, -306, -39, -734, -882, -832, 519, -110, 825, 751, 66, 887, -590, -632, -592, 197, -975, 690, 58, -269, -244, -517, -94, 272, 849, -25, -189, 332, -283, 94, 446, -85, -997, 633, 201, 10, -777, 681, 1056, 148, 186, 444, -565, -773, 795, -230, -479]
[-6, 403, 1, 1019, 448, 408, 434, -53, -1544, 713, -1472, 442, -23, -636, -223, -667, -430, -244, -449, -448, 778, 304, 22, -441, 133, -646, 131, 875, -833, -546, -534, 129, -327, -329, -564, -277, 569, 361, -167, 46, -560, 188, 376, -367, 121, -406, -866, -688, -223, 453, -514, 724, 315, -34, 396, -109, 638, -408, -35, 177, 223, -581, -56, 306, -291, -352, -400, 9, 602, -748, -900, -721, 244, -1209, -366, -315, -62, -78, 493, -68, -132, 374, 107, -774, -1167, 118, -274, 21, 584, -157, 207, 777, 821, 262, 264, -1010, -203, -223, -523, -638]
[-616, -101, 924, -450, -16, 131, -533, 324, 511, -555, 11, -588, -186, -229, -630, 186, -1067, -529, -65, -169, -346, 163, 328, 632, 1011, 223, 836, -1257, 833, 144, 224, 572, 1213, 486, -923, -44, 857, 124, -581, 435, 1053, -255, -653, 671, -583, 378, -283, -482, 151, -472, -1228, -373, 315, 24, -318, 336, 71, -30, 126, -27, 269, -736, 100, 378, 1375, -409, -694, 235, -151, 483, -190, 555, 965, 473, 446, -521, -89, 537, -479, -1379, -174, 16, -40, -462, -97, 71, -419, -606, -163, 432, 5, 516, 174, -269, 269, -253, -173, 93, 1273, -347]
[298, 745, -311, -414, 512, 375, -339, 261, -312, -389, -1052, -927, 137, -315, -9, -97, -39, 726, -154, -387, -321, -202, -367, -632, 174, 601, 465, 61, 96, -526, -2, 167, -1015, -929, 146, -454, -44, 344, 16, -210, 353, -40, -664, -1112, 585, -226, 606, 58, -617, 332, -911, 391, 1124, -675, -249, -145, -23, -715, -151, 656, -1233, -798, 356, 843, -19, -594, 211, -168, -113, -610, -30, -608, 292, -457, -482, -1027, 355, -332, 769, -707, -503, -453, 350, -550, -650, -298, 170, -493, 484, 386, -1042, 233, 208, -145, -170, -117, 1174, -280, 29, 251]
[-86, -71, -754, 28, -539, 403, -442, 195, 1051, 421, 883, 539, -505, -661, 692, -276, 919, 28, -68, 36, 354, -603, 110, 105, 363, 249, 406, 852, -325, 194, 217, -187, 1133, 125, 701, 61, -1058, -1588, 601, -972, -625, 63, 333, -309, -8, -862, -240, 1195, -768, -331, -523, -1082, -752, -164, 354, -706, 271, -459, 585, -58, -360, -82, -113, -46, -162, -365, 15, -253, -150, -80, 422, -135, -599, -160, -193, 377, -1045, -433, 36, 1005, 644, 154, 814, 948, 633, 156, 354, -222, -8, -1136, -1106, 825, 60, -1148, 1236, 1485, 214, 374, -170, 164]
[-147, -233, -158, -786, 885, -538, 162, 383, 993, -1102, 553, 1086, 15, 88, 801, 178, -121, -70, -134, 959, -784, 259, 132, -251, 42, 446, -484, -976, 988, 1154, -681, -244, -565, 387, 21, 136, -446, -631, -64, -197, 132, 1123, 195, -330, 208, -6, 6, -66, 944, 43, 876, -243, 734, -153, 453, 385, -509, 431, -429, -824, 426, 657, 167, -101, -413, 387, 211, -133, 195, 294, -459, -69, -171, 384, -649, 117, -227, -913, -1091, 464, -711, 25, -585, -8, 259, 513, 682, 2, -121, 114, -178, -295, -120, -90, 316, 198, 115, 372, 1017, 114]
[-282, -101, -930, -473, 87, -368, -323, -184, 200, 614, -233, 70, 555, 605, -935, -197, -330, -220, -271, -597, 43, -211, 178, 481, 174, -149, 421, -987, -271, 87, -395, -907, -242, 549, 113, 371, -85, -293, 217, -627, 84, -308, 680, -489, 284, -147, 190, -386, 548, -706, -731, 1301, -232, 252, -75, 225, 533, 486, -337, -157, -583, 201, -191, -52, -137, 571, 1077, 34, 917, 522, -417, 233, 44, 1018, -422, -683, -6, 605, -209, -429, 161, -751, -905, -279, 163, 486, -235, -745, 150, 668, 471, 619, 338, 65, 665, -46, 612, -482, 833, -466]
[421, -368, 615, -137, 122, -572, 800, -383, -410, -513, -710, -573, -305, -59, -206, -182, 50, 276, 32, 66, 578, 412, 278, -192, -236, -786, 65, -332, -143, 363, -728, -173, 353, -150, 138, -650, 79, -311, 44, 1433, 22, 242, -86, 311, -950, -732, 654, -457, 920, -161, 45, 1014, 648, 336, 217, -501, 565, 1044, 224, -85, 1555, 115, -113, -721, -112, 652, 195, 294, 289, 273, -904, 852, 502, 472, 131, 154, 531, 255, -555, -641, 521, -532, -270, -929, -969, 312, -94, 135, 185, 43, -685, -326, 276, 584, 1117, -119, -571, -783, 377, 25]
[-336, -274, 85, -326, -1345, 650, 35, -167, 149, 61, 80, 891, -444, -341, -232, -439, 37, 191, 890, 10, 751, 198, 241, -510, 3, -56, 23, 224, -367, 697, 896, -581, -543, 554, -363, -383, 241, -40, 385, 589, -319, 319, 988, 762, -1057, -50, 489, 273, -773, -337, -973, 177, -436, 1380, 323, -445, -42, 136, 464, -122, 773, 204, 376, 355, -276, -99, -580, -383, -168, -388, -326, -525, -270, -213, -891, 68, -183, 194, -1135, 186, 938, -67, -117, -514, 225, 544, -321, -104, 129, -487, 78, 576, 361, 858, 195, -1370, -235, -87, -32, -225]
[-418, 4, -669, -115, -475, 378, 256, 400, -128, -272, -325, 160, -93, -552, -433, -304, -1044, 266, 1250, -939, -792, 39, -978, 356, 494, -161, -16, 884, -189, -402, -57, -563, -1413, -240, -781, -213, -78, 275, -462, 480, -738, -524, -49, 210, -557, 770, -149, -141, -574, -409, -265, -685, 249, 885, 255, 84, 1287, 153, 270, 173, -524, -348, 403, 556, -48, -485, -374, -232, -222, 29, -861, 236, -26, -97, -1102, -647, -543, -335, -30, -460, -434, 108, 80, -482, -253, 78, 96, -310, 393, 232, 32, 1034, -9, 230, 69, -809, 101, -92, 809, -417]
[300, -82, 203, -391, -768, -267, -538, 629, 263, 4, 72, 34, 0, -315, -299, 445, 242, -1368, 688, -257, 794, -381, 355, 46, -162, 615, 319, -226, 243, 391, 727, -1008, 806, -616, 858, -80, -312, -737, 513, 140, 532, -402, -834, -1014, -1018, 306, 249, 880, -62, -365, -273, 194, -186, 42, -1183, 319, -82, -124, 708, 224, -518, 168, 247, 289, 516, -511, 368, -73, -351, -451, 674, -25, 91, 557, -702, 699, -660, -70, 230, 59, -642, -1531, -323, 449, -103, -410, 299, -1305, 882, 736, 115, 678, -174, 231, -392, 259, 117, 902, -613, 204]
[-935, -511, -694, -3, -589, 534, 216, 62, -1449, -50, 32, 183, -585, -690, -1238, -156, -293, 721, 1363, 114, 603, -162, -340, -649, 520, -296, 717, -162, 954, -424, 220, 308, -459, -722, -106, 206, 1059, 711, -151, 1019, -735, -348, -849, 175, -1196, 334, 158, -1376, -1401, 557, 489, 77, 623, 36, -353, -505, 494, -10, -296, -219, -468, 73, -628, 422, -207, -246, -142, 633, 163, -208, 543, 100, 380, -389, 329, 293, 320, 168, -52, 37, 443, 124, 43, -18, -308, -179, 401, 405, 762, 371, 31, 918, -455, 252, -648, -536, 919, -682, -332, -498]
[388, -1131, -1107, -5, -702, -464, 97, 451, -245, 377, 161, -288, -124, 1109, -536, 139, 20, -197, 862, 226, -61, 93, -611, 500, 1605, 49, 247, 485, -444, 601, -508, 230, -228, 324, 888, 694, -781, 270, 48, 585, 187, -278, -165, -363, -234, 118, -1021, -529, -30, -369, -62, 423, 380, 863, 694, 251, 1867, 343, 632, 269, -740, 194, -1418, 673, -233, -596, -72, -553, 1025, 439, -486, 913, -369, 89, -323, 27, 239, -685, -50, -591, -828, -371, -57, 734, 128, 407, 698, 234, -75, -557, -417, 73, -335, 122, 81, 980, 1404, -1448, 623, -375]
[54, 59, 688, 51, -71, -114, -220, 378, -89, -459, 508, 199, -33, -543, -1343, 410, 325, 573, -325, 295, -600, -1193, 713, -141, 383, -307, -1566, 478, -150, 619, 58, 205, 179, 836, -542, 105, 440, 1250, -200, -396, -1130, 494, 445, -760, -640, -31, -489, -496, -732, 309, -441, -934, 276, 250, -285, -340, -97, 412, 72, -45, -174, -257, 822, -507, 147, 120, -722, 386, 403, -136, -277, 119, -1293, 196, 409, 722, -17, -593, 362, 200, 656, 662, 101, 418, 363, 185, -274, 820, -515, -75, 1068, 452, -54, -652, 263, 181, 470, 270, 114, -30]
[-224, 272, -234, -417, 568, 442, 94, -186, 1463, 780, 170, -83, 1350, -56, 354, -20, -838, -55, -775, 513, -1230, -1021, 1404, -67, -441, 229, 12, -545, -287, -1134, 729, 342, -101, 822, 857, 250, 74, -181, -63, -1134, 1154, -435, -46, -196, 217, 82, -198, -320, 238, -1074, 145, -322, 950, 224, 239, 797, -1289, -637, -356, -528, -620, -111, -47, -732, 103, 330, 594, 265, 180, -79, 35, -376, 414, -110, 486, -210, 318, 837, 364, 550, -128, -473, 146, -771, 564, -180, -98, -253, 286, 709, 33, 285, 345, -424, -700, 362, 316, 743, 626, -360]
[532, 353, -152, -726, -92, -407, -475, 1, 1059, 155, -358, 241, -1276, 287, 112, 441, 60, -213, 513, -758, -1040, -479, -350, 34, -101, -135, -793, -135, -697, 164, -604, -280, -32, 360, -740, -752, -945, 356, -730, -334, 30, -347, -639, -179, 434, 203, 365, 222, -178, -320, -121, -1165, 155, -130, 489, 325, -820, 227, 485, 1267, -165, 230, 532, -306, -808, 698, 1021, -1203, 354, 137, -1088, 292, -588, 983, -1100, -309, -861, 184, -320, 1204, -461, -564, -441, 96, -785, -146, 848, 46, -511, 622, 805, -529, -74, -183, 216, -908, -756, 880, 414, -525]
[394, -42, 839, 1233, -270, 767, 1049, 408, 185, -308, 45, 5, 434, -459, 346, -364, 736, -352, -96, 321, -389, 21, 760, 255, -91, -450, -996, 337, 291, -1, -1171, -421, -187, -167, 56, 30, 451, 436, -1172, 737, -963, 968, -510, -78, -392, -61, 158, -163, 607, 745, 1072, -237, 1312, 67, 582, -45, 224, 248, 158, -726, 72, -139, -223, -846, -1003, 468, 16, 472, -40, 521, 196, -57, -1213, -340, 524, -604, 63, -152, 951, 1060, 289, 287, -418, -163, -612, 169, -331, -28, 581, -585, 674, 315, 881, -632, -131, 831, -233, 391, 182, -205]
[-885, -385, -32, 993, 529, 308, -720, 249, 52, 257, 474, -483, -1008, 451, -426, -502, -616, 83, 890, -723, -103, 76, -327, 612, 689, -1302, -108, -25, 346, 4, -300, -446, 78, -273, -465, -191, -865, 66, 370, 886, 314, 201, -1100, 236, 874, 386, 671, -44, -474, 128, 756, 134, 756, -395, 278, -325, -524, 223, 159, 948, 39, 192, -741, 513, 500, -335, 148, -425, -646, 56, 843, 320, 14, -82, -238, -400, 528, 572, 114, 117, 55, 877, 949, -497, -90, 395, 1166, -45, -308, 116, 234, -659, -352, -26, -348, 13, -56, -21, 300, -127]
[-321, 562, 470, 336, -524, -540, 1279, 566, -409, -582, 660, -223, -98, -564, -497, 281, 15, -814, -19, -387, -908, 878, -524, 664, -941, 593, 233, -244, -112, 336, 657, -1399, 459, -705, -123, -469, 391, 340, 257, -414, -57, 680, 153, 381, 771, 113, 453, -29, -155, -301, 217, 521, 127, 1242, -89, -335, 493, 355, -18, -406, 105, 694, 915, -327, -106, -1039, -63, 11, 153, -751, 793, -700, -461, 111, -71, 633, -377, -490, 126, -858, 255, -430, 137, -47, -125, 87, -246, 266, 244, -303, -1036, 126, 1252, -602, -150, 252, -537, 72, 93, 755]
[-65, -136, -74, 690, -718, -111, -43, -299, 387, 378, 804, 320, 150, -1128, -431, 756, -180, -75, 897, 641, -1518, 289, -88, 229, 201, 300, -231, 112, -93, 508, -999, -50, -1302, 191, -533, -352, -573, 373, -268, 316, -823, -236, -183, -328, -97, 661, 339, -591, -127, -66, 238, -106, 775, -264, 770, 44, -251, -8, 13, -899, -36, -280, 80, -30, -361, -203, -596, 271, 135, 211, 131, -41, -581, -574, 526, -819, 852, 693, 754, -112, 383, 143, 105, 293, -556, -362, 1675, 1092, -8, -313, 121, 845, 191, -783, -575, -91, -256, 218, 761, -100]
[238, -454, -214, -63, -198, -195, 238, 267, -655, 251, 256, -1281, 880, 446, 239, -270, -391, -995, -383, 149, -573, 804, 213, -199, 582, 458, 382, -145, 630, -542, -147, -218, -62, 15, 1138, 368, -360, 507, 186, 128, 869, -468, -714, -282, 1105, 476, 852, -82, 782, -144, 364, 314, -12, 108, -210, -296, -647, 1128, 733, 129, -897, 96, -1064, -192, -207, -416, 836, -619, -507, 190, 593, 688, -348, 408, 489, -162, -207, -464, 1930, -645, -256, 134, 226, 38, 449, -195, 265, -446, -34, 647, -706, -795, -47, -928, 309, 775, 352, -842, -251, -70]
[44, -633, -571, 394, 228, -38, -462, 620, -143, -117, 100, 76, 361, 352, 19, 454, 114, -792, 431, -194, 280, -702, 130, -638, 657, 198, 337, -448, 42, -380, 768, -190, 396, 601, 363, 605, 154, -792, -219, 279, -235, -144, 240, 152, -1558, 272, -57, -479, -483, 1641, 723, 6, 491, 657, -1065, 508, -502, 513, -620, -822, -277, -350, -723, -211, 955, 1243, 140, 516, 135, -223, 326, -247, 960, -942, -998, -112, 494, 150, -816, -386, -390, -999, -760, 409, -225, 536, -1138, -268, -81, 643, -686, -730, -851, 1499, 116, -525, 895, 309, -694, -605]
[175, -62, -304, 519, 92, -215, 83, -56, -402, 486, -38, 267, 326, -640, 103, -518, -70, -953, 114, -790, -1051, -758, 185, -1, -29, -406, -717, -243, 210, 318, 521, 396, 341, 501, -256, 17, -125, -16, 359, -406, -443, -537, -284, -283, 868, -1153, -420, 242, 260, -103, -990, -176, -187, -292, 343, 576, -706, -449, -140, 255, -1599, -346, -127, -617, 370, -359, -32, 51, 830, 205, 843, -1239, 393, 590, -392, -559, -149, -160, 422, -412, 532, -665, 265, 17, -137, 190, 1379, -213, -1129, -541, 968, 358, 559, -44, -119, -276, -784, -339, 67, -194]
[-417, -47, 1241, -206, 322, 68, 1257, 551, 0, -6, -688, -935, 293, -445, 521, 434, -156, -253, 14, 339, -547, 402, 293, 159, -721, -483, 759, -23, 902, -275, -11, -476, -938, -118, 698, 95, 706, -312, 319, 216, -145, 254, -154, 210, 796, 360, 101, -78, 169, -383, 518, -407, 482, -29, -324, 6, -428, 15, 136, 382, 395, 208, -374, -126, -548, -9, 136, 2, -253, -276, 1274, 438, 825, -351, -10, -324, -131, 543, 561, -911, -294, -49, -248, -1033, -415, -318, 682, -648, 725, 380, -59, -453, 206, -254, -546, 572, -21, -636, 85, 380]
[98, -1161, 647, -528, 96, -1564, 1205, 245, -586, -248, -524, 22, 847, -59, 378, 597, -128, -528, -715, -631, -162, 215, -734, -124, 429, 257, -816, -36, -141, -476, 777, -408, -167, 513, 405, 111, -442, -208, 255, 539, -769, 202, -179, 338, 223, -1284, -20, 350, 411, 558, -466, 671, -143, -5, -429, 252, -630, 1008, 453, -1128, -395, -430, 78, -279, 333, -649, 45, 433, -13, -602, 66, -760, 132, -600, 74, 495, -560, -1233, 566, -858, 28, -586, 934, -346, -88, 445, -1157, 45, -892, -586, -244, -629, -235, -614, -170, 799, 702, -958, -345, 353]
[749, -846, 1631, 190, 934, -189, 77, 63, -479, 59, -661, 117, 753, 62, 393, 317, -343, 235, -345, -274, -680, -396, 361, 319, 357, 247, -709, -498, 479, -349, -332, 78, 332, 339, 830, -663, -299, 305, 66, -471, -351, -250, -887, -859, 1024, -1431, 556, -684, 991, -221, -1149, -227, 923, -892, -311, -585, -644, -31, 748, -87, -735, 348, 15, -114, -198, 68, 909, 248, -562, 856, 681, -250, 23, 422, 574, -321, 34, 242, 649, -580, -295, -466, 685, -799, -158, 16, 338, -177, -55, 518, -19, -602, 431, -768, 215, 1153, 910, -46, 521, 469]
[973, 414, -628, -838, 782, 545, -387, -588, -104, -481, -578, -425, 540, -727, 841, 140, -466, -360, -998, 167, -429, -371, -286, -1091, -277, 887, -311, 487, -589, -198, 624, 1181, -543, 831, 810, 91, -236, -15, 98, -1141, 875, -436, 129, -240, -324, -185, -959, -221, 98, 392, -395, -319, -462, 415, 429, 583, -1272, -683, 231, -642, -891, 716, -261, 154, -135, 985, 483, -227, -184, -236, 474, -654, 243, -203, -71, 675, 273, -538, 572, -8, -504, 183, -210, 1368, 562, -211, 230, -119, -313, 464, -235, -577, -525, 428, -102, -1021, 494, -95, -584, 195]
[-463, 20, -248, -1362, -496, -716, -28, -573, 346, 41, -548, 576, -604, -6, -304, 174, -421, 469, 408, -612, -371, -445, 52, 436, -18, -200, -2003, 199, -185, 821, 50, -5, 659, 1378, 644, 126, -260, -155, -794, 257, 854, 426, -54, -34, 698, -50, 179, -263, 215, 325, -29, 74, 362, -361, -82, 1195, -880, -655, 410, 1345, -695, 201, 535, 343, 738, -473, -468, 108, 426, -377, -210, 135, -556, 22, -21, 55, -1036, 423, 611, 135, -458, -225, -50, 286, 187, -126, 1097, 30, -398, 78, -28, -623, 661, -287, -371, -699, -249, 380, 532, -197]
[352, -249, 345, -191, 812, 1022, -545, 678, -401, 534, 402, -536, -584, -251, 47, -386, -31, 327, -19, 13, 82, 208, 256, -319, -345, 368, 426, -236, 210, 240, -561, 55, 51, -363, -258, -384, -109, -660, 496, -323, 1199, 182, -550, 15, 421, 863, 224, -61, -497, -479, 286, -896, 326, 788, 53, -747, -926, -73, -481, 1051, 486, 393, 359, -184, -215, -431, 732, -424, -505, 36, 543, 560, -319, 658, -407, 852, -158, 1443, -252, 576, 92, 1025, 482, 17, 1012, -665, 69, -146, 451, -267, -639, 763, -557, 619, 1040, -112, -909, 998, -71, -414]
[504, 331, 446, 469, 897, -355, 260, 417, -497, 329, -752, 386, 521, 602, -197, 395, 1261, -403, -434, 287, -1412, -591, 511, -529, -434, 469, -687, 368, -629, -201, 351, 568, -678, -310, -248, -709, -293, 201, -23, -1698, 230, 732, 9, 181, 576, -187, -393, -875, 484, 218, -400, -720, -91, 413, 791, -361, -382, 180, -817, 42, -459, -242, 182, -740, -553, 223, 135, 363, 553, -577, -168, -684, -673, -965, 159, 115, -128, 98, -713, 343, 228, 1561, 489, 768, 327, -590, -1156, 1324, -178, -379, 9, -493, -534, -578, -540, -150, -27, -263, -865, -204]
[582, -339, 55, 165, 851, -318, -25, 193, 537, -179, -362, -1063, -95, 144, 246, 213, -858, 877, -1051, 886, 1137, 213, 111, -192, -305, -73, 439, -252, 797, -427, 102, -297, 538, -369, 447, 221, 137, -794, -315, 1138, 652, 303, -710, -711, 225, 730, 748, 28, 119, -981, 804, 2, 612, 2, -159, 351, 461, -34, -141, 319, 1304, -195, -293, 324, 278, 1143, 54, -154, -473, 791, 690, 933, -403, 953, 88, -378, -146, -282, -263, 771, -443, 433, 13, -93, -154, 344, 605, 443, 793, 290, -301, -305, -1, -301, -694, 391, -846, 380, 969, 374]
[-477, 239, -63, 74, -726, -661, -294, 165, -287, 234, 27, 5, -796, 428, 92, -137, 688, -1081, 995, -553, -658, 45, -788, 536, 633, 559, -349, 28, -205, -279, 319, -681, -754, 51, 99, 477, -735, -556, -192, -646, -1492, -93, 75, -1133, 407, -704, -13, 1120, 403, 732, -820, -1, -473, 463, 270, 785, 629, -34, -157, 862, -1069, -353, -593, -217, -535, -308, 398, -634, 35, -68, 109, -731, 5, -18, -713, -1199, -704, -678, 208, -296, -514, -1108, 1041, -392, -541, 730, 146, -210, 564, -297, 143, 69, 484, -230, -229, 430, 238, -168, 754, 405]
