[-183, -149, 226, 734, 53, 482, -62, -113, -343, -284, -718, -20, 536, -421, 335, -158, -82, -439, 82, -230, 170, -577, 387, 145, 81, 225, -30, -130, -389, -658, -190, -477, -348, -352, -781, -688, 7, 164, 789, 152, 614, 302, 300, -318, 738, 92, -229, 448, -184, 496, 274, -222, -836, 186, 180, -85, 207, -251, 418, 122, -224, 158, -23, -154, 9, -60, -390, -580, 125, 106, -495, 166, -36, 5, -133, -16, -90, -475, -66, 323, -238, 150, -241, 535, -117, -88, 8, -37, 85, 225, -46, -175, -26, -196, 326, -121, -24, -540, -278, -98]
[-593, 44, 651, -18, 22, -230, 245, 48, 203, 71, -598, -18, 605, 179, -313, -176, 37, 283, -103, -46, -229, -475, 574, 199, 56, -163, -328, -123, -214, -143, 381, -596, 418, -636, -654, -66, -355, 4, 919, 91, 77, 121, 425, -630, 318, 73, 78, -571, 102, 378, 572, 72, -713, 629, -66, 239, -168, -542, -216, -262, -196, 320, -313, -156, 489, -154, -117, 524, 36, -185, -15, 401, 241, 244, 249, -421, -184, -506, 55, 435, -64, 725, -305, 497, 739, 186, -149, -407, 256, 339, -168, -714, 160, 507, 212, 171, 9, -244, 121, 123]
[-47, -141, -114, 176, -389, 329, -17, -76, 501, 697, -130, 276, -101, -15, 112, 418, 120, 17, 658, -140, -451, -283, -558, 631, -367, -15, 138, 207, 628, 35, -56, 50, 305, 165, 442, 470, 50, 304, -521, -410, 290, -67, -534, 786, -181, -562, -140, 380, 105, -243, -94, -67, 306, -288, -146, 312, 224, -174, 276, -297, -118, -429, 150, -30, -246, 54, 253, -36, 255, -304, 98, -710, -934, 306, -288, 260, 380, 406, -457, -54, 8, 233, 571, -204, 83, -37, -899, 182, 401, 178, -101, 257, 58, 465, 171, -588, -245, -191, -235, 269]
[-195, -108, -519, 302, -22, 662, -605, -435, -539, -379, 535, -105, 192, -467, 334, 184, 288, 140, -441, -377, -156, 615, 292, 73, 164, 238, -356, -547, -141, -683, -191, 26, 65, -469, -85, -173, 302, 9, 386, 22, 116, 228, -201, -209, 300, 889, -203, 372, 25, 91, 67, -530, -297, 407, 485, 212, 430, 759, 387, 232, -30, 329, 119, -352, 208, -215, 916, -876, 138, 157, -127, -183, 120, -391, -211, -25, -115, -218, -243, 44, 504, -560, 293, 481, -188, -240, 495, -303, -271, -430, 203, 348, 154, -685, 533, -76, 449, -21, -441, -305]
[332, 169, -455, -533, -673, 81, -336, -100, -561, 75, 851, 95, 181, 375, -106, 790, -107, 582, -319, 507, -137, 788, -119, 733, -32, -162, -227, -332, -360, 246, -52, -111, -427, -6, 476, 297, -56, -24, -306, 184, -777, 584, -472, 138, -349, 220, -293, -37, -2, -10, -16, 191, 485, 402, -103, -458, -67, 28, 158, 288, 35, 89, 349, 61, 107, -246, 848, -330, -162, -284, -147, -279, 407, -90, -378, -192, 381, -552, 126, -229, 748, -402, 577, 88, 221, 307, 28, -158, -260, 93, -190, 617, 213, -473, -270, 125, -263, 120, -168, -295]
[559, -240, -497, -472, -162, 4, -410, -412, -370, -186, 960, 517, -138, 211, 167, 466, -178, 567, -505, 106, 302, 445, -598, -288, 32, 71, -583, -372, 104, -201, -213, 131, -193, -391, -149, 117, 480, -131, -285, 343, -267, 388, -117, 149, -284, -95, 48, -35, -385, 203, 300, 674, 674, 259, -19, -516, 259, 465, -376, 836, -570, 74, 99, -337, -39, -158, 744, -439, -481, 3, -180, 58, 374, -589, -68, 266, -207, -192, -712, 70, 155, -932, 626, 4, 24, 148, 281, 112, -461, 170, 180, 955, 356, -99, -46, -102, 76, -59, 108, 314]
[807, 211, -536, -503, -511, -215, -79, -345, -113, -440, 680, 493, -385, 19, -222, 297, 128, 967, -319, -19, 321, 1171, -85, -244, -40, 23, 37, 11, -666, -96, 90, -607, -98, 345, 93, 89, 551, 173, -131, -105, -39, -93, -430, -307, -201, 339, -253, 442, -527, 333, -371, 367, 314, 962, 69, -306, -272, 220, -245, 431, 56, 549, 385, -183, 106, 28, 749, -920, -564, 119, -484, -41, 847, -643, -194, -255, -391, -158, -533, -791, 315, -560, 400, -65, 132, -298, 522, 173, -614, 87, 182, 287, 417, -360, 357, 73, -78, -144, 373, -304]
[331, -611, -148, -23, 268, -223, -175, 47, -541, -39, 19, -853, -576, -281, -486, -48, -448, -508, -299, 132, 161, -144, 9, -443, 414, -396, 168, 30, 236, -195, -373, 244, -204, 197, -65, -218, 208, -184, -763, 37, -912, -236, 596, -343, 26, -277, -3, 77, 384, -593, 126, 53, 521, -344, -169, -153, 337, 387, -217, 494, 59, -181, -748, 96, 170, 202, -169, 360, -298, 396, 341, 147, 34, -85, -29, -190, 459, -308, 628, 88, -52, 100, -478, 150, -353, -366, 792, 33, 455, -836, 131, 192, -75, -401, -1008, 574, 303, 333, 418, 214]
[-341, 518, 238, -524, -365, 530, -177, 235, -372, 420, 124, -1, 412, -49, 245, 192, 260, 556, 258, 330, -186, 246, 241, 620, -499, -550, -248, -343, 196, -21, 415, -385, 308, -883, 883, 172, -292, 183, 675, 200, 199, 1014, -85, 101, -23, 277, -268, -82, 19, -63, -63, -521, -564, 150, -77, -135, -554, -173, 502, -512, 40, -251, 882, -322, 231, 135, 665, -271, -26, -461, -448, -547, -244, 457, 9, -213, 189, 288, 423, 56, 325, -74, 364, 568, 399, 85, -547, -13, -151, 366, 389, 447, -195, 173, 92, 56, -24, -333, -1040, -329]
[-20, -13, -299, -150, 246, -237, 107, 20, 230, 465, 108, -56, -204, -11, -605, -243, -346, 583, -149, -10, -620, -228, 107, 75, 384, 165, 351, 207, 521, 120, 419, -394, 724, -448, -160, 314, -147, 167, -384, -426, 262, -284, 37, -300, -213, -422, -316, -90, 285, -467, 106, -984, -229, -375, -371, 308, 145, -2, 266, -287, -158, -100, -365, 670, 660, -130, 439, 136, -299, 104, -96, -136, -186, 266, -369, 123, 376, 200, -69, -168, 275, 491, -150, 1232, 213, 22, -249, 80, 145, -817, -54, 174, 87, 406, 131, -50, -122, -324, -185, 596]
[296, -15, -130, -500, -426, -289, -95, 277, 150, -615, 128, 702, -353, 35, -648, 346, -235, 143, 180, -58, 14, 254, -113, 70, 615, -155, -160, -389, 241, -292, 291, -24, 529, -498, 23, 150, 177, 5, -395, 335, 175, 142, 78, -96, -273, -239, -195, -239, 70, -428, 231, -489, 642, -219, -537, 216, 766, 83, 11, 219, -693, 440, 43, -145, 126, -111, 894, 176, -649, -38, -93, -118, 46, 51, 139, 580, -863, -45, -434, 205, 462, -327, -6, 402, 384, -76, -201, -276, 362, 49, 364, 251, 585, 258, -410, -13, -440, -78, 117, 412]
[491, -610, -364, -378, -339, -154, -166, 2, -702, 354, 777, -495, 416, -28, 52, 333, -75, 137, -273, -85, -159, -73, -725, 580, 129, -508, 15, -396, -307, -630, -256, 170, 198, -15, 375, 635, 627, 229, -534, -75, 29, 241, -193, -372, -170, -396, 465, 601, 247, 424, -237, 661, 512, 243, 234, -233, -80, 50, -212, 49, 315, -111, -507, 218, 171, 306, 425, -842, -109, -300, -18, -381, 335, -420, 164, -605, 508, -112, -147, -487, 93, -130, 251, 265, 90, 115, 452, 397, -210, -205, 241, 328, -480, -367, -65, -320, 373, -60, 455, 117]
[169, 82, 1, -834, -187, -405, -70, 306, -255, 529, 571, -51, 710, 15, 214, 115, -568, 358, 146, -349, -604, -35, -508, 505, -53, -805, -428, -1065, 442, -246, 143, 690, 363, -695, 73, 681, -541, 84, 157, -221, 588, 446, 74, -242, -376, -9, -50, -861, 492, 222, 53, -63, -16, -657, -584, -443, 27, -91, -232, 124, -439, -466, 430, 229, -67, -55, 1249, 274, -436, -206, -518, -347, 15, 255, 327, 403, 48, -21, -209, 285, 738, -519, 456, 240, 260, 814, -466, -164, -81, 489, 590, -191, 189, 661, 139, 52, -29, -248, -311, 466]
[-30, -1190, -164, 54, 214, 452, -305, -185, -258, 165, -97, -807, -230, -334, 289, 559, 611, -254, -436, -274, -36, -157, -109, 523, -35, -102, -315, 87, 234, -251, -25, -217, -41, 242, -259, 412, 1050, 318, -78, 58, 137, -73, -121, 302, -10, -782, 331, 283, 395, 213, 154, 983, 1059, 220, -62, 306, 35, -272, 366, 261, -88, 158, -920, -105, 186, -223, -616, 13, 595, 123, 361, -231, 50, 313, 235, -191, 236, -54, -617, 760, -161, 683, 106, -315, 44, -45, -106, -370, 207, 21, -157, -70, -164, -367, 330, -310, 226, -10, 372, 306]
[297, -143, -166, 324, -78, -653, 308, -400, -58, 125, -150, -502, -64, 72, -366, -388, -548, -885, 256, 184, -204, -21, -231, -523, 325, -191, 776, 447, 158, -296, -184, 436, 200, 121, 255, -334, -355, 45, -421, -141, 220, -553, 79, -78, 260, 268, -82, 163, 199, -595, -834, -49, 60, -871, -30, -48, 34, 105, 291, 91, 741, -27, 216, 323, -118, 226, 243, -427, -111, 344, 173, 203, -210, -436, 331, -42, 114, 362, 270, -740, 429, -467, -715, 235, -281, -88, 667, 672, 58, -339, -285, 380, 337, -305, -580, 400, 470, 446, -70, -34]
[-1, -586, 453, -376, 85, -98, -667, 203, 61, 518, -67, -287, -290, -7, -214, 651, -112, 220, 351, 148, -208, -1036, -745, -575, -41, 155, -376, -143, 691, -934, -19, -471, 1189, -991, -307, 276, 385, -36, 58, -159, 300, -175, 396, 1, -139, -768, 167, 410, 225, -61, -144, -96, 85, 280, 696, -100, 449, 262, -358, -354, -58, -624, -519, -289, 10, -123, 377, -148, -115, -78, 10, -63, -799, -645, 205, -316, -203, 269, -25, -181, -192, 352, -172, 536, 994, -60, -257, 84, 322, -160, 302, 568, -313, 515, -652, -615, 617, 68, -397, 774]
[103, 404, -31, -172, 118, -6, 150, -63, -53, -559, 173, 197, 287, -249, 286, -408, -184, 623, -288, -316, 491, 261, 173, 707, -561, 345, -217, 323, -529, 374, 905, -686, -644, -142, -483, -1034, 11, 7, 342, -53, 156, 410, -580, -318, -197, 411, -370, -360, -102, 551, 64, 33, -673, 349, -557, -186, -220, -556, -29, 136, -407, 668, 262, 173, 554, 214, 48, -280, -430, -670, -425, -40, 423, 82, 142, 125, -440, -722, -634, 109, 6, 165, 649, 8, 182, 584, 272, -13, -548, 14, -197, -104, 749, -192, 735, -211, -47, -190, -122, -148]
[-564, 362, -191, -552, -699, -148, -216, 81, -86, -176, -348, 156, -795, 599, -17, 786, 390, 748, 302, 174, -793, 723, -217, -198, -336, -480, -1175, -796, 24, 54, 236, 86, 908, -221, 281, 1036, 38, 190, 567, 152, 66, -358, -5, 747, -703, -280, -104, -768, 55, -192, 234, 522, 279, 459, 310, 266, -23, 158, -676, -150, -418, -73, 268, -570, 176, -309, 1148, 746, 23, 298, 74, 51, -377, -84, -345, 390, -312, -270, -345, 419, 1141, -151, 113, -392, 239, -45, -855, -985, -29, 1118, 332, -137, 672, 703, 107, 390, -410, 72, 174, 219]
[-18, 442, 319, -35, -189, -511, 160, 750, -743, -205, -342, 275, -324, 6, -848, 605, -508, -299, 565, 761, 303, -892, -148, 303, 337, -257, 265, -507, -163, -536, -539, 173, -582, -47, 802, 716, -497, 368, -771, 666, -873, 904, 150, 90, -143, -1028, -176, 41, 141, -182, -39, -573, 226, -577, 624, -299, 524, 327, -89, -660, 25, -480, 259, -9, 43, 192, -158, 252, -248, 371, 79, -160, -255, 399, -680, 263, 518, -193, 994, -263, 249, 314, -608, 557, -450, -288, -640, 288, 568, -140, 138, 232, -617, -360, -891, 438, -598, 90, 369, 139]
[-182, -222, -164, -197, 489, -6, -180, -80, 438, -503, 465, -800, -50, 24, -23, -684, 261, -1355, -349, -391, -383, 258, -253, 167, 708, 8, -478, 318, -460, 239, 100, 823, 23, 262, -114, 0, -109, -390, -692, -158, 61, -11, 186, -130, 215, 415, 544, 48, 143, -226, -789, 381, 624, -474, 126, 141, 348, 231, 62, 260, -97, 231, -25, 140, -654, 207, 21, 93, 158, -84, 522, 533, 369, -302, 506, -38, -419, 625, -7, 58, 109, -697, 256, -929, -187, 289, 875, -293, -295, 78, 362, 81, -23, -456, -383, -46, 82, 698, 578, -17]
[49, -732, -816, 522, 559, -166, -270, 399, -1129, -392, 1045, -1105, -532, -14, 373, 503, -369, -83, -624, 220, 6, 34, -600, -351, 184, 764, -730, -103, -539, 232, -354, 257, 233, 4, 104, -2, 848, -357, -418, 34, -802, -295, 59, 38, -501, -654, 972, 183, -240, -368, 267, 145, 531, -289, 249, -272, 1012, 379, -697, -96, 37, -57, -1229, -180, 554, -255, -470, 98, -50, 77, 768, 359, 108, -913, -148, 2, 182, -419, 338, 77, -247, 44, -215, -316, -159, 346, 549, 185, 182, -168, -52, 506, -755, -445, -289, -482, 293, 282, 596, 153]
[594, -1017, 346, -344, -492, -585, 254, -20, 615, 459, -1276, 26, 471, -258, -607, 268, -189, -206, 430, 120, 391, -498, -138, -433, -31, -1008, 424, -58, 554, -882, 71, -63, 82, 320, 674, -10, 158, 220, 126, 33, 157, -515, 276, -728, 364, -188, 202, 342, 444, 282, 107, 660, 281, 341, 174, -231, -1201, -388, -132, 193, 362, -356, 333, -100, -228, 365, -82, 296, -36, 146, 26, -541, -82, 524, 176, -572, 125, 634, 503, -174, -91, 235, -821, 312, 590, -464, -509, 75, 445, -22, 154, -867, -314, 374, -365, 511, 334, 226, 773, 23]
[477, -407, 11, -401, -370, 85, -453, -83, -119, 702, 132, -142, -381, 507, 7, 80, -416, 35, 112, 78, -893, -240, -779, 520, -187, -605, 211, 176, 185, -685, -828, 127, 171, 293, -474, 451, 70, 289, -78, -274, 500, 354, 203, 258, 471, -1007, -55, 153, 401, 132, -398, 582, 426, -438, -299, -377, 183, -422, 467, 268, -65, -572, 36, 212, 1, 128, -31, -513, -406, 160, -479, 417, -246, -231, 494, -562, 583, -210, -571, -63, 384, -354, -84, 253, -231, -428, 25, 69, -129, 377, 170, 414, 484, 354, -277, -250, -692, -116, 190, 683]
[543, 363, 191, -332, -525, -279, -428, -190, -85, 1015, -141, -22, -542, 598, -132, -144, -791, 289, 175, 197, 381, 68, -460, 48, -966, -599, 496, 740, -355, 20, -15, -705, 448, 158, 140, -525, 94, -43, -252, -553, -481, -328, 173, 634, -373, -423, 124, 120, 185, -201, 46, 1131, 316, 603, -187, -302, -634, -254, -537, 105, 250, -151, -54, 176, 445, 256, 137, 214, -593, -785, -13, -202, -549, -60, 168, -453, 653, -360, -417, -386, 222, 108, 192, -424, 148, -344, 478, 760, -275, -231, -115, 575, 700, 1084, -569, -303, 512, 71, 58, 382]
[378, -283, -808, -166, 145, -19, -455, 384, -798, -145, 451, -25, 129, -396, 376, -4, 351, 373, 19, 87, -73, 576, -353, -517, 498, -25, -859, -363, -365, 85, -570, 294, 58, -129, -35, -6, 919, 330, -109, 92, 158, 182, 586, -427, -151, 106, 165, 843, -614, 363, -274, 332, 179, -181, 48, -720, -112, -70, 372, 544, 4, -410, 550, 316, -107, -151, 251, -424, -441, 227, -671, 150, 387, -455, -232, 126, -279, 264, 370, -243, 31, -1002, 187, -37, 145, 356, 184, -733, -144, 414, 803, 293, -506, -523, 201, 268, -301, -392, -136, 253]
[-390, 317, 394, 14, -181, 544, -180, 368, 431, 128, -421, 792, 1104, 618, 311, 140, 346, -474, 423, 139, 14, -940, -555, 605, -119, -119, -682, -625, -509, -818, -606, 313, -344, -69, -1085, 333, -570, 372, 167, 167, 596, 348, -112, 439, 102, -126, -294, -37, -4, 839, 484, 759, -132, 115, -85, 335, 317, -622, -316, 210, -414, -401, -468, 43, -703, -218, -76, 241, 466, -384, 59, 143, -139, -107, -91, 254, -108, -903, -644, 364, -546, 526, 14, -176, -24, 606, -323, -415, 485, 552, 592, -175, -149, -59, 55, -318, -779, -525, 121, 462]
[433, -76, 153, 101, 743, -508, 166, -83, -458, -190, 254, -878, -43, -627, -127, -274, -598, -323, -516, -228, 627, -504, 350, 69, 109, 123, 385, -140, 110, 218, 92, 180, -226, 246, 134, 162, -189, -383, 137, -243, -412, -493, 365, -239, -232, -36, 778, -887, 646, 51, 385, -784, -86, -565, -524, -26, 160, 194, -204, -150, 9, 85, -601, 609, 417, 349, -431, 794, 293, 670, -23, 137, 694, 691, 839, 460, -43, -117, 69, 848, -150, 910, -284, -493, -847, 262, 252, 149, -605, -606, -295, -1116, 39, -145, 164, -46, 55, 55, 158, -175]
[163, -678, -257, -461, 337, 437, -316, -538, 844, 319, 224, 243, 370, 293, 833, -527, 190, 264, 319, -38, -408, 230, -377, 69, -430, -38, 37, 905, 1103, 397, 503, 913, -165, 609, 394, -619, 229, -51, -670, -148, -150, -150, -678, 197, 349, 283, 340, -3, -237, -553, 210, 976, 193, -170, -321, 127, -634, -692, -164, 434, 489, 193, 169, -754, -293, 692, -638, -64, 98, -816, 480, -346, -564, -195, 346, -715, 137, 1048, 177, -730, -506, -481, 683, -164, 284, -497, 287, 479, 184, 148, -57, 503, 149, 28, 190, -402, 184, 909, 142, -197]
[-668, 133, 164, 511, -874, -855, 1247, 73, -563, 974, -463, -472, 271, 48, -295, 37, -85, 271, 633, -38, -840, -673, -78, 446, -502, -368, 601, -60, 439, 548, -41, 569, 519, 58, 234, 299, -345, 405, -343, -111, -477, -409, -361, 75, -723, -197, 106, -527, 398, 174, -457, -215, -411, -859, -865, 84, 497, -224, -466, -411, 323, -393, -655, 390, 638, 392, 382, 584, -331, 312, 512, -1, -782, -177, 385, -41, 874, -629, 6, 100, -227, 884, -567, 38, -83, 284, -113, 98, 593, 122, -647, -505, 483, 590, -600, -73, -242, -74, 590, -207]
[466, 345, 623, -93, -675, -266, 1042, 417, 155, -349, -46, 313, 15, -37, -269, 578, 311, 415, 738, 342, 278, 204, 116, 350, 55, -697, 1162, -152, 306, 848, -192, -311, -517, 56, 785, 635, -462, 337, 376, 302, -299, 65, -16, -100, -75, -308, -248, 226, -54, 628, -36, -59, 383, -70, -400, 91, -55, -600, 647, -521, 346, -321, 388, -59, -432, 105, -485, 222, -129, -263, -170, -494, -77, 787, -217, -53, 80, 503, 524, -48, -75, 260, 513, -482, 45, -104, -1105, 115, 909, 912, 201, -712, -558, 433, 58, 574, -676, -292, 31, -498]
[680, -262, -111, -310, -268, -376, 488, 82, 249, -472, 342, -272, -290, 560, -352, 521, -522, -222, -226, 676, -140, -26, -340, -368, 327, 572, -255, -770, -176, 850, 59, -102, -93, 84, -330, -175, 184, -733, -460, 461, -536, -12, 296, 546, -311, -19, -251, -765, -444, -665, 114, -129, 104, -222, 150, -486, 130, 175, 17, 201, -191, -16, -33, 715, -168, -205, 99, -187, 404, 619, -350, 145, 404, -633, 22, 533, -104, -509, 173, 209, 357, -96, -115, 154, 194, 984, 34, 228, -633, 163, -894, 546, 141, -116, -592, 512, -246, -613, -356, -165]
[-186, 758, 670, -928, -256, 37, -166, 866, 255, 45, 538, -469, 40, 12, 276, -107, 356, 821, 273, -381, -396, 20, 417, 1076, -296, -362, -26, -313, -507, -254, 445, -231, 793, -258, 213, 128, 317, 565, 141, -148, 100, 1033, -772, 224, -216, 312, -198, -47, 177, 554, -578, -4, 521, 764, 113, 279, -288, -674, 472, -1108, -56, 346, -73, -166, 32, -332, 125, 216, 105, -1344, 216, -295, -319, -80, 436, -511, -60, 195, -753, -172, 124, 400, 885, -53, 633, 95, 84, -709, 295, 281, 837, -371, -348, 521, 515, -305, -245, -114, -36, -216]
[-497, 279, -239, -101, -645, 685, 180, -98, 609, -1079, -356, 924, 18, 757, 513, -91, 359, -587, 247, -362, 86, 7, -269, 497, -209, -259, -305, -101, -449, 627, 616, -77, -307, -493, -123, -232, -7, -906, 182, 519, -313, -259, 86, 271, -451, 44, -151, -152, -119, 146, 672, -129, -373, 233, 366, 758, 69, 367, 129, -56, -629, -17, 39, -187, 172, 386, 193, 98, -109, -752, 243, -60, -574, 470, -474, 444, -32, 422, -6, 618, -327, -647, 759, 68, -19, -405, -290, 118, -109, 392, 125, 329, 518, 254, -571, -186, -64, 387, 262, -278]
[-639, 410, 182, -41, -775, 126, 327, 524, -325, -693, -889, 797, 233, 446, 47, 108, 708, 267, 708, 528, -630, 94, 793, 20, 23, -235, 153, -470, -600, -622, 38, -88, 484, 122, -178, -82, 340, 503, 349, 664, -227, -90, 248, -85, 523, 131, -107, -209, -77, 330, 370, 437, -152, 897, 800, 562, -202, -63, 550, -546, 614, 373, -88, -174, 431, 174, -345, -83, -469, -83, 137, 3, 437, -308, 285, -536, -123, 358, -36, -193, 687, 71, -871, 327, 326, -758, 58, 17, 75, 363, 144, 86, 266, -402, 93, 332, -234, 33, 678, -273]
[394, -282, -62, -334, 278, 66, -251, 171, -545, -330, -308, 204, 50, -888, 767, 283, 614, 213, -138, -787, 536, 175, -59, -86, -228, -272, -871, -600, -698, -593, -183, 10, -1193, -49, -576, 78, 699, 337, 106, -10, 529, 440, -680, -91, -479, 371, -501, -5, -452, 460, -31, 1, 98, -265, -607, -553, 48, 78, -323, 622, -419, 112, -166, -23, 219, 379, 601, -740, -264, 555, -490, 269, 656, -287, 8, 190, -876, -877, -174, 334, -301, -52, 58, -306, -84, -237, -20, -294, -489, 201, 508, -244, 342, -1058, 123, 226, -124, -573, 162, -60]
[-139, -37, -132, 292, 521, 805, -591, -447, -262, 590, 126, 131, 156, -403, 984, 292, 52, 32, 361, -727, -386, -250, -53, 336, 554, 804, -134, -28, 709, -114, -608, 724, -117, 42, -943, -53, 269, -209, -241, -637, -54, -260, -299, 476, 890, 302, 19, 627, -66, 729, 201, -394, 647, -276, -265, -416, 970, 264, 673, 476, -140, -86, -345, 120, -330, -351, -388, -137, -118, -73, 256, -324, -788, -264, -48, 92, -274, 503, -480, 198, 346, -445, 1061, -508, 83, -663, -281, -547, -205, -25, 349, 242, 481, 246, 407, -1052, -15, -230, -171, 190]
[-123, 103, -70, 182, 655, -504, 438, -157, 362, 575, -294, 25, -756, 261, -192, -500, -329, -295, -287, -598, -275, -144, -636, 117, -690, 508, 340, 24, 262, 411, 154, 574, 1, 679, 105, 431, -502, -156, -194, -822, 58, 342, -142, 481, -145, 9, 637, -591, 100, -53, -1309, -93, 270, -399, 504, -978, 141, 472, -659, -467, -5, 329, 846, -160, -155, 173, -799, 32, -150, 364, 409, -131, -662, -378, -382, 70, 36, 663, -276, 54, 417, -171, -211, -709, -354, -87, -345, 599, -638, -67, -228, -111, 138, 1270, 553, -970, 178, 208, 946, 91]
[-444, 617, 229, -200, 817, -136, -169, 878, 257, -40, 680, -987, -348, 549, 492, -7, 172, 303, -720, 43, -515, 626, 283, -756, -38, 862, -68, 168, -229, 595, -286, 138, -67, 459, 50, -344, 5, -375, 289, -517, -516, -312, -57, 540, -266, -108, 274, -673, -222, 9, -216, -692, 357, -697, -611, -39, 307, 17, -347, -431, 348, -370, -799, 981, 310, -780, -762, 939, 306, -64, 961, 691, -158, -9, 131, -38, -249, -446, 653, 123, -356, 602, -563, -435, -182, 71, 428, -866, 53, -5, 451, -262, -704, 306, -396, 15, -434, 651, 316, 33]
[706, 706, -234, 173, 326, -64, -210, -163, -858, 560, 279, 255, 1015, 30, 368, -56, -902, -378, -246, 592, 962, -356, 103, -238, -706, 231, 417, -719, -67, -250, 81, -151, -601, -543, -892, -517, -1004, -87, 423, 199, -3, 106, 153, -428, -399, 596, -65, -676, -412, 546, 155, 160, -967, -69, -120, -1414, -55, 23, -580, 593, -661, 155, 596, -674, -184, -343, -82, -90, -136, 133, -333, -44, 182, -472, 116, 449, 219, -751, -69, -99, -71, -91, -276, 551, -421, 1169, 389, 857, -351, 38, 336, 432, -350, 260, -63, 45, 21, -820, -510, -426]
[528, -271, 151, 382, 218, 370, -813, 322, -191, 591, -171, -890, -1364, -617, 870, 356, -534, -471, 500, -213, -329, -28, -466, 109, -705, 288, 975, 510, 562, 560, 791, 44, -76, 514, -623, -287, 484, -292, 77, -621, 315, -926, -364, 1100, -574, -1021, 662, 177, 407, -324, 75, 408, 194, -722, -742, -174, 618, 27, -61, 277, -427, -390, -392, -428, 88, 195, -362, 471, -590, 375, 175, 154, -402, -85, 543, 77, 242, 364, -267, 446, -34, 193, 13, -1219, -243, -331, -653, 202, -80, 246, 122, -262, 172, 787, -540, -1245, -113, 108, -311, 315]
[795, 380, -3, -536, -9, 55, 198, 17, -412, -450, -71, -295, -1344, 173, -314, 667, -435, 1119, -357, 1141, 852, -108, -144, -704, -575, 1, 108, -249, -379, 410, 505, -341, 26, 276, 99, -228, 378, -97, 129, 376, -851, 331, -169, 386, -369, 136, -236, 470, -271, -4, -630, 512, 196, 666, -250, -1168, -472, -414, -342, 328, 279, 52, 105, -144, 115, 465, -492, 196, -152, 381, 339, 59, 170, -1207, -507, -361, 219, -62, 493, -516, -92, 542, -501, 329, -283, -739, 112, -115, -155, 411, 271, 830, -293, 129, -540, 0, -473, -211, 437, -652]
[-336, -38, 540, -23, 138, 1167, -19, 477, -299, -70, 791, -339, -217, -361, 190, 445, 341, -846, 149, 269, 282, 264, -39, 898, 128, -310, -171, 405, 297, 126, 729, 493, -338, -282, 1182, 442, -348, 168, -772, 296, 52, 748, -837, 671, -223, -214, 21, 490, 364, -1038, -367, -141, 232, -670, -10, 315, 741, 56, -292, -364, -186, -85, -21, -509, -305, 643, 182, -13, 73, -901, 162, -606, -348, -197, -33, -321, 20, 118, 897, -232, -276, 501, 1518, -520, -124, -6, -431, 387, 576, 52, 238, 1080, -928, -678, -643, -313, 23, -9, -949, -166]
[833, 424, -214, -586, -45, -374, 60, -257, 18, 833, 651, -774, -532, 356, 214, 528, -834, 309, 280, 179, 30, -1022, -961, 50, 177, -447, 34, 75, 7, -501, -519, -496, 177, -421, 450, 677, -281, -250, -456, -584, -356, 33, 524, 518, -234, -1477, -81, 287, -44, 371, -951, -94, 597, -407, -675, -379, -188, 181, -126, 288, -380, -1035, -162, 375, -484, 153, 189, -179, -257, -243, 114, -550, -468, 336, -6, 357, 886, 302, -794, -110, -398, -35, 309, -497, -691, 409, 76, 1093, -404, 242, 522, 912, -85, 672, -700, -251, 133, -262, 302, 491]
[-32, 208, 289, -331, -98, 458, -56, 1061, -757, 119, -215, 457, 126, -1154, 613, 143, 258, -160, 174, -78, 393, 615, -133, 353, -284, -91, 188, -396, -267, 509, 767, 138, 219, 54, 593, -105, 398, -635, -347, -34, 172, 312, -456, 273, -434, 723, 321, -170, 3, -35, 643, -760, 83, -20, -558, -686, 7, 384, -368, 77, -10, 400, 10, -125, 147, 367, 83, -357, -534, -327, -35, -1021, 438, 208, 107, 654, -801, 309, 269, -102, 354, -358, -417, -280, 275, 286, -126, 19, -469, -102, 609, 119, -76, 13, -331, -590, 125, -107, -302, -559]
[-271, -107, 338, 1176, 518, -185, 942, -505, 375, 223, 102, -317, 698, -99, 501, -324, -694, -816, -304, -112, 565, -251, -155, -308, -496, 257, 119, 417, 74, 89, 665, -118, -587, 22, 90, -1292, -325, -725, 679, -331, -30, 25, -426, -81, 730, 468, -262, -106, -861, 193, 256, 87, -856, -284, -302, -440, -535, -123, -559, -51, -368, 31, 313, -208, 363, -433, -1066, 385, 37, -641, 676, -51, -289, -120, 131, 610, 379, -64, -2, 283, -1019, -144, -171, 387, 187, 122, 159, -90, 395, 742, -735, -133, -66, 196, -163, 604, 735, 11, -383, -308]
[-298, 597, 612, 414, -725, 641, 44, -356, -311, 587, 90, 514, 17, 582, -56, -171, -353, -16, -144, 358, -550, 66, 210, -20, -527, -222, -47, 396, 434, 86, -486, 220, 88, -18, 792, -483, -260, 186, -49, 550, -464, 963, 97, 56, 773, -286, 93, 298, -441, 39, -11, 13, 84, -136, -63, -628, 504, 588, -277, 33, -810, -514, 451, -1008, -390, -109, -133, 699, -509, -209, -49, 191, -284, -343, 315, -37, 682, -249, -358, 437, -375, -316, 239, -412, 22, -770, -312, 75, 281, 1088, -41, 967, 135, 399, -835, -19, -485, -233, -354, -555]
[544, 106, -220, -808, -609, -742, 630, 138, -190, -290, -392, 55, 565, 307, -780, -100, -194, -17, 848, 351, 145, -540, 179, 863, 312, 182, 535, -42, -242, -195, 59, -25, 363, 550, -569, -444, -342, 661, -841, 223, 736, -173, -178, 65, -533, -143, -404, -196, -15, 59, -127, 667, 392, 9, -780, 177, 74, -1169, 59, -154, 140, 251, -594, 570, -329, 296, -263, 22, -204, 225, -232, -273, 6, -87, 1099, 53, 159, -368, -1040, -16, -88, 886, -621, 95, 611, 516, 450, -40, 11, -103, -867, -466, 863, -405, 29, 155, -662, -221, 948, -151]
[159, -544, -253, -369, -83, -17, -425, -135, -135, 539, -1198, 381, -960, -125, -226, 959, 415, -419, 809, 390, -10, -443, -406, -404, -72, -556, -506, -70, 837, 43, -35, 417, -431, -37, 475, 909, -216, 219, -497, 117, -223, -503, -3, 164, -438, -132, -907, -141, 22, -300, -1269, -269, 191, -989, 171, -904, -147, 174, -134, 662, -375, -467, 691, -5, -477, -61, 250, 37, -220, 936, 156, -377, -803, 398, -570, 493, -62, 184, 1078, -44, 899, -98, -164, -20, -284, -600, -307, -679, 144, 132, 125, 844, 808, 224, -1248, 689, -329, 297, 275, 571]
[218, 148, -73, 100, -173, 536, -341, -390, 882, -516, 61, -55, 42, -981, -2, 783, 249, 100, 285, -781, 354, 437, 520, 1193, -19, 262, -118, -50, -1206, -123, -5, -1324, -681, 310, -839, -282, -362, 454, -221, -1158, -201, -247, -290, 125, 372, 25, -1169, 345, -39, -124, 95, -595, -82, -241, -396, 8, 369, 111, 872, 71, 118, 38, 460, 1066, 222, -292, 679, -347, -220, -269, -905, -105, -86, 708, -1043, 447, -123, -546, 400, -62, 295, 515, 1004, 73, -262, -275, -301, -214, 302, 135, 307, -299, 386, 33, 310, -378, -434, -391, 49, 23]
[-424, -841, 352, 741, -280, 649, 665, -415, -313, -395, -793, -809, -1, 505, 210, -181, -21, -644, -862, 589, -770, 546, 924, -95, -241, 191, -159, 764, -659, 442, -127, -204, -774, 911, -99, -1176, -302, 162, 514, -160, 43, -438, -96, 105, 812, 135, -595, 427, 348, -137, 273, 287, -101, -376, -267, -875, -353, -37, 423, 460, -123, -194, -610, 393, 148, -173, -719, -114, -407, 452, 156, 954, 647, -79, -395, -208, 959, -697, 441, 786, -191, 596, -1007, 314, 174, -447, 10, -494, 104, 662, -737, 472, 148, -774, -796, 563, -468, 334, 871, -663]
[22, -321, 438, 14, 249, 128, 82, 340, -478, 337, -71, 286, 342, 584, -105, 1129, -186, -6, -274, 249, 3, -493, -655, 769, 50, -198, -583, 146, 520, -549, -384, -359, 407, -505, 321, 582, -49, 128, 131, 141, -146, 819, 385, 123, 337, -797, -31, 373, 666, 530, -685, 192, 1107, -536, -767, -240, 1063, -637, 376, 520, -416, 235, -506, -501, -70, -424, -154, -341, -213, -525, 637, -523, -197, -26, 728, 78, -218, -401, -810, 647, 113, 449, -178, -659, 755, 1066, -328, -208, 858, 528, 133, 779, 90, -383, -343, -755, -471, -7, -24, 396]
[53, 366, -409, 66, -447, -190, -34, 663, 476, 485, -59, 499, -7, 849, -176, 521, 346, -354, 28, 305, 760, -447, -606, 654, -220, -337, -143, -386, -96, -163, -580, -238, 335, 234, 531, 742, 91, -248, -182, -358, -438, -112, 76, 23, -363, -867, 1103, 20, 75, 604, 88, -133, 548, 173, -301, -115, -85, -449, -45, -439, 353, 87, -132, -87, 515, 175, -496, 599, 116, -119, 829, -432, -505, 622, -202, 36, -344, 83, 165, 229, -487, 551, -1174, 100, -644, -599, -849, 292, 492, 102, 460, 231, -897, 803, -339, -366, -372, 32, 1025, -2]
[769, -193, 1144, -600, -355, -129, 259, 175, 1208, -13, -453, -252, -133, -460, 180, 319, -203, 657, 743, 88, -197, 331, 470, 77, -539, -541, -44, -414, 308, 404, 71, -652, 92, 867, -271, -101, -326, 207, 183, -662, -37, -114, -102, 387, 35, 160, -860, -303, 190, -324, 1004, 64, -50, 690, -568, -567, -284, -798, -93, -5, 277, -327, -465, -518, -893, 55, -127, 651, 332, -190, -873, -580, 158, 135, -6, 261, 162, 136, 230, -68, -292, 687, -66, -357, 955, 576, -1368, -295, 721, 718, -114, -649, 12, 109, -424, 544, -132, -372, -435, -366]
[-569, 273, 160, 275, -397, 722, 168, 127, 263, -231, -576, 168, 842, -506, -284, 523, 568, -526, -312, 533, 533, -620, -57, 1155, -292, 386, 178, 1371, 543, -151, 13, -407, -17, 27, 333, -938, -693, 268, -237, 337, 23, 398, -224, -110, 222, 122, -261, 674, 340, 635, -172, -294, -73, 4, -248, -125, -22, -923, 946, 120, 24, -108, 261, 667, -604, 71, 21, 180, 488, -855, -257, -7, -590, 148, 140, 77, -246, 119, -567, 300, -364, 965, 335, -75, -515, 407, 227, -800, 544, -64, 132, -87, -401, -426, 92, -596, -848, 301, 36, 135]
[158, -824, -284, 267, 94, 257, 148, -315, -801, -387, -19, -923, -140, -389, 487, 130, -23, -271, -78, -269, -127, 177, -369, 914, -284, -152, 349, 35, 330, 703, 162, 529, -192, 922, -715, -254, 1062, 20, -191, 491, -682, 29, -108, -238, 351, 314, -328, -710, 393, -684, 791, 515, 404, -438, -531, -346, 427, -37, 185, 338, 738, 551, -1339, -296, 5, 231, -657, -202, 792, 4, -164, -625, -96, -502, 453, 150, -26, -495, -109, 155, 605, -105, -210, -373, -346, 263, 733, 336, 212, -286, -393, -398, 401, -798, -258, -303, 119, -190, -290, -223]
[-822, 25, -452, 655, 531, -520, -41, 42, 951, -628, 544, 698, 1036, 53, -448, 318, -226, 30, -221, -753, 107, -675, -182, -4, 348, 1045, -338, -368, -3, -162, 637, 195, 515, -918, -667, -69, 122, -753, 312, 664, 875, -224, -4, -1157, 642, -143, -16, -480, -1, -192, 842, -499, -308, -80, -448, 1111, 440, 1, 135, -213, -170, 561, -306, -128, 368, -993, 240, 420, 876, -559, 709, -222, 227, -272, -73, 520, -993, 118, -615, -135, -475, -396, -514, 907, 930, 584, -620, 555, 748, 293, -348, -460, -703, 9, 466, -853, 260, 29, -530, 283]
[136, -265, 280, 217, -125, 464, 153, 266, 340, 625, -45, -187, 246, -399, -90, -212, 588, 60, 25, -982, -219, 226, 431, 1295, -913, 230, 782, 500, -579, 755, 103, -152, -1597, 967, -410, -94, 14, 1005, -368, 165, 464, 534, -878, -131, 277, 130, -680, -546, -123, 636, -1571, 880, -409, -799, 116, -212, -181, -368, -30, 477, 242, 337, 997, 590, -145, -420, -733, -620, 440, 341, -1220, -639, -286, 533, 457, -127, 628, -458, -404, -125, 243, 351, 564, -366, -295, 163, 361, 320, -617, 316, -1226, -380, 265, -129, 232, 178, -248, -284, -107, -87]
[120, -409, 127, -167, -89, -37, -364, 662, -641, -244, 663, -292, -141, -388, 542, -26, -186, 156, -452, 557, 372, -492, -816, -794, 126, -222, -175, 330, 292, -271, -443, 412, 194, -635, -132, -407, 414, -178, 227, 446, 975, 436, 5, 149, -369, -281, 401, 145, 169, -184, -632, -349, 686, -772, -742, -15, 510, -298, 22, -73, -435, -795, -612, 371, -793, 194, -533, 17, -509, -223, 18, 404, -194, -144, 995, 331, -511, 679, -630, 393, -436, -712, -585, -4, -104, 910, 84, -193, -253, 16, 229, 428, -101, -423, -798, -124, -268, 416, -532, 74]
[-71, -271, 17, 411, 10, 460, 506, -610, -506, 328, -204, -1671, 137, -180, 1017, 15, 167, -770, 360, -477, -200, -35, 336, 712, -120, -3, -59, -5, -556, 224, -141, -231, -585, 244, 308, -433, -2, 83, 593, -923, 176, -67, 123, 627, 296, 171, -99, 466, 408, 693, -573, 66, 106, -511, -128, -863, 46, -368, 497, -149, 326, -232, 161, -176, -509, 145, -439, -365, 731, -608, -150, -744, -1076, 552, -912, 220, 647, -616, 285, 227, -7, 476, 923, -1361, -866, 685, -709, 355, 53, 430, 113, -188, -624, 414, 280, -243, 528, -429, 113, -359]
[588, 256, 343, -387, 524, -32, -149, 965, 244, -67, 560, 646, 62, 789, -524, -342, -974, -93, -66, 740, 1191, -220, -706, -127, -37, -300, 245, -120, -126, 479, -971, 272, 771, -318, 245, -232, -384, -616, -305, 836, -592, 1038, 451, 5, -100, -520, 440, -279, -397, -391, 1093, 280, 634, -108, -249, -134, 534, -692, -254, -103, 2, 203, -13, -575, 288, -2, -787, 992, -314, -133, 338, 117, -213, 168, 1027, 353, -208, 245, 435, -21, -150, -121, -429, 492, 71, -443, 591, 527, 1078, -17, 183, 376, -295, 323, 309, 370, -605, -160, 99, -169]
[154, 531, -649, 232, 659, -6, -641, -306, 616, 186, -537, 957, 810, 679, 432, -370, -532, -541, 401, -467, 437, -619, -414, 758, 808, 58, 148, -396, 181, -598, -848, 851, -490, -165, -29, 1081, -157, 43, 247, 245, 528, 356, -386, 213, -414, 323, -71, 266, -6, 402, 505, -1269, 442, -525, 420, 694, 646, 123, 233, -367, -78, -297, -179, 100, -407, -227, 730, 613, 808, 461, -41, -523, -538, 664, -453, 943, -384, 295, -97, 364, 275, 31, -153, 87, -467, 143, -833, 174, -237, -768, 429, -813, -107, -340, 782, -327, -450, -842, -296, 272]
[41, -439, 342, -292, 516, -171, -292, -38, -564, 783, 289, -445, 52, -295, 489, 177, 536, 536, -546, -469, -454, -392, 344, 605, 824, -972, -929, -467, -487, 50, -1067, 266, 56, -346, -339, 1002, -504, 99, 329, 112, -10, 676, 540, -693, -38, -73, -67, -186, 362, 625, 76, 752, 781, 287, 164, -520, -242, 495, 364, 396, -136, -506, -707, 4, -682, -719, 141, 187, 141, -677, -266, 383, 476, 63, 583, -632, 659, -291, -167, 1057, 164, -463, 412, -915, 216, 27, -174, -822, 25, 617, -55, -961, -500, -4, -544, 313, 308, 111, 85, 368]
[-194, 3, -85, -206, 753, -185, -865, -559, -996, 74, 762, -462, -926, -216, -473, 421, 483, -259, -266, 586, 679, 1136, -785, -263, -282, 580, 116, 867, -335, 94, -356, -31, -326, 239, -255, 232, 307, -154, 310, 471, -433, -123, -269, 411, -217, -368, 567, 580, -159, 263, -231, 1243, 705, 14, 366, -950, -49, 339, -314, -90, 246, 121, 344, -160, 704, -52, -263, -305, -27, 348, 287, 770, 176, -325, 339, -48, -197, -435, -210, -470, 445, -285, 60, -556, -35, -416, -78, 17, -691, 178, -58, 325, 69, -491, 346, -361, -174, -174, 182, 262]
[254, 652, 205, -238, 151, -299, -309, 231, 972, 869, -25, -62, -308, 568, 248, 763, -530, 477, 144, 120, -299, -150, 575, 259, -236, 540, -283, -463, 556, 77, 119, 67, 522, -34, -48, 69, -1142, 149, -52, -967, 208, -1121, -458, 648, 145, -328, -94, -979, 592, -260, -209, 226, -405, -361, 686, -46, -90, 766, 96, -424, -551, -728, 284, 629, -177, -459, 403, 651, -210, 74, 666, 123, -598, -188, 500, -187, 542, 450, -60, 542, 1055, 408, 335, -243, 106, 249, -822, -91, -660, 234, -787, -49, 262, 1161, 473, -60, -538, 144, 331, 277]
[154, 80, -145, -5, -424, -391, -212, 537, 123, 88, 68, 110, -199, 29, -331, 0, -513, -627, 306, 16, -496, -76, 419, 634, 382, -348, 321, 26, -1083, 177, 521, -1, 731, 742, 196, 795, 937, -454, -927, -515, 380, 375, 117, 458, -40, -449, 420, -65, -78, -976, 722, 88, 440, 75, -129, 337, 55, -717, 483, -713, 250, 292, -531, 594, 237, 344, 528, -187, -268, -59, 337, -477, 615, 821, 318, 153, 279, 813, 300, -522, 152, 574, -175, -282, 423, -642, -105, -64, 392, 379, -639, 106, 285, 74, -425, -358, -1008, 108, 1090, 83]
[53, -1486, -560, 111, 419, 384, 284, -97, 387, 28, 507, -338, 278, -380, 438, -379, 125, -402, -1191, -1135, -103, -329, -398, -697, -87, -221, -258, -593, 389, 125, -567, 412, -50, 126, -36, -224, 761, -455, -367, -205, 19, 528, 332, -484, 62, 344, -225, -152, -462, -396, 531, 371, 212, 320, -90, -364, 196, 535, -812, 536, -584, -286, -859, -138, -708, 330, -52, -302, 1057, -159, 585, 119, -125, -344, -19, -291, 553, 98, -125, 729, -524, -165, -130, 574, -471, -841, 475, 198, 367, 2, 133, -286, -1087, 445, 71, 407, 581, -135, 535, 226]
[202, 814, 1121, -1670, 568, -164, -372, 273, -246, 590, -20, -515, 177, 24, -144, -70, -488, -478, -579, 260, 442, -818, 119, -463, 905, -643, -115, -298, -88, -372, -235, 100, -686, -564, -377, 1069, -810, -117, -65, 172, -608, 1051, 413, 299, -702, -148, 313, -674, -81, -188, -12, 96, 591, -125, -333, -640, -533, -282, -595, 355, 105, -130, 46, -133, -486, 244, -466, 1137, 570, 403, -486, 481, 272, 531, 388, 191, -165, 13, 18, -74, -310, 803, -344, -136, -361, 181, 88, -112, -149, 366, 813, -66, -250, 326, -3, 1040, 15, 59, -175, -160]
[251, -164, -57, 46, -440, 60, 629, -359, -91, 1463, -483, -73, 748, 317, -1, 170, 239, 698, 424, 566, -900, -241, 870, -141, -123, 561, 248, -479, 1056, 371, -428, 65, -310, 581, -1462, -607, -498, 904, -743, -698, -136, -928, -506, 442, 425, -231, -1120, -159, -243, -164, 13, 476, 28, -156, -1036, -645, -33, -639, 445, 485, -45, 114, 313, 1073, -588, -388, -454, 80, 249, -606, -181, -40, -403, -6, 323, 304, -41, -800, 60, -340, 100, 715, 183, 405, 366, 224, 29, 116, 365, 105, -811, 162, 219, 426, 127, 58, -404, -781, -594, -26]
[242, -596, 106, -784, -391, -639, 343, 92, 1079, 334, -59, 192, 173, 708, -810, 589, 318, 173, 557, -88, -501, -869, 123, 90, 375, -105, 773, -804, 978, -97, 479, 380, 179, 243, -624, 803, 558, 403, -202, -58, -187, -692, 664, 9, 22, -1045, 130, -315, 759, 458, -303, 1011, 980, -590, -632, -20, -337, -494, 984, 728, 197, 180, 49, 175, 500, -625, -208, 472, 181, 232, 307, -128, -206, -82, 846, -90, 299, 715, -129, -109, -99, 312, -346, 367, 411, 49, -766, -315, 865, 221, 204, -592, 67, 462, -400, 95, -344, 320, 948, 507]
[-154, -344, -50, -595, -179, 289, -278, 120, -675, -334, -258, 513, -331, 318, 327, 610, 49, -150, -369, 475, 425, 151, -1, -199, -476, 96, 49, -135, 321, 556, 385, 189, -227, -863, 323, 319, -487, -320, 206, 569, 94, -247, 35, 594, -693, 381, -37, -631, 56, -349, 711, 750, 667, 794, 782, -540, -463, 386, -976, 60, -180, -147, -85, 89, -147, -367, -124, 468, 309, -913, 75, 275, 28, -505, -535, -126, -432, -336, 808, 401, 580, -165, 694, -629, 662, 188, -139, -28, 1, 639, -757, 577, 354, 623, -481, -97, 416, 832, -144, 171]
[-569, -616, 311, 294, -81, 133, 605, -1131, 732, 161, -284, 141, -389, 49, -251, -400, 852, 645, -310, 69, 218, -365, 864, -503, 228, 98, -262, 448, 309, -286, 256, -896, 741, -719, -348, 620, 507, 759, -409, -113, 483, 64, -99, 665, -237, -76, -649, 6, 15, -295, 204, 522, 627, 384, 236, 699, 395, -316, 3, -163, -452, 820, -424, -523, 384, 192, 518, -370, 19, 680, -213, 616, -625, -37, -519, 222, -145, 446, -1262, 466, -155, 887, 193, 834, -351, -129, -401, -302, 34, -220, -355, 348, 631, 377, 892, 467, -383, -528, 443, -214]
[123, 141, -7, -746, -393, 262, -369, 926, -289, -934, 520, 301, -648, 476, 104, 29, 902, 670, 404, 934, 811, 662, 709, 201, -210, -140, -219, -205, -399, 446, 317, 130, 207, 616, 1038, -87, 881, -107, -154, 618, -608, 349, 502, 297, -742, -41, 2, -665, 21, -946, -144, -467, 633, -22, 113, -90, -660, 151, 208, -605, 374, 523, 628, 272, 785, -209, -229, -169, -993, -244, -666, 16, 180, 179, 438, -175, -197, -555, 706, 470, 299, -346, 44, -424, -28, 24, 229, -400, -654, -480, -224, 90, -188, -169, -214, 486, -726, -189, -239, -967]
[824, -153, -35, 148, -294, 223, -220, -152, 167, 326, -188, 770, 272, 283, 196, 581, -264, -322, 644, 242, 225, -399, 543, 61, -20, -92, -19, 117, 973, -242, -25, 535, -412, 254, 893, 488, -581, 784, 599, -7, 657, 164, -452, 79, 155, 388, -466, -147, 169, -167, -1533, -1260, -353, -674, -342, -194, -334, -30, 354, 45, 136, 177, 978, -314, -808, -194, 280, -518, 100, 648, -1017, -706, -311, 541, 435, 275, 67, 1086, 338, 217, 203, -396, -246, 555, -467, -348, -300, 52, -383, 121, -950, -174, -69, -193, -490, -321, -648, 431, -1227, -993]
[501, 694, -837, 831, -737, -86, 527, -22, 109, -559, 265, 271, -633, 452, -428, -67, 3, -929, 355, 615, 599, 1082, -7, -766, 322, -458, 523, 207, 163, 573, 30, -85, -64, 546, 806, -411, 402, 222, -641, -128, -370, -227, 676, 632, 198, 225, 456, -55, -537, -1090, -522, 61, 288, 67, -885, 326, 556, 290, -241, -133, 546, -41, 447, 138, -316, 349, -16, 254, 488, 35, 261, -577, -198, -129, -69, 699, -369, 205, 76, 167, -91, -16, -379, -1016, -1189, 102, 270, 607, 721, 208, -92, 206, 136, 68, -255, 509, -383, -455, -213, -572]
[541, -1588, -131, 60, -241, 96, 74, -172, 669, 30, -669, -641, 249, 214, -352, 408, -152, -602, 190, -711, -1241, -289, 73, 158, 210, 44, -229, -331, 425, -60, 119, 385, -126, 218, 117, 254, 134, -173, -100, -176, 108, -540, 7, 452, 13, -314, -63, -475, 388, -778, 138, -954, 330, -1162, 32, 1069, 908, -287, 316, 374, 13, 139, -467, 338, -261, 342, 679, 444, 250, 796, -477, -278, -624, 586, 379, -55, 250, 154, 524, 849, 19, 580, 219, 45, -5, -49, -322, -421, 100, -611, -1237, -661, 758, 105, -519, 179, -195, 486, -41, 121]
[382, -137, 398, 199, 83, -854, 306, 1029, -52, 42, -395, 550, 108, -78, -281, -687, -668, -155, 470, -581, -325, -1232, -735, -686, 92, -283, -96, -830, -437, -568, -1382, 446, 190, -504, -278, 242, 438, 8, -50, 218, 222, 617, 615, 88, -131, -735, 541, -138, -472, 796, 111, -724, -119, -573, 529, -450, 588, 377, -219, -239, -407, -980, -340, 518, 703, -67, -194, 717, -27, 611, -67, 566, -233, -542, -97, 588, 335, -358, -143, 369, -754, 7, -680, 884, -945, -719, 59, -124, 319, -142, 641, -133, 118, 567, 301, 798, -344, -102, 393, 722]
[442, -328, -606, -50, -678, 544, 380, -325, -22, -460, 371, -250, -685, -175, 178, 154, -8, 463, 230, -93, -575, 484, -288, -77, -133, 544, -137, -545, 97, -211, 270, 643, -205, 825, -346, 454, 193, 464, -391, -221, 717, 57, -737, 703, -249, -355, -228, 20, -150, -1035, 61, 789, 895, -35, -260, -257, 148, -702, -183, 382, -243, 394, 100, -854, -644, 31, 90, -57, 364, 238, -873, -691, -474, -313, -492, 517, 145, -246, -1024, -242, 523, -500, 913, -816, -128, 241, -833, 671, -177, 793, -1232, 262, 535, -273, 821, 5, -80, -769, 74, -129]
[-454, -238, 470, -284, 203, -795, -406, 650, 584, 102, 89, -227, -178, 119, 26, -40, -1022, -500, 423, -774, -444, 126, -882, 161, -59, 369, -216, 147, 886, 427, 217, 257, 309, 356, -541, -255, -231, -981, 27, 94, 715, -102, 340, 212, 155, -1253, 807, 277, 676, 62, 610, 689, 221, -6, -663, 498, 1006, -626, -619, -276, 197, -70, -847, -800, -515, -261, -403, 577, -418, -697, 145, 176, -280, -46, 817, -181, -523, 702, 158, 227, -778, -102, -222, -509, 1144, 242, -561, 216, 524, 359, 119, -1009, -121, 1363, -63, -1198, 48, 257, 421, 362]
[71, -299, 173, -202, -572, 503, 332, -84, 28, 450, 386, 1612, 197, 741, -125, 376, 873, -2, -164, -489, 101, 744, -1266, -24, -198, -590, 140, 37, 357, -581, -986, -51, 765, -368, 1356, 905, -18, -348, -171, 232, 233, 329, -250, 685, 337, 403, 527, 554, -599, -105, -114, -860, 855, 277, -684, 988, 319, 554, -197, -279, 465, 278, 108, 177, 123, 770, 436, -1129, -92, -371, -42, -586, 66, -67, 1183, -207, -999, 1144, -1421, 240, -51, -529, -233, 92, 254, -1185, -82, 487, 47, 246, 538, 593, 469, 684, -364, -684, 218, -120, -631, 69]
[-33, -563, 318, -787, -69, 162, -55, -444, 828, -55, 396, -560, -217, 791, 311, 836, 605, 358, -488, -71, -328, 487, 186, -93, -393, -284, -867, -883, 633, 468, 67, 56, 64, -1014, -284, 788, -495, 510, 779, 218, 109, 161, -1047, -619, -473, 947, -440, -917, -159, -8, -669, 458, 336, -457, 135, -978, 243, -87, 41, 329, -904, -70, 248, -1214, -212, -952, 1149, 1297, 356, 762, 523, 281, -237, 9, -386, 551, -57, 121, -273, 927, 635, 366, 112, 79, 749, 561, -624, -339, 505, 995, 111, 384, -450, 619, 192, 944, 100, -442, 154, 444]
[35, -519, -531, 366, -151, -740, -138, -794, -352, -755, 483, 425, -304, -270, 67, -169, -182, 488, 512, 284, -123, -5, -629, -1186, -48, 437, 62, 131, -7, 66, -148, 425, 73, -395, 760, 134, 771, -315, 225, 153, 94, -158, -707, 362, -568, -268, 291, 516, 44, 456, -398, -399, 306, -99, 300, 241, 970, 411, -49, -574, 29, -400, 341, 685, 285, 710, 651, 153, -977, 10, -96, 735, 197, -535, 152, 533, -766, 587, -298, 52, 117, -874, -29, 191, -767, -678, -374, -163, -480, 87, -100, 212, 201, -288, -238, -178, -98, 802, 28, -165]
[-325, 42, 804, -241, -463, -352, -277, 104, 488, -421, -70, -815, 247, 105, 172, -125, 366, 916, -465, 285, -121, -113, 456, -690, -420, -298, -406, -680, -29, 1116, -383, 612, 272, -86, 351, -1009, -225, -295, 609, 682, -853, -278, 560, -122, 249, 893, 282, -57, 448, -5, -150, 635, -504, -174, 756, -400, -802, -309, 51, -14, 276, -360, 445, 216, -304, -393, -151, 585, 484, -585, 443, 194, -566, -275, 268, 52, 65, -276, 1094, -217, -101, -878, -284, 95, 298, 549, 248, -1151, -129, 217, -604, -338, -396, 466, -543, 753, 736, 574, 167, -887]
[50, -687, -313, -324, -1293, -473, 350, -430, 973, -337, 458, 1101, 907, 522, -730, 829, 312, -119, -159, 760, -15, 544, -507, 719, 165, -207, 597, -182, 509, -351, 248, 77, 237, 33, 1055, 519, -293, 47, -216, 375, -335, -231, -643, 275, 102, -89, 875, -148, 150, -271, -135, -277, 245, 260, -694, 468, -353, -285, -652, -83, -428, 686, 184, 23, -219, 235, 450, -431, 370, -757, 880, 373, 230, 667, 259, -103, -298, -114, -579, 345, -352, 633, -936, 424, 465, 629, -141, -67, -16, -252, -115, -622, -413, 322, -527, -830, -502, 38, 188, 514]
[-48, -397, 138, 596, -898, 131, 955, -974, 270, -406, -303, 811, 507, 61, -208, 1117, -220, 12, 350, 211, -895, -273, -309, 418, -168, -399, 522, -604, 52, -492, 239, -277, -258, 476, -237, 313, -768, 228, 776, -250, 735, -251, 139, -112, 516, -738, -308, 667, -3, 447, 844, 1107, -276, 390, -101, 138, -347, -722, -7, 59, -39, 313, 125, -131, 332, 382, -324, -692, 14, -59, 125, -89, 213, -320, -235, -349, 297, -552, -171, -34, 366, -37, 28, 546, 135, -244, -461, 455, 742, 946, -710, -777, 164, 93, 712, -83, 46, -108, 894, 93]
[-642, 400, 828, -111, -239, -1215, -1, 104, 296, 830, 711, 41, 331, 318, -717, -287, 360, -63, 248, 690, -1163, -711, -428, 260, 432, 518, 825, 115, 438, 810, -74, 461, 12, -264, -261, 1024, -253, 311, -874, -370, -1073, 618, 119, 536, 38, -244, 350, -856, -29, 518, -78, 145, 325, 15, 239, 234, 1000, -445, -358, -939, -282, -407, -222, 324, -260, -4, 103, 125, 385, 307, 970, 572, -207, 254, -293, 5, 390, -54, 217, -420, -4, 53, 128, 256, -474, 199, -734, -500, 203, 527, -473, -108, -231, 997, -61, -148, -977, 93, 604, 318]
[-545, -461, 132, 465, -135, 402, -143, -232, -257, 69, -366, 261, 630, -471, 494, 866, 240, 598, -80, 438, -421, -169, -176, 222, 69, -370, -579, -437, 548, -272, 61, 216, 161, -178, -3, 546, -601, -316, 62, 391, -685, -294, -467, -173, -171, -530, 617, -11, 529, 621, 1477, 556, 351, 427, 964, 286, -135, 553, -208, -18, 190, -1029, -687, -371, 937, -438, 396, 1088, -374, 98, 460, -446, -62, 35, -547, -406, 734, -692, -409, 516, -122, 3, 238, 77, 494, 618, -527, -737, 491, -95, -176, -729, -96, -186, 681, 338, 559, 199, 2, 47]
[-226, -581, -496, -323, 804, 127, -206, 79, 110, 993, 811, -462, 63, -674, -207, -114, -119, -273, -479, -171, -569, 250, 538, -768, 684, -109, -1195, -49, 1431, -172, -55, 552, 103, -53, -804, 203, 60, 90, -679, -521, 24, -331, 89, -981, 221, 521, 151, -394, -461, -261, 883, -219, 260, 138, -315, 203, 283, 191, -224, 270, -871, -314, -1136, 184, -39, -557, 254, 1334, -961, 691, 221, 532, 509, -241, 78, -154, -156, 318, 154, 610, 107, -271, 364, 385, 190, -173, 326, -859, 201, -432, 39, 26, 330, 504, 57, 555, -34, -89, 153, 471]
[-249, 840, -75, -1172, -329, -111, -408, 314, 433, 1251, 48, 159, 554, 987, 187, 272, 160, 589, 341, 253, -340, 8, -1164, 86, -429, 255, -1436, 133, 219, 94, -412, 127, 829, -640, 432, 144, -134, -349, -399, 44, -192, 570, -284, 317, 60, -679, 358, -148, -383, 133, 409, 34, 231, 74, 205, -424, -893, -255, -176, 136, -63, -969, 45, 326, 57, 115, 1227, 426, 114, -243, -125, 96, -402, -500, 80, -826, 76, -431, 4, -154, 191, -546, 321, -266, 537, -6, -631, -222, -1235, 299, 464, 600, -254, 618, -253, -279, -712, -152, -968, 643]
[6, -17, 272, -526, -421, -365, -284, -630, -101, 352, 521, 1082, -287, 557, -19, 162, -865, 478, 84, -357, 641, 393, 168, -140, -621, 192, 385, 503, 248, -152, -80, -121, 127, 121, 574, 419, 841, -251, -593, -264, -920, -621, -559, 301, -533, 351, -485, 316, 309, -150, 691, 670, 421, 854, -36, 234, 231, -136, -208, -145, -133, 139, -73, -785, 479, 103, 783, -350, 536, -354, 151, -286, -633, -41, 82, -138, 75, -294, -602, -1269, 34, -426, 852, -42, 285, -895, 412, 170, 162, 275, -516, 615, 907, 236, 51, 0, 139, 593, -548, 6]
[-81, 254, -324, 34, 54, -55, -323, 164, 401, -720, 594, 755, -133, -250, 177, -471, -298, -91, -105, -545, -466, -11, 520, -238, -25, 520, 128, -365, -249, 179, -973, 516, 169, 630, -666, -564, 51, -337, -350, -653, 753, -181, -109, 681, 21, -176, -292, -837, 281, -158, 483, -337, -213, 142, 322, -101, 39, 611, 570, -241, -333, -333, 91, 705, -725, -690, -302, -64, 550, -526, -84, -331, -224, 584, -338, 1117, 726, 569, -914, 40, 436, -662, -44, 289, -577, 29, -576, -372, -55, -145, -324, 126, -864, 87, 681, 261, -6, 523, -104, 37]
[-562, 109, -131, 151, -297, -191, 448, -15, 205, 229, -143, 1042, 639, 424, -500, 234, 249, -238, -452, -109, 594, 65, -197, 1265, -52, -388, -456, -148, 104, 503, 394, 206, 220, 37, 217, 497, 826, -92, 70, 1385, -621, 171, -625, -689, -871, 207, 610, -986, 239, -67, 28, 1174, 396, -661, 409, 537, -94, 185, 393, -415, -434, 758, 320, 270, 1041, -688, 152, 743, 177, -44, 342, 350, 282, 942, 824, 440, -501, -439, -256, 747, 775, -464, -137, -263, 512, 642, -374, -469, 416, -25, -1121, 94, 799, -98, -75, -189, -74, 381, 194, -437]
[286, 246, -465, 597, -183, 480, 220, 302, 397, 137, 553, -344, 660, 250, 131, -892, -572, -660, -810, 167, 334, -273, -474, 238, 9, 2, -141, -304, -216, -583, -413, 559, -329, 901, -224, -829, 64, -970, -221, -96, 3, 339, 246, -676, 516, 1316, -113, 149, 432, 753, 455, -454, -504, 349, -292, -281, -219, 7, 89, 553, -275, 89, 36, 919, -467, 99, 566, -238, 760, -479, -35, -555, 646, -44, -171, 341, -9, -1131, 435, -413, 206, -472, -82, 345, -1357, 131, 1425, -219, -90, -1067, 137, -24, -209, -172, 399, -42, 31, -288, 371, 4]
[357, -440, 39, 189, 70, 954, 227, 104, 50, 439, -424, -34, -891, -26, -152, -71, -195, -500, -313, -93, -278, 98, -187, -1069, 242, -1050, 14, -122, 286, 151, -563, 701, -220, 660, 650, 420, -236, -60, -517, -219, 72, -772, 349, 158, -11, 172, 345, -142, 184, -821, -793, 232, 359, -385, -423, 198, 391, 633, -613, 504, -56, -764, -299, 15, -716, 215, -607, 119, 3, 183, 130, 62, 218, -488, 560, -328, 428, 601, 359, -88, 196, -21, -158, -1272, -1377, -583, 248, 162, -80, -392, 718, 81, -526, -72, -404, 363, -188, 71, -236, -395]
[508, 145, -385, -382, -390, -510, 640, 446, 559, -778, 58, 1570, 185, 1022, -625, 329, -802, -408, -567, -187, 392, 317, -284, -621, -110, 193, 478, -388, -511, 188, -341, -24, 547, 574, 239, 130, -721, -707, -259, -877, 386, -1167, 359, 384, -550, 381, 100, -291, 58, 459, 62, -751, 123, 131, -408, -465, -2, -122, -850, 592, -204, -369, -162, 823, 105, -482, 665, 134, -658, 524, -258, -273, 379, -623, -626, 704, 397, 231, -162, 241, -442, 382, -525, 352, -488, -286, 156, -30, 403, 15, 459, -230, 122, 729, -568, -267, -91, 268, 1066, 537]
[51, -555, -285, 397, 338, 745, 328, 282, 196, -1346, -435, 538, -66, -415, 204, -640, -417, -1001, -137, -799, 373, -204, 317, 341, 28, -61, 274, -467, -472, 200, 331, 573, -742, 577, -130, -703, 257, -336, -155, 605, 537, 41, 489, -462, -218, 481, 166, -512, 345, -11, -764, 153, -411, -330, 521, -147, 122, -110, -35, 122, 455, 425, 244, 135, 292, 434, -1111, 186, 487, 295, -555, -437, 65, -142, 161, -86, -180, -302, 62, 808, -140, 133, -632, -128, -851, -549, 987, 31, -164, -431, -215, -438, 43, -432, 268, 151, 650, 283, -78, -465]
[147, 55, -303, 429, -216, 55, 321, -1129, 108, 367, -206, 67, 766, -924, -354, 482, -730, -486, -437, 26, 385, 787, 415, 434, -447, -197, 757, 383, -626, 187, 92, 96, -852, 600, 571, 110, -937, -21, -942, -1022, -922, 196, -287, 687, 689, 975, -2, 274, -10, -703, 418, 323, 238, 175, -524, -386, -129, 660, -208, 682, 323, 358, 591, 73, -661, 399, 534, -832, 256, 555, 162, 40, 983, 82, -858, -29, 539, 333, 659, -531, 1040, -370, -118, -482, 9, 391, -51, 580, -371, -354, -801, 27, 785, -448, -82, -202, 540, 398, -51, -960]
[-683, 478, -310, -66, 359, -909, 505, -645, -186, -289, 613, -86, 215, -953, -198, 25, -140, 592, 12, 96, 480, -23, -259, -51, 288, 49, -615, 552, 767, -817, 590, -692, 1336, -958, -199, 64, -283, 172, 514, 71, 664, 475, -79, -446, 173, -36, 393, 18, -428, -206, 950, 126, -345, 162, -301, 692, 73, -247, 149, -678, 428, 132, 173, -360, 673, 326, 901, 118, -72, 331, -326, 215, 834, -97, 401, 265, -794, 811, -294, -736, -434, 61, -233, 446, 346, 183, -103, -22, 86, 35, 172, 213, 635, -419, 677, -226, 1084, -81, -446, 92]
[-215, 416, -378, -268, 94, 159, 166, 5, 134, -821, 87, -14, 53, -371, -102, 355, 5, 179, 936, -247, 67, -168, 413, -345, 443, 597, 234, -660, -1143, -294, 381, -707, 691, -552, -1267, 51, -432, -202, 227, -152, 685, -479, 460, -149, -283, 925, -542, -730, -71, -203, -147, -669, -443, 104, -504, 556, 613, 2, 489, 325, 1041, 536, -206, -64, -249, -717, 235, -281, 210, 328, 184, 235, 364, -626, -38, -227, -559, -289, 475, -534, -272, 441, -209, 237, 707, 41, 908, 289, 207, -256, 324, -67, 371, 237, -90, -97, 618, 420, -270, -289]
[-78, 306, 666, -307, -174, 27, -710, 374, 231, -368, 547, 216, -325, -104, 7, -257, 244, 684, -373, -120, -384, 669, 288, -711, 578, 220, 310, -87, -903, -24, -276, -475, 811, -301, -444, -882, 844, 286, 611, 27, 12, 145, 588, -34, 942, 593, 63, 438, -612, -68, 207, -716, -414, 772, 751, 747, -272, 849, 595, -195, 697, 339, -575, -229, 321, -1062, -265, -447, -10, -139, -347, 762, 87, -584, -17, -291, -466, 256, 206, -512, -956, -259, -738, 840, 299, -1115, 743, -305, 236, 230, 961, -7, -88, 660, 264, 432, 386, -423, -696, -144]
[-258, 322, 83, 367, 85, -48, 354, -638, -44, 491, -1034, -117, 113, -963, -626, -1072, 707, 139, -8, -41, -221, -88, 448, -253, -175, -289, 787, 382, -312, -344, 82, -1031, 10, 247, -169, 16, 68, 547, 69, -514, 446, 70, 195, -237, 68, -208, -204, 382, 124, -247, -274, -270, -152, 23, -600, -640, -689, 188, 705, 272, 71, -320, 1097, 325, 234, 569, 726, -312, -698, 787, -695, 759, 780, 967, -970, 575, -109, -140, -94, 165, -85, -39, -456, 560, -259, -438, 60, 227, -462, 151, 144, 225, 136, -338, -180, 230, -441, -443, -319, 364]
