[-351, -61, 228, -44, 413, -111, -472, -147, 153, 337, 728, -465, 284, -150, -453, -340, -201, -318, 217, 782, -551, -319, 290, 234, 358, -73, 370, -1065, 215, 366, 8, -283, -594, -78, 154, -160, 373, -45, -5, -113, 329, 852, 88, 289, 179, -316, -307, 13, 86, 321, 281, 19, 313, 288, 557, -112, 493, -299, -543, 234, -700, 115, 179, -616, -24, -241, 259, 417, 487, 836, 72, 187, -297, 531, 246, 253, 214, 127, -107, -588, -212, -301, -135, 60, -291, 63, 408, -142, -434, 243, 258, 716, 123, -401, 120, 240, 499, 279, -374, -447]
[53, -430, -87, 172, 372, -48, -583, -168, 107, 396, 423, 217, -37, -376, -217, -8, -373, 398, 388, 691, -733, -251, 466, 460, -481, 323, 331, -597, 380, 134, -124, -44, -733, -249, -55, 192, -291, 134, 10, 736, 83, -383, -166, 107, 3, -603, -281, 19, 560, -327, 87, 317, 506, -284, 130, -1007, 677, 187, -25, -136, -807, 365, -24, -669, 98, 194, -268, 97, 68, -106, -74, 307, -290, 418, 588, 348, -199, -1134, -339, -502, -873, -148, -42, -244, -694, -10, 752, 153, 196, 237, 602, -31, -60, 68, 770, -7, -256, 86, 436, -84]
[-505, -471, -604, 26, -304, 211, -17, 267, -693, -576, -275, 69, -84, -49, -208, 237, 478, 244, -57, 213, 49, -43, 107, -637, -82, -203, 98, 217, -925, 153, -250, -619, 196, -88, 117, -126, -37, 287, -889, 41, -183, 299, -281, 176, 903, 405, 509, 379, -272, 208, 43, -37, 658, 62, -194, 505, 429, -126, -6, 729, -57, 242, 9, -146, 177, 124, 335, -81, 72, -23, 571, -24, 78, -7, -127, -461, -261, 482, -607, -565, 442, -150, -174, -364, 118, -501, 394, -437, -198, -484, -154, -423, -371, -725, -1106, 296, 228, 150, -156, 45]
[466, -276, 1191, -726, -273, 223, -64, -55, 677, 488, -89, -147, 230, -206, -503, 295, -863, -58, -302, 769, -57, 130, -352, -322, 236, -6, -225, -994, 261, 125, 584, 185, 173, 356, -305, 362, -239, 58, 107, 485, -119, 169, 201, 94, -615, -104, -227, -203, 535, 524, 81, -305, 367, 21, 185, -53, 260, -59, -440, 8, 463, 77, 373, -221, 281, 762, -242, -97, 135, 391, -168, 35, -299, 234, -100, -131, 199, 217, 287, 310, -86, -62, -8, 441, -28, -59, -47, 540, -175, 1111, -85, -25, 196, 478, 147, 151, -276, 258, 329, 485]
[-347, 445, -97, 253, 426, 124, -412, -139, 350, 511, 87, -161, 593, 585, 68, -364, -217, 235, -21, -106, -322, 505, 558, 667, -376, -453, 420, -190, 985, 291, -358, 177, -1105, -167, -95, -405, 409, 106, 280, -4, 419, -159, -161, -327, 218, -86, -462, -287, -886, 216, -333, -219, -1062, -304, 471, -507, 270, -507, -316, -484, -808, -708, -496, -143, -5, -592, 183, 863, 100, 683, -189, 36, -9, 122, 345, 273, 124, -514, 536, -556, -352, 240, -28, -273, -262, 380, -433, -40, -490, 1289, 222, 611, 99, 133, 481, -398, 189, -141, -103, -809]
[81, 242, 299, -549, -64, -442, -248, 311, 526, 718, -122, 226, 636, 130, -40, 235, -677, 314, 126, -249, -86, -170, -94, 175, 15, -341, 268, -862, 518, 494, 641, 103, -103, 676, 148, 5, -177, -817, 385, 253, -116, 177, -405, 135, -178, 57, -1, -914, 149, -5, 25, -138, 166, -30, -19, 266, 281, 608, -242, 51, -54, -436, 65, 379, 331, -250, -431, 855, 126, -179, 143, 197, -525, 381, 36, -103, 231, -250, 988, -28, -41, -234, 62, 416, 649, -215, -228, 621, -200, 866, 69, -337, 791, -4, -87, -573, -379, 51, -565, 459]
[-477, 25, -27, 130, -802, 158, -108, 572, 542, -117, 122, -444, -43, -125, -548, 569, 603, 418, -263, -598, 555, -237, -650, 136, 463, 100, 580, 246, -970, 282, 293, -416, 561, 492, -289, 235, -236, -305, -213, -497, -320, 62, 232, 128, 109, 560, 614, 621, 9, -141, 1, 53, 660, 636, -1074, 421, -551, 55, 285, 603, 843, 169, -311, 583, 223, 136, -593, 153, -223, -123, 358, 177, -11, -351, -301, -771, 179, 615, 878, 280, 362, -442, 128, 452, 674, -949, 92, -87, -529, -392, 19, -758, 34, -169, -592, -206, -360, -190, -354, -69]
[153, -274, 398, 151, -187, 196, -228, 59, 457, -216, 978, -283, -666, -435, -350, -54, -14, 268, -422, -239, -122, -104, -109, -101, 1165, 150, 259, 190, -463, 429, -358, -36, 84, 320, -19, -183, -565, 332, 426, -225, -220, -110, -849, 69, -40, -14, 16, 495, 916, -93, -317, -234, 593, 802, -115, -507, -427, 419, 469, -74, 308, 597, -501, -369, 73, 392, 170, -644, -341, -649, 43, -57, 71, 392, 58, -168, 37, -390, -408, 174, -77, -198, 537, 418, 144, -84, 602, 327, 402, -437, 492, -161, -186, -649, 687, -467, 85, -369, 107, 33]
[184, -31, 323, -177, -121, -828, 491, -232, 469, -54, 69, -263, 74, 56, 20, 250, -964, 563, 311, 47, 481, -316, 40, -264, 2, 522, 24, -330, -3, -944, 239, 167, 261, 833, -424, -16, -335, 121, 127, 106, -287, -1000, 744, 582, -782, -163, 150, -319, -190, -857, -237, 142, -283, -345, -671, -757, 412, 524, -12, -359, -210, -39, 244, 543, -43, -97, -869, -770, -674, -783, -164, 759, -152, 136, -73, -468, 95, -923, 285, 866, -349, -199, -56, -213, 433, -272, 234, 355, 447, 73, 472, -409, -19, 789, 497, -189, -928, 403, 514, 385]
[635, -101, 435, 301, -487, 651, 446, 699, 417, 368, -381, 171, 2, -504, 482, 116, 703, -256, -224, -676, 637, -435, -1, 280, 49, -34, 378, 51, -401, 723, 401, 659, -21, 151, -159, 345, 485, -524, 492, 248, 292, -624, -790, -684, -392, 676, 262, -228, 620, -462, -170, 382, -341, -118, -316, 651, -752, 114, 275, 179, 629, 240, 3, 654, -51, -310, 268, 265, -130, -531, 85, -38, 595, -372, 80, -15, -69, 58, 220, -383, 432, -397, 273, 517, 250, -98, 168, 443, -378, -32, -251, 181, 167, -89, 90, -705, -425, -231, 196, -199]
[569, 234, -34, -279, -80, 285, -509, -482, -397, -216, 36, -2, -542, 34, -545, -306, 225, -551, 38, 353, -166, -354, -1460, -233, 427, 331, -852, 624, -58, -636, -179, -86, 370, 134, 413, 10, -112, 360, 233, 3, 435, 78, 1121, -100, -80, 95, -162, -217, -628, 782, 129, 35, -118, -175, 389, 153, -102, 145, 145, -565, -14, 373, -74, 76, 43, 723, 305, -100, 177, 468, -539, -550, 198, -76, -375, -1, 179, 28, -288, 1036, -217, 679, 436, 245, -226, 574, -830, 106, 1002, -390, -389, 137, 30, 758, 183, 114, -157, -353, 62, 198]
[-278, 164, -774, 625, -1, -675, -138, -47, -919, -368, 16, -278, -148, 628, -824, 204, -26, 230, 0, 48, 421, -146, -458, -587, 324, 265, 334, -302, -512, 239, -188, -585, -222, 25, 191, -110, 237, 279, -451, -353, 830, 456, 648, 397, 410, 936, 273, -9, -894, 189, -745, 144, 138, 497, -379, 60, 511, 41, -14, 600, -467, 45, -81, -160, -794, -65, -622, 457, 145, 295, 402, 476, -126, 2, 80, -698, -241, 345, 200, 231, 246, -70, -18, -74, 816, -214, -866, -1067, -555, -32, 458, -213, 62, 199, -520, 149, 419, -336, -187, 191]
[-51, -425, -252, -118, 337, -445, -441, -83, -327, -18, 339, -473, -59, -88, -964, 99, -42, 584, 556, -189, 539, -240, 324, -353, 137, -47, 1416, -1006, -173, 656, -516, 271, -1091, 562, -79, 95, 241, -212, 241, -11, 500, -454, -471, 343, 1111, 608, -209, -70, -329, -50, -279, 417, -488, -210, -386, -458, 1254, 200, -151, 405, -637, 868, -190, 67, 154, -14, -90, 296, -493, 124, 20, 645, 213, -231, 603, -168, 25, -216, -120, -712, -224, -313, -297, 513, -28, -207, 29, 292, 106, 531, 749, 128, 345, -601, 626, -711, -168, -35, -345, -415]
[-461, -302, 5, 128, -1270, 924, 381, 609, 136, -194, 90, -451, -14, 420, -173, 270, 248, 663, -866, -382, -300, 108, 276, 374, -217, -319, -374, 1096, -267, -1049, -242, 143, 419, 65, -431, -1007, -631, 753, -87, 28, -523, -377, 7, 40, -141, 222, 480, 440, -1111, -108, -397, -853, -825, -125, -373, -27, -263, -44, -110, -315, 121, 135, -941, 2, 579, 67, 168, -401, -301, -460, -202, 231, 282, 187, -650, -173, -540, -1090, -247, 215, 105, 343, 180, -860, 245, 203, 386, 169, -512, 215, -40, 435, -489, 83, -3, 494, -645, 14, 6, -191]
[85, 114, -256, 39, 120, 289, 318, 457, -542, 28, 430, 345, -335, -75, 552, -492, -861, 218, 341, 543, -279, -1531, 274, -730, 1456, 10, 450, -618, -839, -9, 394, -416, 140, 536, 326, -51, 246, -477, 46, 324, 319, -86, -193, 486, -39, 473, 558, -700, -67, 191, -12, 62, 854, 398, 274, 549, 455, 475, 429, 254, -868, -181, 168, 608, -175, -355, 592, -689, -65, -739, 1152, -457, 148, 665, -95, -364, 402, -202, -605, -126, 690, 149, 437, -164, 390, -59, 1148, 69, 354, -628, -361, 24, 259, -692, -907, -460, -61, 502, 386, 508]
[-88, 350, -740, -92, 189, -171, -639, -67, -577, -329, -593, 929, -29, 114, 1195, -835, 382, -8, -85, -369, 71, -399, -1107, -633, -343, 448, -729, 928, 335, 279, 206, -483, -9, 286, 686, -370, 346, -87, -688, 219, 70, -61, -461, -528, 765, -207, 463, -674, -256, -403, -122, 242, -67, -241, 502, 769, -656, 614, 229, -351, -106, -504, 262, 311, -775, 405, -415, 871, 314, -329, 0, -67, -68, 16, 424, 459, -178, 107, 92, -135, 22, -144, 764, 134, 181, 342, -822, -169, 684, 272, -310, -782, -345, 240, -583, 59, -284, -365, -245, 619]
[383, -164, 130, 166, -7, -597, 536, -240, -182, -117, -396, -71, -19, 362, -17, 621, -686, -424, 162, 512, 276, -630, 348, -245, 75, -175, -417, -474, -94, 216, 829, 92, 313, -57, -198, -83, 387, -362, 301, 34, 618, 772, 658, 251, -581, 334, -405, -493, -160, 935, 242, 671, 16, 82, 153, 125, 120, -561, -3, 587, 20, 589, 933, 319, -486, -327, -94, 216, -379, 404, -164, -391, 516, -97, -186, -278, -527, 705, -360, 393, 726, 210, -573, 529, -104, 110, -512, -743, -637, -291, -85, 696, 715, 11, -805, -190, -23, 107, -273, 209]
[766, -822, 217, 155, -455, 477, -74, 669, -445, -453, 65, -499, -448, -421, -1018, 770, 524, -94, 19, 945, -132, -669, -431, -602, 253, 25, 185, -435, -705, 603, -161, 261, -305, -603, -913, 451, -972, 101, -247, 225, 123, 352, 137, 201, -164, 683, -473, 698, 598, 515, -105, 475, 500, 697, -634, -375, 162, 294, 366, 168, 629, 926, 190, -85, -162, 550, -91, -524, 63, -235, 458, 26, -388, -323, -271, -624, -214, 298, -685, -46, -619, -403, -633, 928, -293, -102, 42, -348, -45, -511, 51, -610, 325, -157, 390, -292, -70, -305, 159, 427]
[11, 92, 157, 67, 1051, -1272, 36, -807, -661, -678, -469, 544, -47, -181, -296, 160, -479, 271, 340, -379, 167, 454, 553, -628, -253, 518, -243, -209, 74, -217, 346, -464, 564, -149, 152, -170, -267, 221, 103, -68, 84, 277, -176, 222, -414, -356, -149, -51, 1006, -641, 1354, -176, 1096, -253, 397, -513, 324, -486, 289, 306, -504, 171, 619, 154, -128, 98, -542, -566, -625, -466, -546, -314, 223, -146, -40, -58, -67, 434, -141, 263, 289, 430, -829, -347, 341, -95, 58, -253, 633, -418, 513, -202, 73, 73, -84, 233, 222, -47, 295, 351]
[-73, 319, 845, -670, -1038, 663, 20, 149, 1351, 623, 623, -1055, 79, 163, -966, 677, 289, -207, 21, 494, 39, -259, 370, -383, 1194, -1140, 456, -169, -554, 3, -171, 271, 298, 557, -809, -550, 316, 478, 254, -267, -438, -682, 974, 7, -472, 233, -209, -311, -832, 987, -369, -335, -60, 453, -8, -227, 215, -521, -22, -149, 388, -176, -409, -61, 971, 98, 429, -229, -581, 496, 17, -320, 635, 694, -550, -547, 572, -776, -187, 448, 141, -97, 462, 323, 209, 126, 156, 165, 32, 325, -75, 90, -34, 117, -580, -777, -430, -98, 251, -486]
[56, -128, -547, -353, 822, -380, -214, -434, -853, -267, 357, 68, -560, 223, 580, -639, -158, -411, -82, -684, 98, -69, -64, -488, 256, 71, 436, -392, 707, 290, -177, -179, -800, -490, 569, 62, -159, -205, 461, -238, 693, 653, -1125, -117, 595, -543, 133, -168, 724, -914, 175, -327, -590, 459, 951, -10, 126, 590, -784, -71, -269, -357, -20, 108, -927, 297, 155, 58, 531, -531, -421, -393, -615, 463, 457, 575, 162, 297, 298, -317, -258, -377, -68, 196, -507, 650, 360, -118, 534, 221, 266, 308, 414, -476, 778, -138, 1098, -205, -578, 14]
[88, 253, 775, -385, 121, 668, 558, 788, 975, 50, 184, -382, 130, -77, 1069, -859, -164, -259, 240, 356, 347, -399, 177, -754, 385, -350, -250, 292, 85, -474, 150, 271, 409, 319, -652, -250, 359, -520, -422, -828, -68, -703, 34, -328, -391, -370, -36, -181, -1016, -252, -42, -84, -421, 736, -42, 440, -531, -586, 386, -737, 342, -294, 66, 550, 158, -574, -17, -1133, -389, -515, 64, 117, 638, -552, 265, 164, 418, 728, 235, 153, 514, -137, 17, 575, 248, 226, -107, 115, 238, -129, -561, 346, -952, 18, 268, -135, -908, 406, 541, -253]
[1018, 556, 207, -182, 210, 614, -368, 922, -3, -267, -1447, 648, 228, -294, 722, -1135, -8, 266, -596, 456, 0, 710, -748, -800, -512, 283, -733, 309, 842, 363, -112, -362, 76, -668, -107, -106, 266, 635, -1105, 105, 690, 306, -688, -656, -61, 707, -137, -420, -437, -164, 158, -674, 162, -434, 364, 993, -570, 27, 52, -745, 325, -579, 390, 409, 302, 210, 34, -256, 301, -159, 686, -30, -307, -636, 55, 105, -81, 699, 121, -154, 640, 106, 28, 10, 711, -111, -627, -319, -73, 661, -607, -1059, -835, 211, -298, 268, -273, -637, 766, 465]
[772, -518, -535, 304, 84, 209, -330, -7, 452, 183, -729, 323, -100, -421, 1393, -264, -666, 62, 269, -23, -194, -124, 74, -298, -184, -190, -157, 44, 555, 411, 436, -132, -732, -236, -63, -223, 98, -818, 570, 519, 1208, -114, -1149, -398, -95, -546, -90, -429, 1001, -608, 419, 467, -110, 60, 373, -252, 529, 289, -225, -708, -225, 373, 843, 607, -97, 88, 67, 666, -21, -465, -464, -285, -27, 247, 382, 513, -558, -164, -100, -659, 224, -480, -84, 779, -59, -255, 77, 141, 116, 283, 72, -119, -9, -411, 690, -100, -439, -683, 169, 182]
[-507, -27, -820, -290, 394, -101, 138, 167, 71, -16, -460, 55, -20, -408, 815, -316, -223, -11, 455, -135, -185, 80, 1561, -58, 616, -805, 540, -33, -243, 398, 241, -442, 45, -68, 236, -254, -149, -329, 471, -306, 141, 113, -1163, 614, -198, -239, -325, -985, 327, -169, 478, -342, 429, -149, 613, 202, 987, 69, -344, -203, -53, -680, 126, 172, 409, -299, 694, -334, 99, -456, 734, -206, -262, 985, -42, 488, 166, -629, -652, -462, 545, -739, -248, -737, 409, -408, 702, 277, 385, -271, 303, -349, -178, -806, -277, 163, 171, -37, -293, -150]
[402, -677, -1165, 384, 308, -39, 310, -88, -289, -1225, -339, -80, -928, -358, 642, -730, 849, -29, -414, -77, 764, -584, -507, 170, -167, 1268, 100, 1048, -705, -20, -636, 68, -81, -209, -176, 360, 100, 607, -35, 359, 721, -700, -61, 547, 510, 467, 240, 271, -578, 18, -826, 881, -1228, -365, -325, -170, -381, 383, -443, 134, 257, 425, 555, 641, -636, 546, 181, -508, -135, -554, 618, 1116, 190, -367, -175, 336, -677, -131, -947, 129, -140, 184, 189, -237, -269, -118, 95, -510, 471, -457, 305, 215, -550, -140, 274, -1, -330, -307, -129, -26]
[-292, -483, -656, -542, 42, -186, 671, -126, -1441, -1307, -656, 421, -125, -29, 23, -15, 1302, -497, 88, -660, -192, 158, -267, -173, -543, 78, -416, 740, -674, -785, 214, -107, 1067, -353, 456, 134, -69, -313, 16, -214, -510, -2, 159, 840, 474, 156, 259, 794, 317, -109, 1161, -341, 99, -178, 111, 159, -371, 187, -210, 278, 528, 7, 129, 765, 31, 6, 297, 11, -272, -194, 25, 46, 403, -975, -645, 86, -397, 1049, -147, 189, 421, 874, -482, -730, -21, 207, -12, -153, 488, -1157, -113, 773, 273, -188, 297, 637, 66, 252, -906, 158]
[-250, -448, 1257, -584, -331, -257, 80, -19, 82, 12, -298, -15, -41, -60, 111, -304, -252, -560, 216, 500, 63, -136, 30, -1496, 156, 47, -372, -286, -921, -24, 708, -399, 164, 187, 88, -221, 706, 548, -448, -374, -55, -394, 110, -9, -284, -158, 180, -205, 794, -989, 46, -209, 698, 107, 715, 177, 344, -38, 58, 94, -270, 214, 477, -429, -354, 902, 79, -590, -583, -306, -323, 109, 748, 264, 757, -158, 399, 10, -777, 153, 245, -444, 179, -234, 83, -295, 438, -163, -151, -199, -241, 209, -261, 284, -274, 799, 67, 130, 918, 696]
[317, -74, -312, 231, -264, 650, 245, 386, -249, -4, 309, 422, -275, -477, -101, -71, -326, 484, 285, -294, -173, -384, -195, 354, 343, -442, 398, -129, 518, -161, -190, -466, -960, 449, 201, -273, -1, 79, -343, -51, 813, 76, -466, -77, 178, 521, 420, -761, -1255, 0, -197, -608, 18, -227, -22, 225, 351, 608, -34, 141, -757, 69, -418, 676, -1, -1480, 433, -53, -91, -679, 64, 19, -41, 61, -71, -336, 99, -545, 420, -86, 633, 498, 482, -273, 583, 40, 388, 274, -197, -157, 331, -41, -302, -579, 323, -1102, -228, 105, -88, -787]
[182, 297, -167, 847, -207, -41, 23, -435, 128, -494, -273, -374, -353, 113, 37, 558, 106, -438, -468, -252, 3, 113, -485, 757, 378, 443, -427, 431, 438, -624, 130, 217, 447, -1418, -270, 231, 417, 221, 224, 5, 646, 858, 881, 154, -1127, -574, 441, 707, 302, -348, 378, 74, 19, 1030, -170, -43, -887, -105, -334, -198, 335, -123, 365, -7, -562, -41, -910, 675, 1, 487, -662, 194, 70, -94, -985, 638, -349, 766, 1025, 648, 380, 792, -142, 181, 532, 290, -834, -715, -889, -201, 370, 549, -197, 838, 610, 848, 1114, -381, -512, -416]
[-588, -140, -30, 624, -557, 597, 509, 249, 6, -465, -374, 107, 92, -97, -89, 391, 463, 381, -346, 274, -401, 467, 223, 319, -1077, 222, -582, 971, -522, -351, 420, -491, 537, 0, 164, 137, -370, 801, -869, 174, -790, -418, -191, -26, 11, 157, -35, 440, -273, -436, -329, 17, 354, -569, -267, 252, -709, -168, 287, 161, 648, 274, -103, -318, -175, 1128, -202, -398, -37, 125, 307, 862, 218, -796, 372, 455, -386, -483, -182, 199, 332, 350, 646, -1092, -151, -336, -218, -559, -1201, 675, 635, -118, -585, 522, -129, 1132, -651, -41, 730, 128]
[-965, -223, 194, -1, -738, -64, 1257, 540, -319, -41, 743, -55, 260, 192, 622, 81, -68, 116, -75, 218, -348, -228, 1163, 24, 132, -354, -282, -246, -379, -351, 335, -140, -56, 924, -67, -355, 660, 392, -1003, 38, -965, -313, 155, 304, 315, -25, -195, 7, -459, 724, -601, -485, -584, -31, 188, 54, -726, -390, 248, 541, -161, -362, 65, -171, -906, 212, 126, -484, 151, 523, 352, 467, 1118, -471, 695, 358, -155, -308, -615, -197, 1038, 252, 356, -746, -581, 88, 564, -205, -1228, 760, -183, 1107, -622, -687, -863, 1017, -116, 1132, 110, -9]
[355, -84, 272, -547, 38, -755, -243, -25, -4, 174, -891, 283, 626, -556, 108, 54, -62, -102, 242, 866, -309, 843, 665, -129, -861, -14, 24, -1209, 474, 558, 40, 523, -69, -467, 113, -62, 242, 11, -44, 555, 320, -835, -41, -159, -163, -109, -973, -234, 428, 102, 940, -397, 199, -452, 553, -323, 1051, -559, -277, -477, -336, 43, 672, -388, 691, 565, -80, 388, -74, 458, -478, -85, 226, 100, -202, 704, -539, -60, -118, -555, 641, -208, -570, -117, 390, 401, -891, 382, -20, 769, 403, 146, -157, 63, 838, 467, -164, -336, -123, 63]
[-288, -338, -9, 696, 278, 366, 471, 262, -918, -445, -221, 41, -63, -183, 452, 383, 321, -10, -441, -684, 384, -54, -314, 263, 688, -79, 677, -227, -681, 1244, 58, 252, -235, -20, 306, 311, -125, -225, 452, -614, -170, 234, -1108, -365, 88, 878, -298, 564, 1397, -29, 64, 156, 565, 334, -379, 371, -279, 279, 598, 319, 495, -251, -652, 392, -352, -455, -114, 110, 346, -94, 932, -1015, -392, -311, -940, -1093, -19, 875, 233, -644, 230, -1032, -375, 219, 297, 134, -376, 120, 209, -166, 82, -288, 417, -142, 860, -1266, 736, -491, -544, -373]
[-506, 55, -463, -195, 50, -441, -133, -258, 72, 301, 339, 364, -647, -166, 610, -963, 38, -239, 160, -886, -610, 126, -724, 799, 550, 1, -107, 302, 124, 324, 258, -660, 31, 87, 1003, -499, 646, -1095, 770, -1116, -122, 1092, -283, 454, 539, -215, -717, -285, 763, 881, 766, -762, 304, 98, 902, 290, -214, 467, 95, -24, 149, 521, -219, -312, 181, -272, 701, 759, -155, 1058, -4, -415, -177, 15, 54, 302, 235, 376, 113, 118, 615, -366, 330, -80, -59, -576, -8, 538, -69, -956, -476, 662, 282, -1325, 188, 156, 787, -109, -1376, 626]
[-268, 327, 601, 427, -618, 1063, -490, -351, 121, -378, -1224, -77, 139, -61, -772, 653, -299, 472, -341, -53, 141, 514, -1131, -148, -71, -278, -1125, 1235, 262, 57, 427, -179, 247, -250, -1237, -197, -46, -226, -19, 41, -189, 44, 365, -802, -1221, 169, 283, 269, -766, 330, 454, -132, 133, 157, -138, -4, -392, -1099, 746, -740, 183, -499, -478, -387, 78, -566, 30, 763, -430, 674, -629, -334, 231, -116, -418, -1219, 156, 571, 1002, 533, 23, 105, -169, 263, 385, -411, -1235, 425, -139, 303, -704, -748, -593, 920, -344, 87, -466, 184, 249, -535]
[335, -455, 289, -5, -36, -931, -18, 157, -110, 81, -250, 114, 646, 440, -59, 344, -1110, 821, -300, 593, -128, 666, -679, -9, -67, -214, -611, -701, 822, 850, -371, -615, -478, 549, -349, -599, 492, 531, -594, -65, -228, 1066, -525, 412, -133, 311, -539, -558, 120, 983, -371, -240, -300, -126, 761, -112, -171, 608, -319, 136, -823, -677, 396, -592, -189, -836, 55, 843, 335, 515, 1182, 392, -412, 246, 21, -949, -256, 4, 179, -317, 0, -496, -685, 92, 2, -336, -657, -112, -333, 759, -26, -24, 391, -292, -108, -505, 355, 590, -720, 441]
[-92, -150, 145, 197, 179, 279, -187, 253, 509, 520, 645, -810, 489, 353, 281, -229, 1007, -374, -556, -419, 257, -433, -1000, 697, 124, 362, 59, 763, 304, -600, -125, -240, 830, 93, 25, 5, 237, 96, -170, -332, 183, 861, 1434, -115, -210, -427, 482, 864, -614, -11, -197, 401, -777, 280, 183, 238, -1288, -378, -342, -399, 236, -565, -531, 349, 55, -273, -355, 310, 702, 181, 67, -780, 178, -10, -317, -420, 384, 167, 752, 156, -940, 346, -447, 342, -452, -49, -103, -122, 482, -508, -587, 455, -132, 921, -356, -150, 70, -167, -21, -569]
[276, 239, 224, 427, 243, 477, 728, 75, -639, -371, 211, -674, -58, 595, 196, -913, 660, -407, -199, 21, -209, -1556, 46, -877, 1000, 525, -368, 223, -979, -516, -510, 347, -168, 68, 59, -1270, 1041, 628, -169, -587, -85, 398, 260, -29, -118, 845, 28, -597, -388, 502, -704, -284, -787, 122, 187, 605, -140, -112, 37, 42, -409, 271, -313, -102, 6, -575, 55, -587, 123, 250, 284, 403, 41, 401, -637, -34, 179, -334, -1594, 154, -53, 157, 561, -578, 485, 1423, 667, -345, 163, -219, -635, 1216, -59, 185, -949, 289, 301, -134, 424, 571]
[153, 420, 76, -15, 427, 18, 807, -2, -527, -668, -100, -168, -270, 8, -370, -23, 626, -191, 38, -303, 871, 107, 843, -430, 187, 94, 709, -278, -852, -450, -577, 192, 1021, -269, 41, 414, 529, 462, 225, -722, -659, -593, 154, 652, 31, 514, 121, 463, 358, -195, 1022, -537, 390, -497, -195, 441, -59, -330, 160, 675, 850, 119, 10, 92, -49, -686, 366, -1239, -769, 200, 1224, 541, 267, -213, -839, -217, -333, 959, -278, -460, 236, -201, -570, -863, 471, -102, -41, -219, -46, -1101, 170, -130, -625, 106, -100, -218, 44, 953, 364, 90]
[314, -138, -238, -426, -55, -28, -321, -633, 422, 224, 620, -110, -430, -920, -336, 232, 796, -889, 487, 773, -713, 72, -210, -113, -548, -719, -72, -12, 447, -129, -418, 83, 861, -430, 930, 223, -467, -836, -118, 457, -626, -166, 10, -134, 277, -914, -197, 191, 665, 68, 115, -230, 414, 188, 201, 203, 14, 179, -339, -309, 783, 579, 246, -742, 1010, 296, 707, -26, 825, -9, -240, 180, -517, 972, -38, 634, -180, -214, -284, 34, -228, -54, 379, -19, 283, 208, -121, 464, 582, -738, -39, -405, -654, -314, 276, -26, -184, 507, -260, 298]
[782, -637, -515, 202, -656, 40, 539, -386, -245, -275, 83, 443, -781, 100, 272, 1279, -116, -190, -535, -624, 28, 619, -36, 19, -388, -328, -86, 509, -249, -590, -854, 356, 452, -325, 735, 971, -353, 329, -306, 665, -220, -595, 121, 187, 123, -157, 830, 579, 610, 279, -863, -449, -637, -10, -177, 85, -538, 133, 80, 869, 359, 210, -293, -521, -561, 316, -104, -440, 190, -495, -341, -415, 495, -468, -35, -236, -385, 128, 499, 590, 462, 1222, 231, -427, -202, 330, -141, -275, -876, -235, 136, 175, -258, 323, 214, -50, 931, 632, 107, 121]
[365, 26, -796, 918, 417, -195, -80, -33, -335, -195, 299, -112, -234, -64, -16, -368, -197, 601, -678, 102, -27, -80, 547, 49, -79, 976, 525, -407, 270, 423, -485, -273, -301, -694, 146, 264, -184, 107, 172, 655, 801, 318, 148, -259, 77, 916, 40, 640, -685, -276, -367, 311, -132, -94, -192, -379, 549, -632, 21, 141, -829, 275, 51, -188, -490, -251, 222, -345, 215, 54, 245, -803, -567, 432, -284, -728, -311, -17, 34, -249, -212, -380, -476, 89, -478, -59, 909, -843, -526, -698, 980, -498, 511, -235, -712, -740, 443, -708, 67, -530]
[-222, -433, 826, 84, -320, 1055, 176, -329, 505, 572, 125, 96, 484, 148, 200, -49, 721, -554, -161, -689, -125, 668, -812, 1690, -190, 763, 251, 833, -140, -455, -9, -203, -381, 411, 646, 522, 579, 824, 290, -345, -93, -347, 1178, -295, -420, 237, 318, 711, -67, -476, -248, -299, -483, -1246, 353, -344, -568, -446, -40, 234, -83, 41, -843, 49, -188, -766, 218, 164, -135, 488, -448, -486, 298, -7, -531, -875, 807, -427, 626, 417, -490, 36, 438, -798, -363, 175, 448, 602, -158, -612, -10, 554, 75, 1005, 1025, -251, 796, -119, 452, -794]
[-44, -306, 509, -289, -1484, 940, 773, 394, 1267, 573, 283, -773, 98, -166, -291, 855, 150, 14, -348, 70, 249, 1168, 43, -589, -238, -776, 406, -396, -402, -298, -475, 458, -262, -422, -911, -72, -509, -193, 23, -556, -811, -309, -153, -652, -184, 25, 267, 579, 42, -154, -222, -1030, 192, 957, -510, -180, 1116, -7, -447, -313, 368, -32, -254, -764, 746, -63, 39, -183, -174, -155, -859, -91, -923, 270, -452, 188, 423, -200, 691, -14, 24, -630, -130, 108, -122, 311, 502, 427, -1, -250, 29, -530, -49, -306, 177, 35, 139, -262, 204, -128]
[44, 975, -75, 726, -184, -1075, -301, -550, -361, 24, -520, -134, 763, 687, 807, -287, -59, 541, 275, 767, 74, 492, -363, -88, -500, 420, 318, -190, 540, 695, -207, -256, -1066, -557, -390, -649, 1202, 173, -585, -525, -178, -551, 590, -15, -304, -359, -317, 203, -172, -1432, -488, 348, -433, -361, 20, -467, 218, 494, -64, -887, -530, -1026, 151, -319, -92, -374, -124, 799, -816, 574, 284, -165, -800, 280, 593, -165, -12, -962, -65, -334, -585, -632, 589, -306, 117, 289, -322, -564, -171, 244, -103, -292, 618, 487, -103, -2, 349, -445, 493, -14]
[-88, 646, 356, -570, -108, -95, -83, 945, 241, 411, 151, -291, 495, 175, 435, 19, 395, -569, -26, 419, -310, 212, 278, 230, 446, -174, 231, -396, -890, 453, -28, -41, 325, -192, 300, 271, -84, -306, -106, -507, -834, 346, 271, -65, -107, -148, -119, -358, 237, 182, -59, -92, 433, -75, -132, 1133, -190, 536, 291, 101, 27, -832, 189, 98, 300, 685, -148, 25, 619, 637, 905, -497, -312, -268, -701, 155, 599, 142, 265, -270, 144, -586, 220, 503, 523, -43, 6, 61, -947, 94, 174, -384, 753, 201, -505, 662, 1042, -510, -897, 566]
[570, 55, 47, 264, 216, 985, 111, -150, 602, 662, 773, -28, 265, 421, 521, -237, -709, 200, -86, -134, -188, 63, 372, 635, 268, -154, 220, -633, 395, 135, -173, 608, -1052, 43, -133, 703, 565, -152, 599, 360, 188, 415, -1150, -829, 287, -715, 237, -300, 723, 276, -177, -307, -66, 137, -53, 476, -160, 422, -358, -400, -138, -258, -132, -64, 399, 341, 277, 510, 690, 1080, -127, 286, -205, -92, 275, 741, 511, 165, 933, -622, 88, -103, 403, 580, -530, -11, 701, 1086, -23, 1378, -574, 312, -119, -430, 211, 550, 956, 9, 641, -222]
[877, 194, -337, -788, -259, 850, -482, -38, 137, 468, 240, 664, -1022, -215, -300, 306, 767, 404, -41, -692, 512, 309, 154, 323, -111, 232, 422, 555, 173, 97, -1079, 424, 872, -192, 124, 595, 281, 24, 286, 395, -463, -1383, 334, 7, 814, 337, 264, 387, 26, -153, 349, 638, 201, -543, -66, 64, -41, -431, 511, 197, 1062, 1146, -290, -819, 664, 156, 316, -552, -926, 103, -71, -532, 206, -14, -236, -158, -644, -596, -288, -42, -359, -264, 539, 683, -724, -268, 578, 301, 636, -1193, 348, -657, -468, -484, 82, -832, -550, 162, 255, 209]
[452, -14, 182, 383, -66, -1213, 284, 227, 669, 126, 1134, -913, 586, -492, -558, 689, 248, -173, 517, 729, 703, -876, 310, 474, -211, 294, 392, -1593, -368, 557, -108, 311, -54, 293, 592, 639, 637, -349, -510, 342, 488, 317, 846, -36, -444, -282, 24, -613, -674, -393, -250, 612, 623, -397, -861, 176, 486, 665, -618, 265, -599, 1465, 266, 21, 288, -315, -325, 427, -7, 298, -495, 786, 157, 201, 522, -113, -287, -306, 343, -215, 438, -846, 207, 262, 261, -439, 59, 592, -225, -692, 1068, -119, 203, -201, -536, -543, 217, -89, -499, -850]
[-12, -403, 555, -151, 390, 421, -148, -508, 565, -264, 607, -123, 254, -868, -796, 36, 443, -167, 739, 1242, -153, -474, -564, -413, -441, 796, 217, -229, -57, 141, 414, -376, -146, -23, -243, 512, 1338, 256, -770, 912, 310, -368, 889, 144, 636, -46, -309, 373, -178, 268, -103, 778, 943, -384, 459, -639, 209, -877, -168, 1001, -452, 1487, 872, -716, -236, 334, -261, 211, -231, 773, 268, 1359, 820, 18, 545, 432, -185, -34, -650, -395, -77, 260, 1031, -165, -776, 57, 208, -676, -20, -219, 558, 32, -222, 55, -185, -90, -953, 312, 400, -668]
[653, 673, 138, -154, -114, -56, -247, 465, 414, 170, 330, 81, 80, -189, -389, 601, 476, -409, 102, -200, -446, 168, -617, 783, -198, -509, -950, 791, 884, -375, 6, 631, 490, 116, 393, -457, -1007, 152, -286, 194, -51, 367, 907, -233, -954, -488, 600, -539, -922, -80, -567, -357, -210, -56, -852, 592, -571, 511, 267, -121, 135, 227, -354, -102, 1131, -538, -624, 120, 773, -1092, -510, 73, 110, 156, -716, -478, 74, -722, 169, 1120, -245, 634, 247, 476, 1368, 695, -825, 89, 305, -177, 62, -145, -269, 820, -6, -648, 12, -643, -286, 363]
[559, 719, -596, -391, -83, -63, -42, -604, 152, -255, -180, -45, 209, 176, 773, 412, 442, -142, -592, -782, 912, 495, 418, -509, -272, -149, 109, 878, 719, 536, -722, 614, 109, -304, -35, -192, 135, -53, -69, -215, -4, -270, -978, -530, 610, -68, 359, 169, -456, -1352, -121, 899, -734, -99, -19, 550, -366, -160, -139, -747, 439, -35, 45, 74, 339, 130, 241, -138, -973, -564, -1067, -520, -436, -359, 457, 450, 30, 124, 111, -13, 463, -198, 305, 1162, 295, 1183, -355, 88, 642, 112, -11, -297, 192, -580, 250, -284, 346, -1101, 385, -997]
[-106, -1071, 151, -350, -274, -200, -609, 214, 218, -253, -700, 556, 957, -394, -10, 461, 1106, -58, 210, -55, -367, 285, -76, 1358, -1160, 496, 813, 128, -637, 846, -165, 106, -969, 53, 147, 1389, -799, -142, -456, 391, -877, -327, -141, 427, 357, -276, 463, 931, 722, -269, 200, 182, 180, -472, -621, -548, -56, 1049, 13, -382, 298, -606, 81, 165, 252, -574, -45, 804, -128, -564, 490, 749, -578, 147, -39, 182, 162, 489, 143, -185, -1078, -146, -492, 47, 109, -387, 16, 993, -452, -746, 41, -1062, 548, -584, 653, 293, 162, 183, -296, 248]
[-175, 211, -612, 644, 245, -665, 121, 469, -1175, 557, 285, -94, 645, 606, 462, 151, 343, -1046, 546, 724, -1106, -749, 512, 59, 232, -439, 614, -653, -267, -142, 552, 50, -20, 183, 247, -184, -23, -459, 68, -316, 160, 18, 688, 498, -231, 10, -776, -576, -217, 536, -527, 465, -527, 272, 763, 133, -234, 147, 297, 338, -302, -671, 370, -155, -505, 364, -1, -230, 657, 353, 1335, -82, 225, -205, 142, 127, 434, -698, -206, 226, 42, -796, -67, -386, -115, 758, -358, -1144, -156, -212, -254, 929, 1020, 14, 515, 480, 396, 50, -156, 412]
[-1067, -1426, 49, -574, -308, 419, -119, -206, 51, 639, 505, 111, -459, -79, -180, 26, -145, 130, -731, -421, -309, 212, -86, 643, -136, -323, 86, -23, -164, 469, 224, -986, -107, 26, -68, 134, -686, -713, -3, -913, -842, 1333, -1147, 387, 777, -687, 284, 192, 333, 1104, -28, -752, 833, 286, 377, 517, 288, 1058, -891, 673, 904, 9, -458, -767, 680, 146, 41, 423, 42, 700, 15, 32, -772, 706, -169, -7, -293, 626, 230, 119, -96, -843, -184, -201, -593, -531, 847, 444, -247, -37, -139, 300, 351, -635, -18, 434, 335, 146, -1281, 315]
[419, -296, 43, -121, -655, 707, -357, 771, 366, 127, -138, 202, -220, -608, 133, 304, -336, 364, 291, 445, -61, -288, -507, 1084, -44, 865, 662, -66, 143, -276, 535, 120, 53, -277, -441, 928, -716, -698, 260, 517, 183, -112, 974, 396, -627, 284, 52, 22, -539, 109, 156, 154, 146, 264, -879, -765, 442, 177, 119, -1076, -42, 483, 310, 953, -104, 401, -1408, -63, -152, -694, -657, 425, -481, -559, -424, 841, 47, 103, 299, 819, -97, 434, -231, 1139, -92, 393, -239, 918, 69, 83, 214, -559, 74, 210, 921, 653, -978, -308, -68, 290]
[-302, 31, 895, 31, -908, -146, -226, 460, 742, 962, 547, -469, -52, -143, -775, -70, 697, 67, 16, -588, -324, -527, -588, 736, 421, 352, -465, 5, -424, 442, -480, -161, 244, 441, 644, -336, 604, 262, 163, -188, -710, 469, -64, -673, -364, 805, -448, 118, 1092, -336, 234, -330, 187, 184, -75, 971, -698, 396, 778, -6, 85, 415, -294, -207, 1138, 20, 518, -250, 340, 732, -178, -321, 247, 690, -727, -454, 421, -425, -43, -118, 220, -634, -132, 351, 838, -484, 516, 1295, 0, -472, -541, -10, 59, -57, -328, 393, 539, -129, -267, 921]
[-115, 70, -16, 910, 746, 80, 593, 286, -664, 102, 598, 439, 386, -295, 112, -395, 35, -401, 320, 1015, -340, -89, 1496, -17, -356, 13, 420, -713, 174, 86, 419, 338, -531, -290, -163, 293, -367, 144, 43, 596, 11, -564, -616, 273, 165, 789, -479, 42, -236, -422, -1205, -246, 71, -107, 76, -530, -30, -114, 13, -2, -71, -787, 360, 4, -690, -112, 241, -561, -172, -215, 924, 1117, -91, -103, 742, 84, -222, -385, -332, -675, -7, -3, 22, -563, 64, 148, 247, -523, 67, 1118, 300, 521, -531, -135, 386, -265, 316, 262, 1231, -45]
[-71, -348, 480, -695, 292, 212, 308, 473, -39, -33, 95, 292, 8, -173, -122, -138, -101, 236, -404, -909, -279, 84, 859, -735, -360, -701, -207, 162, 196, -150, 248, -142, 792, 761, 534, -508, -924, -340, 42, -241, -375, 26, -1505, 77, 101, 206, 149, -615, 672, -200, 46, -1098, 196, -289, 251, 341, -375, 584, 444, -690, 675, -181, -1, 568, 314, 579, -1088, -402, 303, -696, -163, 838, 117, -123, 331, 233, -896, -121, 276, 695, 567, -29, -350, 224, 956, 336, 111, 789, 185, 715, 329, -89, -705, -312, 456, 901, -1016, -258, 104, 400]
[-855, -642, -485, 1112, -518, 1016, -293, 99, -585, -505, -396, -59, 16, -159, 279, 520, 981, 409, 520, -112, -245, -1108, -379, 460, -293, 153, -5, 1348, -583, -557, 305, -542, -150, -485, -245, -517, -144, 580, -552, 275, -150, -395, 288, -394, -16, -745, 310, 218, -794, -679, 639, 811, 550, -27, -6, -199, 34, -403, 1219, 300, -19, 1102, -517, -1019, -56, -61, -838, 284, -234, -27, -611, 282, 827, -67, -501, 683, -503, -1008, -515, -431, -385, 175, 603, -551, -605, 86, -486, -116, 99, -571, 174, 211, -1031, 38, 23, 1044, -1013, -29, 356, -343]
[-224, 611, 386, 438, -458, 130, 280, 52, 210, 855, 85, -140, 627, 263, -194, 650, 844, -173, -449, -492, 860, 1604, 632, 1625, -712, -295, 579, 573, 429, -570, -660, 1022, 1437, -319, 227, 831, 142, 441, 444, -462, -694, 350, 738, 11, -265, -405, -55, 882, -300, -27, -120, 485, -358, -378, -616, 243, -590, -578, 32, -570, 1165, -344, -1020, -898, 277, -542, 72, 904, 393, 739, -367, -541, 141, -912, 68, 660, -251, -585, 293, -143, -474, 161, 23, -859, -475, -187, -894, 448, -468, -335, 55, 204, -647, 633, 539, 1008, 360, 452, -599, -1578]
[699, -579, -121, -307, -928, 1065, -310, 276, 446, 675, -159, 224, 306, -433, 20, 568, -101, -615, 570, 1597, -837, -500, 62, -80, -533, -171, -850, 181, -428, 379, -56, 894, 712, -195, -23, -400, -301, -139, -318, 815, -368, 321, 32, -224, -116, 433, -344, 157, 279, 490, 128, 703, 675, -259, 509, 571, 302, -774, 509, -350, -283, 1318, 271, -1159, 921, -327, 714, -505, -265, -129, -402, -622, 194, 115, -342, 6, -142, -232, -1208, -731, 247, -372, -534, 556, -895, 625, -104, 578, 793, -736, -779, -208, 263, -16, 104, -28, -427, 8, 747, 124]
[239, -223, -113, -433, -807, 730, -116, 359, 540, 427, 940, -1429, 110, -158, -374, -321, 332, 262, 1, 355, -802, -1210, -239, -144, 852, 50, -529, -455, -33, -814, 95, 616, -368, -805, -1011, -159, 530, 487, -628, 91, 136, 144, 1272, 205, -453, -5, -503, 172, 73, -177, 127, -655, -237, 562, 185, -83, -500, 208, -172, -626, -521, -165, -764, -753, 202, 303, -289, 76, 28, 1095, 135, 68, 400, 254, 118, -427, 264, -829, 411, -95, -443, -622, 394, -187, -1014, -142, 1047, -202, -719, 484, -32, 666, -128, 806, 365, 200, -76, -126, 467, -546]
[552, -127, -93, 922, 67, 637, 380, -753, -480, -886, -588, 13, -1122, -504, 368, -659, -587, 206, -187, 33, 1063, -361, -749, -481, 456, 1296, -291, 174, -358, -39, 643, -368, -82, 29, -406, 232, 451, -351, -450, 257, 830, -303, 583, -844, -146, 1173, -50, 72, -241, 192, 126, 553, -562, -48, -614, 345, 13, -857, 311, 176, 622, 787, 850, 777, -791, -361, -73, -801, 9, -321, -661, -152, -103, -492, 12, -89, -115, 1134, -838, 578, 1054, -82, 872, 358, 539, 61, 141, -304, 32, -372, -222, -532, -537, 229, -463, 54, -440, 85, 1008, 462]
[198, -241, -401, 50, -609, -881, 6, 684, 303, -49, -416, 165, -112, -473, 696, 54, 34, -267, -628, 812, 312, -887, -67, 177, -133, 585, -615, -407, -752, 775, -450, -91, -144, -342, 501, 239, 796, 384, -679, 458, 252, 208, -105, -87, -296, 289, 410, -896, 409, 492, -415, 1030, -296, -806, -334, 620, -40, 1173, -343, 185, -1391, -135, 321, -178, 24, -149, 565, 207, 859, -531, 1008, -195, -192, 958, 23, -17, -16, -671, -990, -573, 188, -893, -265, 3, -333, 415, 683, -371, 3, -848, -3, -24, 780, 412, -1052, -436, 367, 1, -697, 360]
[-984, -238, -1035, -598, 500, -1051, 269, -488, 309, -216, 203, -154, 457, -566, 812, -607, -20, 54, 988, 402, -752, 341, -13, 34, 137, 115, -694, 186, 520, -84, -210, -429, -379, 545, -246, -950, 435, -525, -976, -192, -867, 503, -482, -9, 1103, -979, 96, 162, -1016, 183, -316, 564, 370, 867, 24, -504, 558, -176, -131, -153, -603, -550, 435, -506, 207, -761, 367, 447, 45, -178, 141, 215, -416, 1013, 40, 344, 460, 672, -201, -740, -180, -431, 139, 734, 765, -522, 85, 448, 304, -514, 413, -597, -470, -1521, -813, -198, 529, 76, -1228, 399]
[-122, -664, -296, 794, -61, -314, 1226, 769, -148, -63, 198, 575, 497, -267, 1473, 270, 257, -340, -270, 1052, -367, -1050, 686, 714, 16, 794, -8, 128, -126, -240, 579, 401, 654, 246, -7, -31, -263, 236, -232, 688, -400, -484, 683, 792, -1121, -517, -80, 444, 67, 63, -176, 645, -176, 142, -23, -427, -818, 124, 638, 258, 525, 382, 263, -385, -919, -241, -276, -1179, -307, -570, 957, 727, 592, -563, -610, 422, -677, -486, -93, 164, -73, -184, -114, -458, -376, 528, -301, -133, -465, -374, 29, 1410, -108, 450, 713, 374, -43, 250, 488, 648]
[1273, -221, 1077, -596, 321, -156, 84, 457, -61, 294, 385, 106, 223, -256, -826, 429, 255, -692, 725, -633, 739, 385, -560, -591, 542, -486, 297, -973, -149, 436, -7, 550, 610, 189, -484, 1023, 107, -859, 660, -90, 46, -132, -415, -73, -563, 797, 68, -128, 540, 351, -502, -239, -293, 1159, -164, 44, -201, 79, 6, 1010, 605, -263, -114, -388, 478, -867, 5, -143, 542, -1147, 484, -85, 408, -362, 486, -508, 358, 1261, -29, -267, 86, 121, 239, 1066, 609, 180, -191, 635, 568, -584, -298, 298, 485, -443, -172, -189, -361, 377, -410, 305]
[-42, -189, 1046, -301, 455, -144, 12, -470, 665, 1026, 131, -255, 597, -186, -31, -481, -478, 501, -13, 93, -11, -205, -366, 709, -136, -109, 22, -447, 377, 755, -132, 608, -519, 695, -157, 339, -25, -278, -328, 129, -992, 200, -52, 556, -383, 123, -389, -461, 225, 854, -701, -92, -400, -600, -5, 678, -67, 528, 10, 166, 257, -1358, 18, -147, -133, -777, -360, 286, 895, 533, 920, 194, -825, 197, 0, -507, 837, -153, 602, -110, -1323, 141, -186, -35, -184, -317, -225, 947, 227, 902, -133, -666, 147, 758, -223, -346, -285, 703, 66, 7]
[-614, 324, -26, 127, 424, -610, -695, -537, 253, 10, 414, -251, 180, 211, -666, 118, 664, 436, 286, -912, 309, -444, 111, 415, 278, 444, -236, 478, -189, 117, -617, -164, 549, 518, 17, 36, -219, -264, 159, -491, -249, -521, 536, 273, -393, -253, -93, 216, 476, -312, 630, 782, 312, 315, -309, -71, -156, -231, 446, 105, -267, -199, -193, 27, 123, -105, -245, 553, 694, -313, -194, 669, -305, 744, 275, 550, 62, -732, -339, 274, -930, 101, -200, -87, 175, 134, -110, -99, 596, -1037, 28, 14, 15, 236, -437, 962, -962, -333, -312, -312]
[-25, -183, -323, -136, -229, 371, 608, -79, 466, -221, 82, 24, -579, 276, -411, 460, -888, -488, 114, 620, -524, -360, 908, 530, -246, -369, -840, 207, -299, -544, -184, 42, 576, 70, 309, 148, 398, 453, 294, 1148, 165, -992, -35, -267, -367, -352, 613, -221, -43, -805, -198, 279, 174, -362, 55, -758, -150, -198, -363, -62, -410, -317, -1027, -32, 632, -307, 384, -291, 254, -550, -204, 307, 865, 1, 224, -828, -339, -825, -175, -134, 212, -197, 734, -439, -336, -34, 707, -8, 217, 681, 37, 807, -229, 786, 102, -645, 484, 307, 701, -703]
[432, 113, -747, 838, -477, 113, -278, -158, -282, -632, -82, -47, -4, 842, 946, -276, -957, -226, 552, 312, 85, -1264, 61, 153, 204, -184, -757, -316, -189, -376, 37, 387, 395, 875, 358, 6, 129, -440, 429, 526, 448, -228, 317, 776, -579, 687, 181, -483, -584, -50, -487, 584, -1065, -342, -318, 540, -66, 565, 116, -429, -299, -78, 646, 744, -1054, -824, 70, -31, 708, -35, 416, 404, 224, 285, -165, -462, -310, -107, -213, 137, 201, -441, -382, 489, 121, 134, -682, -227, 33, -131, 95, -30, 223, 568, 259, -99, -716, 1002, -220, 615]
[-1177, 64, -263, -217, -574, 319, 534, 445, 237, -344, -337, -199, -119, -177, -103, -97, 532, 15, 298, -19, 56, 592, 403, 667, -1598, 310, 284, 977, -98, -298, -729, -589, -221, -797, -367, 375, -430, 320, -864, -1045, -414, -591, 232, -92, 221, 151, -332, 1188, -906, -273, -360, -442, 48, 100, -1250, -744, 264, -522, -104, -236, 194, -176, -98, 504, 391, -519, -106, -1078, -101, -562, 448, 1111, -643, 131, 83, 162, -359, -282, -760, -41, 104, 162, -802, -770, -109, 21, 688, -610, -527, -1517, 276, -646, -756, -79, 463, 993, -932, -234, 145, -612]
[269, -106, -301, -654, 351, 27, -998, 578, -758, -455, -761, 856, -250, 27, -297, -542, 561, 351, 169, -86, -378, -335, -10, -623, 682, 102, -163, -357, 201, 680, -124, -237, -1146, -106, 678, 401, 571, 323, -1016, 604, -174, 585, 8, 254, 198, 155, 192, -563, 291, 35, 131, -623, 429, -274, 175, 678, -17, 642, -79, 777, -100, -108, 68, 220, -380, 223, -321, 44, -10, -323, 826, 346, -2, -304, 107, 706, 338, 809, -712, -886, 25, 458, -393, -105, -60, 447, 374, -137, -341, 243, -285, -518, 425, -512, -707, 86, 508, -1, -264, 668]
[-81, -74, -583, -317, -77, 394, 463, 294, 338, -488, -519, -74, -209, 418, 803, 594, -513, -569, 156, -357, 204, -250, 292, -243, -349, -1286, -478, 573, -332, -478, -132, 40, -202, 12, -448, -667, -261, -873, -100, -579, 392, -34, -246, -611, 356, -83, 167, -938, -733, -373, -319, 423, -817, -123, -89, 202, 16, 283, -474, 144, -839, -229, 545, 584, 430, -867, 946, 164, -36, -1202, 313, 49, 108, 327, 312, -260, -255, -261, -772, -84, 845, -611, 441, -75, 373, -360, 440, -733, -474, -662, -153, 20, 459, -1292, -492, -950, -450, -8, -578, -267]
[520, 376, 623, -22, 442, 109, -215, -188, 992, 523, 1298, -544, -485, 272, -100, -1177, -611, -78, -919, 173, -111, 74, -1373, 303, 330, 896, -296, 118, 286, 359, -510, -304, -429, -123, -398, 43, 1022, 286, 87, -1098, 741, 438, 526, 103, 256, 457, 181, 394, 212, 639, -929, -236, -244, 404, 358, 99, -1126, 129, 78, 422, 180, -175, -87, -1078, -296, 417, -383, -210, -54, 568, 233, 449, -320, -311, 383, -423, 521, -68, 714, 396, -207, 584, 1160, 464, -157, -173, -64, -188, 476, -74, -486, -22, -305, -143, 417, 320, 321, -444, 295, 451]
[1, -101, -156, -520, -263, 207, 94, -116, -305, 548, 162, 1419, -342, -683, -580, 529, 22, -597, 610, 259, 298, 350, 77, -243, -169, -249, 318, -855, -62, -406, 289, 671, 418, 329, 327, 128, -186, -609, 182, 828, -438, -894, -6, -213, 530, -146, 358, -471, 847, 735, 103, -133, 736, -593, -832, -1169, 230, 247, 524, 343, 340, 526, 175, -129, 466, 436, -71, 414, 146, -373, -426, 275, 226, -242, 550, 612, -491, 66, -693, -209, 354, 54, 159, -46, 52, 283, 319, 1044, 1138, 183, -410, 79, -313, -738, 240, 367, -530, 362, 173, 432]
[515, 372, -415, 454, 273, -481, -849, 324, -353, 75, 1088, 71, -101, -138, -1096, -996, -104, 305, -440, -389, 165, 100, 75, 175, 959, 1148, -556, 63, -54, 50, -629, -166, 450, 1086, 221, -690, -475, 979, 71, 614, 746, 366, -74, 592, -79, 675, 553, 180, -640, -553, -158, -361, 358, 285, 242, 321, -25, 259, -379, 800, -1180, 10, -340, -394, -509, 34, -161, -352, 646, -515, 147, 708, 212, 511, -106, -143, 27, -35, 69, 435, -25, -623, 216, -123, 866, 325, -51, -47, 307, 487, 1081, 615, -181, -88, 271, 80, 116, -768, -422, -160]
[948, -401, -282, -751, -349, 183, -192, 109, -54, 423, -952, 374, -801, -706, -144, -32, 311, -651, -567, 837, 841, 442, -1008, -500, -820, 141, 15, -671, 155, 265, -757, -28, -266, -424, -299, 704, 59, 273, -768, 1175, 494, -1958, -203, -485, 443, 81, 443, -174, -179, 179, -789, 228, -330, -492, -1, -245, 493, -242, -722, 875, 269, -441, -283, -859, 165, 868, 254, 131, 588, 217, -437, 330, 337, -694, 795, -218, -196, 111, 332, 170, 104, -1, 332, -22, -1045, 182, 94, 195, 381, 843, -13, 766, -811, 525, 721, -3, -296, 95, 295, -396]
[279, -30, 399, 198, 110, -843, 107, 350, 73, -481, 612, -322, -272, -96, -78, -341, -404, 419, -413, 349, -27, -927, -18, 356, 885, 599, -394, 612, -176, 1, 28, 1053, -235, 320, -426, -385, -865, 398, 838, 64, 440, -272, 200, 277, -310, 475, -602, 20, -285, 716, -1036, 791, -785, -21, 47, -664, -900, 224, 1142, -1346, -357, 240, -112, -348, -731, 758, 190, -14, 41, -413, 592, 32, 367, 287, 885, 647, 0, -714, -893, 506, -739, 25, 295, 581, -1079, -102, -688, 344, 934, -555, 353, 256, 697, 108, 89, 43, -616, -188, 365, -201]
[-459, 385, 334, -391, 206, -426, 161, -158, 317, 358, 8, -152, 514, -83, -414, -523, -829, 163, -759, -357, 358, 770, -246, -168, 388, -377, -14, -1009, 673, 159, 624, -815, 125, 845, -231, -36, 23, 593, -52, -586, 320, 514, -297, 562, -138, -106, 290, -853, -655, 0, 101, -497, 641, 157, 860, 15, 208, -126, -848, -397, -395, -1677, 320, -7, 248, 200, -679, 523, 357, 455, 295, 832, -208, 347, -425, -246, 687, -88, 1317, 298, -149, -95, -120, 104, 781, -427, -23, -177, 638, 1550, 533, 333, -568, 247, 56, -29, -285, -72, 127, 307]
[108, 552, 78, -353, -228, -317, 178, 765, -26, -488, -5, -92, -143, -115, 1209, -1117, -1098, 468, 468, -419, -423, -1184, 330, -196, 447, -96, -438, 227, 609, -153, 453, 270, 577, 71, 191, -613, 502, -876, 545, -20, -283, -191, -930, 546, 86, 286, -463, -449, -53, -351, 620, -25, -1164, -56, 145, -120, -688, 368, 728, -733, -444, 499, 205, 1503, -184, -651, 1216, -1185, -769, -1159, 926, -308, 714, 148, 636, -126, -199, -327, -753, -203, 668, -638, 301, 332, 158, -223, 405, 657, 178, -933, 216, -11, 185, -691, 536, -672, -881, 619, -478, 601]
[-293, 26, -162, -703, 8, 120, 332, 188, -133, -63, 543, 376, -611, -240, 54, -793, 761, -316, 189, 26, 595, -235, -485, 783, -719, 309, 853, 311, -465, 115, -188, -305, -259, -217, 416, 744, 619, -166, -299, -74, 220, -221, 35, -572, 1206, -19, -88, 311, -17, -538, -34, 189, -303, -348, -150, 410, -918, 13, -308, 195, 369, -296, 216, 1140, -142, 86, 544, -633, 240, 177, 449, 553, 745, -744, 171, 139, 69, 855, 515, 301, 436, -625, 299, 285, -255, -739, 886, 281, -343, -437, -299, 336, -384, -541, 203, -352, 140, 569, -453, -498]
[-263, -52, -187, -30, -552, 366, -399, -125, 655, 62, -573, 60, -208, 201, -286, 404, -175, 63, -210, -539, 357, 260, 467, 730, 93, -350, -372, 1150, -132, -362, -152, -22, 264, -134, 140, 224, 258, -31, 778, 238, 525, -351, -15, 387, -58, 1055, 612, -330, -1067, -137, -1030, 249, -516, -562, -90, 250, 137, 1075, -286, -1099, -348, 28, -299, 766, 41, -103, 855, 0, -727, -393, 177, 412, 516, 751, -378, 187, -533, -1194, -423, 441, 336, 895, 251, -284, 184, -713, -266, -313, -652, -565, 234, -500, 484, 82, -54, -265, -728, 74, 196, -520]
[-388, 5, 400, -100, 128, 222, 708, 589, -560, 88, -104, 1074, -17, -235, -311, 214, 687, -545, 158, -1147, -299, 450, 709, 1336, -1249, 248, -407, 210, -174, -569, 471, 995, 574, -1096, -210, 422, -20, -712, -282, -78, -425, -664, 332, -540, -192, -124, 694, 40, 561, -649, 780, 407, 384, -57, -529, 361, -296, -704, 511, 667, -619, 275, 33, 318, 719, -203, -498, -658, -238, -957, -739, 715, 841, -687, -861, 246, -40, 681, 24, -233, 279, 362, -784, 181, 179, 267, 566, 627, 12, -1091, -175, 328, -93, 100, 601, 104, -62, 699, 48, -26]
[-1228, -642, -322, -490, -328, -144, 356, -179, -47, -251, 170, -38, -122, -120, -399, 49, 207, 64, -79, -455, -524, 102, 667, 1199, -109, -672, 157, -897, -432, -441, 602, -787, -81, -24, 710, 974, -457, 26, -362, 151, -411, 470, 739, 712, 111, -179, 151, -328, 548, 807, 968, -768, 623, -302, -694, 234, -15, 364, -647, 486, 755, -1066, 95, 626, 98, -487, 342, 119, 705, 943, 351, 42, -711, 276, -841, -409, 437, 822, 575, -2, 389, 24, -858, -477, 58, -1454, 1201, 283, -1279, -244, -150, -185, -144, 41, -91, 388, 391, 581, -399, 159]
[-336, -151, -1004, 1031, 539, 644, 687, 50, -581, -880, 14, 684, -205, 611, 1683, -221, 74, 147, 565, 593, -96, 370, 259, -274, -988, -34, -632, 914, 328, -988, -585, -167, 116, -522, -166, 161, -315, -644, -699, 375, -631, -401, 597, -115, 316, -403, -560, 757, 194, 695, -205, 567, -165, -445, -845, -1083, -248, 273, 1016, -403, 195, 529, 889, 759, 183, -191, -264, -391, -153, -18, 304, -26, 125, -1245, -20, -372, -762, 240, -912, -169, -117, 558, -80, -617, -844, -204, 1156, -460, 825, -577, -630, 128, -330, -635, 76, 194, 11, 543, 152, 825]
[-49, -674, 178, 14, -407, 703, 206, -868, 463, 162, -636, 394, -249, -468, 86, 538, -164, 622, -286, -1545, 1420, 1295, -135, -568, 556, -832, 462, -151, 191, 46, -76, 60, 141, 1008, 501, -238, 5, -108, -199, 132, -43, -244, -1351, -653, 290, 157, 618, -531, 430, -468, -49, -334, 50, -880, 192, 245, 682, -227, -47, -211, 251, -52, 349, 651, 44, -75, 113, -365, -573, -417, -553, -522, -381, 198, 243, 283, 464, 554, 70, -247, 100, 59, -339, 120, 235, 116, 419, 669, 747, 343, 145, -263, -88, -518, 47, -880, -256, 240, 424, -633]
[-497, 150, -1134, 617, -582, 626, -660, 52, -257, -395, -389, -854, -49, -24, -177, 453, 489, 83, -546, -945, 35, -103, -423, 553, 206, 491, 174, 76, 270, -252, 374, -740, -513, -292, 477, 178, -490, 239, -326, 249, 680, 801, -74, -217, 410, 352, 370, 539, -705, 200, 661, -528, -229, 58, -140, 177, 230, -570, -937, 82, 1473, 473, -823, 389, 174, 217, 241, 378, 271, 161, -274, 362, -510, 533, -429, 477, -110, 452, 649, -406, 613, 120, 725, -238, 790, -526, -338, 228, -1227, 369, 207, -315, -239, -213, -296, 473, 637, -919, -334, 28]
[704, -338, 462, -452, -420, 711, -675, 422, -35, -463, 552, 236, -342, -463, -2, -833, 850, -830, -347, 36, -795, -329, -457, 240, -78, 237, -405, 8, -142, 209, -375, -415, -292, -247, 462, -331, 184, 434, 612, 109, 549, 942, -252, 309, -28, -54, 78, -141, 45, 32, 680, -861, -427, 393, 1809, 630, -360, -207, -1077, -421, -135, -210, 108, -220, -784, 215, 998, -149, 722, 547, 6, -559, 154, 189, -381, 494, 46, -151, 352, -230, 311, 330, 503, 19, 382, 651, -316, 220, -131, 330, -259, 1003, -259, -1083, 856, 403, 696, 27, -909, 298]
[363, -535, -229, -119, -936, 207, 339, 770, -577, 209, -997, 486, 327, 1184, 1145, 103, -1249, -111, -107, 613, -372, 328, 521, 9, -71, -961, -115, -104, 305, -111, 616, -126, 131, -695, 57, -45, 476, 104, -156, -551, 1142, 711, 879, 710, -924, 509, 167, -706, -552, 412, -674, -337, 12, -311, -208, 480, 579, -55, -505, -271, -434, -200, 512, 624, -444, -144, -82, -223, -44, -236, 742, -225, -77, 132, 196, -694, -244, -45, -250, -86, 350, 52, -797, -604, 313, -431, -336, -612, -1228, 384, -190, 443, 342, 749, 370, 174, -143, 206, 426, 501]
[287, 713, -10, -13, -374, -59, -799, 454, -663, -401, -914, 226, 480, 632, -446, -68, -536, 1340, 494, -478, 94, -290, -775, 80, -218, 427, 116, -122, 587, -90, -84, -360, -351, 95, 297, 452, 53, -338, -345, 451, -107, -315, -5, 310, 363, 364, -12, -330, -510, -338, 715, -408, -559, -1139, 564, 558, 486, 756, 381, -477, -539, -252, -400, 1125, 256, 459, -99, 157, -688, -36, 367, -262, 107, -589, 213, -64, 501, -501, 937, 206, 356, 807, 137, -260, -201, -268, -339, 751, 219, 318, -635, -1114, 893, 214, -590, 294, -101, 275, -80, 102]
[1465, -65, 354, 236, -55, -624, -369, 474, 268, 416, -449, -409, 533, 354, 248, -202, 146, -593, -272, -72, -90, 1, -282, 149, 87, -548, -796, 166, 690, 637, -129, 377, -292, -389, 618, 54, 275, -49, 89, 140, 442, 963, -102, -766, -679, 614, -757, -942, -516, 725, -1415, -124, -699, 203, -195, 519, -218, 384, 307, -531, 154, 139, -428, -541, -43, -710, -139, 1052, 1190, 481, -201, 251, -88, 660, 42, -377, -131, -222, 293, 419, -550, -107, 332, 135, 703, 329, -707, 44, -1072, 141, -510, 339, 101, 19, -464, -616, -169, -34, -1005, 803]
[-298, 173, -783, -162, 662, 35, 511, 422, -1268, -60, -153, 161, 761, 768, 617, -1132, -203, -41, 8, 175, -208, -274, -25, 123, 108, 736, 222, -327, -497, -444, -108, 429, -361, 1028, 234, -440, 397, -140, -545, -373, -313, 400, 72, -154, 689, 539, 342, -241, -674, 483, 446, -25, -561, -470, -5, 848, -463, -218, -94, 224, -831, -787, -128, 1019, -472, -1168, -60, -169, 486, -523, 524, -336, -450, -531, -311, 331, 425, 901, 236, -819, -252, 279, -414, -765, 163, 1069, 364, 143, -146, -32, -97, 470, 974, 387, -301, -2, -46, 642, -632, 81]
[-102, -1078, 884, -34, -83, -219, 883, -249, -694, -818, 385, 758, -934, -401, 281, -595, -207, 662, -95, 133, 56, 463, -179, -738, -801, 387, -488, 113, -586, -187, -343, 242, -371, -64, 221, -277, -889, -575, -122, -93, -766, -1402, -868, 370, 670, -456, 57, 137, 258, -805, -405, -406, -282, -409, -224, -67, -189, 606, -157, 65, 403, 987, 1247, 246, -377, 560, 1042, -1091, -972, -874, -155, 718, 30, -171, 246, 362, -735, -233, -1553, -211, 238, 516, 550, -528, -449, -302, 450, 157, 19, 29, 368, -29, -372, -815, 302, 89, -747, 988, 117, 817]
[-746, 630, 144, 343, -15, 1139, 3, -200, -515, 727, 160, 383, 147, 12, -176, 164, -233, 267, 13, -538, 420, 580, -26, 266, 254, -181, -153, -142, 195, -440, 825, -384, 528, 229, 454, 61, -487, -804, 702, 228, -213, 561, -494, 55, -428, -219, 1002, 661, 1175, -651, 970, -596, 478, -546, -383, 586, 87, -80, -600, 339, 406, -3, -594, 708, 148, 797, 1107, 400, 762, 158, -198, -526, -591, -262, 41, -600, 387, 310, 12, -492, 207, -226, -14, -260, -180, 82, 635, 355, -875, 1209, -1188, 565, 491, 113, -457, 1002, -2, 443, 261, 92]
[525, 23, -585, 304, -507, -139, 120, 51, -258, 229, 525, -113, -94, -289, -54, 246, 1190, -574, 61, -668, 149, 543, 309, 445, 122, -85, 305, 234, -704, 326, -793, 250, 666, 789, 667, 475, -678, -363, 45, -622, 151, -978, -331, -114, 584, 472, 278, 169, -910, 67, -1272, 60, -257, 196, -422, 750, -426, -351, 318, 303, 631, -452, -374, 301, 158, -149, 279, 438, 463, -272, -288, 146, 132, -12, 341, 309, -381, -212, 238, 68, 551, 740, 466, -281, 1302, 242, -1172, 60, 101, 123, 29, -242, -1091, -106, -48, 80, 96, 12, 348, -408]
[-653, 122, 757, -601, 481, 74, -488, 0, -99, 37, 331, -203, 790, -301, -768, 336, 546, -431, 443, -417, -114, 1095, -53, 51, 254, -428, -330, 221, -600, 252, 377, -273, 66, 926, 139, 418, -895, -486, 115, -640, -1180, 27, 246, 331, -239, -528, 148, 336, 191, -214, 149, -641, 703, -146, -285, -7, 343, -266, -48, -69, 346, -65, -157, -349, 408, 263, 188, 195, 465, 524, -683, 249, -551, 96, 236, -640, 507, 348, 330, 485, -153, -807, -88, 764, 79, -986, -76, 1096, 191, -518, -66, -1051, -220, -587, -460, 314, 141, 243, -464, 368]
[-220, 62, -496, -404, -246, -213, -445, -122, 116, -1259, 261, -22, -813, -296, 535, -290, 204, -457, 230, 106, 385, 705, -455, 134, 283, -151, -302, 959, -42, -418, -738, -594, -529, -183, 198, 689, -683, 751, -334, -1291, 249, -422, 64, 187, 273, -138, 383, 614, -387, -900, -88, 290, -331, 235, -1210, -144, -658, 325, 505, -504, 624, -194, 334, -26, -672, -70, 277, -906, 14, -106, -305, -187, -9, -675, 629, 16, 371, 411, 107, 927, -238, -491, 112, 691, -852, -539, 439, -197, 147, -1557, -200, -150, -812, -445, 374, 569, 596, 98, -416, -791]
