[-285, 31, 19, 122, -202, -568, -247, -2, 85, 113, -170, -592, 568, 294, -475, -113, -351, -536, -363, -695, -50, -342, -512, 294, -127, 99, 108, -384, -131, -239, 403, -252, -100, -47, -245, 156, -228, 235, 158, 251, 191, -280, -281, -303, -59, 349, 487, 261, 399, 138, -12, 117, -277, 10, -162, 775, -396, 198, 30, 46, -875, -520, -391, -216, 404, -152, 317, -129, -81, 45, -432, -2, 958, 146, -243, -293, 537, -634, 605, -564, -431, -1306, 608, -33, 83, 165, -113, -220, 170, 830, -522, -557, 33, 748, -458, -9, 302, -218, 9, 123]
[-487, -147, 41, -72, -309, 126, 75, -1023, 160, 130, 12, 260, -509, -395, -403, -295, -519, -74, 340, 157, -263, 594, 577, 446, 237, -455, -91, -105, -311, 460, 51, 183, -232, 409, -818, -51, 122, 770, -477, 572, 335, -279, -196, 561, -87, 305, -223, -94, -419, -728, 165, 168, -93, 143, 624, 549, 78, 179, -68, 257, 610, 340, 260, -196, 60, -412, -561, -45, 102, -169, -503, 53, -240, 164, -21, -22, 155, 477, -349, 87, 734, -81, -240, -424, -103, -74, 474, 356, -37, -248, 735, 748, 457, 209, 370, -610, -838, 304, 569, -702]
[-35, -289, -94, 508, -569, -344, -169, -608, 369, -562, 375, -257, -194, -715, -538, 198, -402, -81, 230, -862, 1023, -408, -958, 453, -192, -227, -48, -398, -182, -474, 33, 209, -696, 971, -744, 571, 371, 312, -689, -168, 374, -376, -598, 379, -87, -367, -459, 440, -230, 1, -162, 131, -415, -1, 471, 395, -184, 404, 337, 110, -619, 177, -647, 76, -221, -1056, -341, -286, 771, 267, -446, 8, 1057, 645, 636, 422, -202, -134, -373, -303, -269, -261, 451, 105, -119, 296, -277, -134, 172, 158, 32, -165, -560, 782, -54, -428, -678, -40, 46, -403]
[211, 114, 359, -305, -273, -181, 1, -422, -182, -5, -335, 23, 3, 28, 509, -310, -22, 194, -526, -565, -215, 52, 584, 276, -74, 23, 140, -267, -80, -623, -458, -286, -375, 3, -478, -88, 911, 476, 125, -548, -49, -127, 691, 129, 506, 74, 228, -227, 527, 201, -297, -281, -521, 280, 339, 304, -969, 123, 29, -835, -342, -412, -107, 18, -901, 30, -506, -103, 614, 19, -130, 503, 643, -108, -876, -304, 553, 349, 469, -385, 357, -329, 161, -267, 217, 658, -270, 472, 301, 612, 663, 231, 716, -428, 291, -621, -1068, -373, 218, 260]
[-70, 277, 121, 288, 92, 148, -431, 330, 247, 427, 210, -357, -458, -567, -254, 208, 901, -27, -457, -331, 670, -797, 24, -526, 406, -30, 83, 323, -97, 57, -640, -336, 211, 320, 199, -287, -329, -710, -734, -240, -415, 50, -721, -1013, -384, 528, 51, -958, -279, 315, -445, 52, -176, -483, -191, -305, -167, -118, -904, 535, -864, 241, -618, -234, 188, 277, 1150, -36, 24, 549, 124, 409, -367, 353, -244, 19, 225, -215, 28, 460, -91, -527, 304, 623, 347, 215, -415, 228, -484, -125, -806, -433, -589, 42, -278, 624, 1014, -134, 66, -121]
[-242, 116, 236, 88, 387, 27, -757, -408, 452, -164, -334, -118, -512, 135, -993, 134, 117, -308, -778, -606, -286, -100, 501, -61, 62, 387, -531, 292, -243, 439, 176, 345, -133, -287, -55, -375, -766, 117, -517, 540, -79, -158, -365, -502, -757, 688, -65, -873, 152, -211, 215, 255, -75, 117, -326, 168, 274, -600, -876, 385, -416, 247, 416, -910, 93, 375, 548, -589, -10, 843, -623, -870, -820, 915, -111, -349, 1007, 151, 524, 53, 182, -310, 130, 61, 252, -439, -121, 306, 418, 430, 56, -244, 561, 313, -128, 46, 445, 672, 36, -638]
[-895, -58, -427, -551, 365, -502, 268, -553, -94, 556, -574, -394, 649, 37, -455, -176, 116, 336, -170, 65, -390, -176, -351, 131, 97, 301, 263, 48, -106, 760, 290, 87, 762, 525, -857, 388, -976, 664, 5, 180, 76, -121, -934, 279, 190, 798, 373, -275, -632, -482, -809, 161, -144, 93, 108, 65, 244, 914, -14, 532, 633, -394, -323, 231, 410, 51, -155, 348, -728, -422, -148, 71, 733, 263, -248, -617, 762, -69, -554, 91, -516, -544, 614, 96, -100, 810, -283, -119, -372, 404, -618, -156, -673, 215, 3, -75, 234, -349, 602, -540]
[-796, 124, 20, 203, 202, -174, 176, 318, -536, -519, -347, 21, 671, -128, 625, 276, 37, 208, -299, 767, -304, 465, 5, -386, -88, 121, 103, -137, 416, -209, 434, 761, 962, -90, -432, -92, -475, -16, -454, -93, 172, 201, 678, 165, 806, -433, -170, 74, 241, -203, -196, 83, -134, 314, 206, 406, 37, 883, -244, -818, 466, -424, -429, -101, 15, 67, -866, 555, -334, -392, -257, -631, 855, 282, 86, -209, -411, 71, -188, -286, -489, -87, -409, -42, -372, 560, 15, -352, -207, -288, -665, 595, -45, -409, 441, 430, -309, -423, -63, -31]
[1111, -447, 154, 432, -54, 840, 635, 457, -229, -580, 984, 374, -3, -595, 452, -68, -234, 278, 946, 128, 361, -422, -316, -469, 84, -846, 94, -101, -50, -66, 83, -655, -93, -611, 644, -272, 362, -7, 136, 176, 866, 296, -122, 1055, -373, -616, -398, 409, -602, -189, 548, -267, 269, 353, 535, -826, 625, -386, 519, -382, -311, 705, 607, 972, 425, -394, -459, -231, 325, 374, 845, 238, -322, -519, 719, 168, -857, -147, -114, -43, -15, 784, -73, -164, -250, -856, 18, 191, 548, -689, -306, -41, -696, 21, -533, -624, 283, 816, -404, 1270]
[843, 146, -627, -147, 580, 983, 734, 958, -266, 120, 4, -392, 690, 618, 119, -79, -30, -9, 281, 1188, -454, 86, 520, -310, 1558, 15, -142, -178, -59, -106, 22, -337, 192, -570, 1128, -494, 167, -597, 23, 904, 366, 203, 302, -38, -393, -395, 199, 156, 299, -240, 226, -47, 195, -517, 386, -111, 320, -291, 129, 14, 593, 8, 498, 600, 1830, 385, 888, -159, -344, -752, 432, -176, -762, -883, 50, 767, -221, -281, -435, 284, 307, 59, 208, 50, -504, -120, 370, 166, -113, -979, -407, 296, -7, 125, -352, 163, 401, 409, -62, 731]
[653, -188, -738, -221, 428, 91, -784, 568, 180, -484, -758, 136, 398, 988, -540, 312, 664, 943, -629, -601, -45, -125, -10, -29, 452, 842, -146, 629, 408, 305, -812, -479, -453, 761, 346, 409, -234, -1136, 272, -413, -192, 587, -422, -29, -310, 160, -41, -424, 52, 550, -408, -46, -209, -902, -33, -565, 64, -377, 111, 47, 250, 280, 424, 565, -304, -149, 849, -555, 721, 363, 891, -689, -428, 896, 80, 333, 189, 428, -499, 450, 264, 215, 93, 176, 436, 663, -898, 145, -284, -298, 549, -581, -404, -809, -208, 189, -506, -195, 135, 110]
[572, -373, 99, -11, 367, 396, -3, 567, -218, -775, -846, 521, 884, 1053, 483, 682, -363, 753, -290, -148, -321, -287, -185, 322, 37, -692, 344, 44, -233, -443, 164, -654, 42, -1080, 499, -299, -165, -602, 121, 217, 682, 444, 1599, 89, 64, -408, 95, -337, 647, 81, 612, -145, -339, 371, -154, -301, -836, -627, -160, -272, -559, 104, 518, 365, -263, -495, -146, 59, 372, 216, -79, -603, 305, 350, 272, 132, -589, 63, 1238, 120, 197, 204, -56, -523, 359, -19, -172, 280, 114, -28, -35, -342, 422, -151, -421, 21, -70, 456, -367, 1090]
[71, 325, 386, 984, -776, 627, 1060, -232, 343, 382, -181, 108, -232, 140, 859, 39, 379, -192, -294, -11, 115, -270, 300, -238, 735, -206, 271, -18, 127, -664, 282, 121, 119, 604, -200, -171, 421, -252, -1549, 182, 110, 9, 432, -516, 149, -378, -355, -3, -529, 113, 121, 191, -576, -106, 396, -239, -303, 293, -353, 90, 458, 23, -229, -112, 477, -1038, -378, -27, 272, -264, -961, 645, -52, -498, 93, 396, -102, -217, -234, 756, 376, 16, 507, 390, 151, 530, 55, 641, -473, -802, -620, 47, -77, 504, 502, 237, -499, -221, 629, 456]
[598, 610, 443, -740, 646, 37, -193, -398, -524, 158, 343, -48, -558, -955, 672, -189, 579, -327, 219, 885, 629, 45, -276, 156, -161, 33, -336, 22, -244, -362, -643, -195, 139, -372, -290, -187, 843, -215, 630, -1063, -494, -327, 900, -563, -318, -675, -460, -57, -26, 6, 158, -219, 188, -241, -140, -261, -372, 520, -647, 157, 355, -1, -179, -169, -464, 671, 532, 981, 324, -595, -212, 891, -283, -235, -890, 326, -1079, 530, 51, -48, 336, -124, -505, 226, 83, 72, 1207, -71, -736, 358, 84, 846, 252, -180, -136, 546, -550, -782, -423, -125]
[-337, -17, 251, 392, -25, -639, -695, 488, -189, 1014, -183, 780, -852, 165, 399, 120, -255, -153, 418, -14, -41, 579, 384, -25, -206, -739, -42, 787, 166, 265, -664, -332, -271, -63, 451, -250, 614, -1122, 968, -499, -604, 104, 844, -549, 312, 6, 1218, -197, -68, 89, -526, -32, -167, -316, -214, -262, -583, -58, 668, -236, -6, -246, -554, -419, -962, 382, 569, 444, -31, -488, 195, 1084, 78, -1210, -844, 152, -556, 771, 568, 446, 55, 984, -945, -488, 183, -176, 89, -130, -326, -653, 839, 139, 148, -501, 336, -66, -440, 134, 132, 276]
[-85, -354, -1147, -354, -222, -94, 18, 921, -457, -36, 18, -1, -698, 173, 176, 331, -348, 347, 830, 257, -878, 742, -4, -555, 475, 449, -18, 472, 403, 736, -633, 304, -161, 166, 650, 399, -615, -372, 1210, 539, -436, 293, -780, 179, 24, 33, 667, 413, 248, 269, -199, 2, 52, -735, -252, -212, 889, 45, 416, -52, 652, -522, -223, 6, 181, 500, 566, 445, -86, -314, 591, -86, -82, -398, 207, 460, -562, 65, -882, 149, -79, 259, -624, -241, -724, -93, -688, -291, 334, -849, 399, -356, -193, -1084, 10, 373, -287, 264, -144, 1186]
[-928, -345, -388, 256, -270, -665, -10, 536, -318, 798, 303, 318, -409, 37, -243, -298, -28, 915, 573, 238, -3, 657, 155, 103, 128, 292, 110, -85, 503, 300, -478, -570, 138, 1175, -98, 9, -86, -436, -261, 452, -598, -194, -401, 79, 344, -121, 444, 863, 32, 593, -756, -163, 57, 66, -155, 336, -128, 647, 273, -367, -64, -887, -260, -306, -368, 135, 421, 44, 308, 5, 345, 530, 528, -171, -375, -209, -341, 696, -718, 638, -39, 143, -349, 103, -454, 947, -937, 51, -327, -925, 701, 357, -558, -935, 810, -14, -381, 323, -283, 4]
[-1452, 263, 841, 895, -980, -756, 486, 175, 560, 164, 533, 412, 226, -31, -110, -139, 259, 159, -57, -176, 450, 181, -430, -52, -367, -726, 252, -224, 594, 479, 498, 276, 433, 1504, -100, 233, -326, 252, -1191, 230, 50, -576, -892, -145, 144, -518, 142, 1353, -293, 876, 172, -139, 518, 115, 21, 1089, 126, 602, 7, -89, 555, -161, -778, -429, -42, -899, -561, 212, 424, 5, -171, 299, 1079, -350, 785, -164, -449, -414, 34, -203, -15, -332, -110, 495, 544, -8, 39, -429, -18, -419, -747, 513, -193, 352, 874, 103, 585, -822, -89, -264]
[81, 245, 471, -607, 303, -537, -214, 109, 473, 379, 143, -944, 613, -305, -248, -19, -48, -318, -163, 9, 356, 107, -179, 207, 297, -518, -282, -429, -412, -697, 46, -559, -715, -76, -135, 85, 822, 422, 104, 555, 200, -767, -255, -488, 398, -206, 347, -412, 276, -21, -348, 208, 61, 234, 340, 2, 188, -601, 755, 359, -53, 249, -920, -252, 1323, -490, 520, -134, 12, -142, 313, 106, -33, -821, 378, 285, 345, -402, 88, -495, -275, -250, 845, 165, 236, -714, 353, -401, 72, 391, 112, 173, 189, 783, -872, 193, 418, -420, 497, -752]
[-178, -70, 249, -326, -151, -405, 42, -423, 762, -126, 545, 320, -203, -274, -687, 208, 571, 534, 239, 316, 819, -485, -350, -368, -338, -528, -351, 126, -124, 1052, 47, 359, 76, 1414, -840, 30, 226, 424, -316, 25, -981, -426, -824, -41, -65, -539, -717, -256, -226, 536, -548, 97, 351, -66, -382, -427, 953, -119, 281, 335, 723, 714, -797, -233, 404, -36, -625, -128, 339, 541, 220, 604, -31, 204, 834, -85, 408, -80, -812, 700, -345, 837, -4, 699, 431, -388, -173, -518, 253, -329, 185, 351, -694, 269, -133, 348, 657, -169, 843, -1249]
[-919, 97, 689, 644, 30, -634, -232, 30, 448, -214, 44, -161, 24, 237, -326, 781, 744, -387, -732, 59, 209, -400, -771, -620, -790, 429, -148, 141, 506, 307, 405, 1465, 31, 1070, -97, 111, -151, 131, -760, -313, -416, -375, -334, -834, -245, -27, -152, -836, -301, 489, -627, 135, 2, -382, 63, 33, 789, -206, -90, -326, 281, 143, -1066, -651, 274, -24, -493, 295, -625, 282, -163, 145, -326, 501, 415, -209, 1105, -677, -154, 616, -846, 836, -329, 910, 293, -299, 481, -787, 251, -180, -928, -619, -544, 183, 675, 648, 1193, -914, 704, -1349]
[-149, 137, 263, 661, -263, 509, -259, -776, 337, -133, 257, 350, -1304, -245, 239, -437, 639, 147, -494, -847, -155, -203, 166, -832, 167, -284, -324, 182, -61, 522, -324, -461, -281, -132, -1131, -189, 348, -545, -689, -753, -478, 441, -1005, 336, -201, 122, 596, -392, -739, -83, -263, -214, -498, 372, 156, -529, 494, 928, -193, -708, -459, 144, 106, -249, -997, 287, -1138, -855, 796, 1094, -475, -63, 51, 378, -369, -927, 401, 962, -100, 65, 143, 117, 536, 136, -67, 323, -886, 676, 499, -78, -131, -31, 179, -22, -6, -272, -1071, 549, 994, 633]
[225, 583, 378, 343, -442, 608, 199, -103, 315, -860, -180, -72, 227, -169, -404, 336, 48, -407, -868, -394, 117, -401, 946, 77, 836, -51, -298, 192, 159, -162, 240, 513, 194, 1120, -543, 247, -202, 61, -974, 462, 315, -47, -258, -614, -608, -338, -644, 48, 278, -79, 815, 290, -654, -1008, -351, -71, -507, 468, -716, 725, 1039, 598, -280, 490, 434, -1035, 643, -97, 1209, 430, -717, -557, 301, 1086, -102, 35, -242, 102, -229, 366, 282, -989, 570, 63, 383, 259, 231, 306, -621, -636, -474, 775, 13, 432, -390, -153, -695, -589, -179, -42]
[407, 185, 737, 307, -134, 643, 738, -158, 217, 428, 361, 350, -667, -239, 243, 120, 207, -88, 237, -54, 572, -497, -26, 192, 428, -469, 578, -33, -145, 192, 356, -295, 396, 570, -11, 385, -242, 150, 41, 90, -675, 435, -6, -159, 60, 344, -889, -138, -753, -315, 235, -252, 675, -574, -424, -1085, -311, 189, 305, 1445, 728, 745, -202, 675, 537, -421, -154, 24, -405, -318, -281, 811, -877, -386, 633, 776, 362, -572, 312, 779, 242, 347, 211, 513, 994, -243, 148, -276, -880, -493, -195, 195, -393, 619, -870, 467, 978, -454, 676, -432]
[-627, -348, -469, -341, 1285, -151, 205, 941, 199, 137, -986, -346, 615, 1919, -479, 636, 349, 1029, -336, 228, -493, 271, -615, 186, 633, 912, 504, 103, 206, 458, 184, 92, 248, 221, 756, 4, -1499, -563, 249, 1087, -418, -151, 56, -146, 418, 259, 29, -303, 411, 438, -601, 288, 33, -77, -312, 412, 528, -218, -149, -252, 204, -870, -894, -498, 1061, -257, 613, 20, -40, -96, -309, -624, 448, 175, 468, 507, 717, -511, 617, 175, -171, -546, 188, 497, 338, 982, -145, -250, -677, 225, -65, -8, -194, -683, -264, 1608, 495, -220, 309, 84]
[464, -237, 86, -587, -633, -24, -741, -43, -729, -276, -41, 757, -470, 28, -738, -5, -1534, -515, 454, -413, -496, 169, 403, -450, 34, -428, -46, -239, -113, 646, 134, 133, 19, -26, -693, 393, -350, 871, 1063, -72, -886, 510, 142, -123, 580, 946, 336, 61, 1078, -493, -100, 34, 313, -506, -776, 444, -480, 349, 733, -3, 55, -318, -83, 427, -474, 599, -577, 215, -846, -80, 103, 167, 56, -8, -324, -275, 546, 240, 526, -429, 55, -479, -488, -1071, 206, -326, -477, -208, 964, 455, 445, -25, 454, -9, -513, -1063, 151, -26, 170, 86]
[-653, -149, 35, -119, -254, 177, 896, 67, 444, 334, 537, 426, -830, -202, 244, -312, 70, -385, -5, -370, 479, -233, -410, -442, -97, -239, 259, -25, -203, 285, -280, 873, -307, 362, 445, 700, -11, 561, 335, 861, -502, -488, -1104, 33, -232, 360, 743, 602, -467, -299, -93, 219, 814, -318, -633, -104, 72, 19, 600, 224, 74, -254, -556, 227, 241, -370, -19, -240, -332, 390, -469, 579, -8, -1115, 578, 499, 319, 18, 257, -347, -37, 108, 456, 155, -194, -218, -346, -152, 548, 317, -57, 253, -35, 578, 178, -944, 336, -15, -379, 323]
[-371, 79, 721, -211, -398, 393, -710, 311, -717, -74, 823, 285, -816, -1481, 45, 97, 101, 64, -302, 414, 169, 916, -262, -568, -547, -37, -6, -356, 313, 314, -806, 66, 76, 399, -673, 643, -150, 270, -293, 48, -90, -14, -1168, 142, -69, 682, -640, -377, -386, -508, 580, 714, 480, -734, 72, -146, 291, -187, -534, 169, 366, 646, -88, 12, 646, -673, 208, 696, -195, 436, 1078, 408, -1013, 308, 298, 221, -1046, 69, -745, -244, 544, -902, -820, 182, -306, -114, 1101, -74, -649, 543, -3, 720, -665, -891, -447, 545, 199, -969, 37, 35]
[-368, 74, -191, 267, -695, -764, 123, -797, 98, 671, 27, -529, 18, -1542, -709, -344, 34, 606, -21, -499, 526, -309, 393, 1177, -50, -78, -64, -309, -983, -803, -509, -899, -190, 351, -499, -77, 492, 779, -648, -115, 216, -547, -874, 750, -207, 824, 267, -79, 301, -905, -1029, -589, -519, 631, 734, 426, -868, 90, -241, -131, -1082, -624, 384, -154, -425, 242, 180, -336, 233, 492, 222, 194, 518, -79, -763, -481, 1509, -16, -361, -156, -776, 75, 630, 238, -864, 989, -1249, 749, 86, 602, 906, -487, -263, 556, 266, -969, 349, 470, 90, -1039]
[1033, 240, -1193, -118, -1100, 173, 1046, 99, 314, -278, -217, -690, -564, 17, 384, 250, -454, -124, 428, -935, -106, -361, -15, 246, 734, 632, 469, -421, -181, -748, 70, 1256, -544, 760, 68, 668, -169, 549, -880, -444, 30, -224, -243, -127, 306, 323, -629, -21, 40, 798, -221, 164, -322, -48, 171, -393, 97, -676, 494, 1505, 249, -253, -365, 455, 423, -384, -14, -135, -994, -1189, 51, 325, 310, -369, 882, 703, 172, -1235, -873, 738, -105, -49, 187, 178, -329, 462, -248, 110, 341, -355, -583, -1234, -738, 698, 639, 228, 599, 204, 68, -83]
[-366, -35, 951, 381, 454, -780, -758, -108, -427, 971, -531, -192, 906, 277, -1114, 470, -1441, -136, -757, -247, -583, 640, 645, 12, 790, 536, -35, -265, 818, -531, 655, 336, -2, 737, -529, 6, -19, 193, -735, 363, 450, 137, -34, -638, 702, 595, 291, -590, -259, -649, -679, 285, -430, 312, 721, -245, -352, 707, 287, 394, 58, -106, -62, -895, 688, -895, 764, -46, -300, -535, -367, 112, -60, 465, -296, -200, 599, 773, -494, 426, -170, -199, 884, 104, 162, -19, -203, -49, -147, -570, -155, 432, -380, 221, 447, -247, -118, -42, 393, -723]
[1114, 137, 429, -182, -432, 495, -36, -147, -823, -203, 270, -411, -433, -617, -50, -22, -573, -70, 248, 436, -994, 465, 182, 308, -105, 123, -384, -1022, -460, -579, 124, -695, -690, -1522, -281, -327, 965, 1068, 759, 274, -85, -3, 237, 932, 145, -25, 187, 217, 1251, -383, 1596, -906, 795, 665, -708, -437, 76, 124, 440, -89, -603, -225, 765, 269, -4, 776, -713, 121, 224, 391, 491, -442, -713, 65, -411, -851, 624, -209, 849, -21, 180, -172, -429, -294, -639, -834, 375, 181, 285, 448, 559, -518, 836, 242, -474, -103, 644, -265, 144, 636]
[-199, -541, -298, 978, -489, -878, 165, 535, 562, 1169, 570, -615, 1293, 925, 615, -598, -555, -356, 144, -523, 281, -479, -549, 121, -610, -153, 204, -233, 593, -1257, 989, -686, 68, -439, 705, 33, 703, -637, 324, 418, 554, 296, 10, 50, -5, -521, 201, 986, 223, 388, -199, -145, -71, 947, 482, 31, -444, -511, 817, -46, -1369, -402, 596, -540, 465, -578, 648, -333, -577, -282, 488, 743, -155, -975, 246, 409, -759, -561, 27, -124, -889, 720, 1246, 269, -518, -536, -620, -182, 596, 590, 325, -812, -397, 740, -144, -218, 153, 1078, -656, 1034]
[112, 180, -125, -150, -447, 738, 1219, 121, -1236, -787, 584, 748, -276, -1400, 1291, -726, 253, 411, 350, 820, 126, 603, 673, 707, -216, -188, 132, -802, -183, -835, -666, -558, -288, -36, -562, 226, 1140, 514, -546, 812, 244, -793, 1008, 164, -422, -961, -1040, 70, 194, 146, 245, 634, -513, 162, 651, 20, -450, -520, -737, -528, 445, 145, 869, 231, 650, -416, 147, 350, 156, -88, -82, 1073, -58, -386, -507, -334, -573, 40, -650, 290, 539, -710, -752, 184, -544, 587, 801, 981, -572, 102, 742, 352, 285, -737, -195, -75, -1111, 178, -254, 133]
[50, 1270, 285, -272, -283, -444, -144, -57, -359, 66, -906, -109, 414, -852, 78, -659, 363, 24, -702, -353, -643, 657, 954, -744, 192, 431, -890, 486, -45, -58, -409, -224, 624, 588, -986, -690, -337, 448, -875, -51, 543, -511, 255, -88, 111, 381, 23, 403, -131, 250, 887, 75, 83, 387, -46, 915, 84, 88, -1029, -873, 779, -745, 721, -711, -31, 715, 140, 331, 619, -435, -175, 71, 161, -776, -972, 26, 3, 586, -152, -681, 413, -852, -666, -480, -34, 856, 115, 610, 203, 63, -119, 664, 96, -109, 753, -557, -551, -242, -255, -98]
[-175, 355, -1223, 720, 354, -303, -1095, -168, -272, -768, -570, -386, 226, -917, -851, 194, -777, -241, -65, -773, 368, 260, -526, -181, 438, -361, -853, 520, -238, 100, -200, 121, -865, 71, -835, -278, 289, -543, -481, 714, 888, -515, -343, -262, -1342, 180, 15, -1141, -490, -491, 287, 282, 44, -25, 523, 439, 521, -277, 37, 315, -999, 526, 213, -288, 549, -616, 917, -331, -428, 226, -87, -471, 2, 897, 1, 468, 154, 272, -233, 272, -247, -694, -576, 104, 36, -94, 84, 58, -31, -24, 134, -881, -261, 1217, -1017, -140, -135, 664, 216, -139]
[544, -393, 110, -369, -207, 776, 609, -224, 409, 100, 388, -479, -197, -424, -347, 503, -332, -586, 431, 159, -406, -955, -1109, -299, 729, -62, 318, -443, -1013, -755, 249, 241, -537, -387, 242, 199, -140, 126, 340, 1169, 243, 176, -798, 258, 17, 316, 180, 429, 141, -437, 883, -543, 457, -452, 187, 61, -229, 261, -237, 569, -1291, -255, -269, 733, 941, -381, -332, 257, -213, 168, -1139, 146, -1132, -364, 756, 1063, 45, -852, 628, -73, 49, -643, 774, -255, -677, -506, -208, 243, 252, 87, -375, -871, 101, 897, -560, -210, 585, 543, 192, 195]
[-48, 275, 449, 1118, 364, 43, -628, -49, -560, 681, 352, -374, -64, -421, -35, -352, 278, -495, 3, 74, 286, 528, 419, -708, -506, 476, -371, -406, 320, -426, 548, -499, 163, -917, 357, -925, 276, -250, -976, -299, 241, 9, 60, -346, 383, -2, -123, -489, -416, -30, 993, 587, 370, 1164, 35, 317, 410, -162, -667, -1310, -715, 524, 1333, -1482, -380, 975, -56, -789, -85, 514, 257, -79, -827, 387, -676, -232, -505, 998, -113, -595, -27, 340, -66, 202, -167, -60, 468, 145, 248, 291, -8, 571, 532, -559, 577, -119, 6, 262, -735, -106]
[-918, 506, -922, 255, -432, 1115, 534, 653, 229, 6, 394, -420, 189, 159, 307, -38, 643, -104, -323, 1002, 641, -386, 438, -552, -256, -936, -333, -556, -879, 304, -71, 2, -227, -343, 558, -297, 308, -288, -372, 888, -1055, -632, -311, -288, -200, -226, 235, -79, 1407, -42, 863, 229, 507, 49, -1320, 219, -128, -389, -420, -313, 334, 397, -575, -109, 363, 236, 367, -427, -177, 415, 129, -283, -19, -441, 425, -48, -109, -374, -94, 356, -628, 81, -180, 403, -402, 13, 416, -303, -442, 345, 430, 502, 772, 663, -266, 794, 984, -154, 68, -470]
[729, 295, -374, 73, -402, -497, -109, -924, 686, -24, -933, -98, 1031, -68, 72, -494, 457, -914, 555, -249, 679, -93, -944, -413, -253, -67, -529, 121, -29, -1098, 831, -212, -193, 120, -992, 118, 1400, 65, -408, -260, -691, -111, 433, -742, 619, -693, -447, -311, 241, -429, -529, 668, -119, -103, -96, 302, 355, -106, 793, -1029, 223, -231, 564, 32, 471, -374, -1208, -587, -134, 395, -987, -112, 186, -533, 105, 290, 383, 67, -511, -751, -682, 681, 712, 194, 194, 255, -1067, 349, 521, 749, 345, -656, 927, 830, -821, -683, -1775, -63, 627, -86]
[688, 601, -231, 464, -269, 134, 460, -494, 65, -35, -252, 111, 206, 579, 385, -344, 504, -597, -226, 531, 652, -140, -887, -165, 211, 148, -156, 65, 10, -466, -553, 687, -780, 872, 130, 580, 1265, -792, -412, -680, 317, -79, 913, 251, 238, -516, 691, 1236, -772, 54, 360, -178, -161, -410, 31, 182, -485, -158, 1068, -539, 435, 120, -411, 695, 478, -88, -783, -465, 649, -878, -124, 278, 42, -1047, 342, 1587, -30, -324, -282, -404, 794, 844, 4, 104, -383, 378, 449, -202, 8, -402, -388, -243, -540, 649, 736, -644, -1076, -808, 596, -277]
[-492, 121, 45, -65, -290, -350, -137, 116, -167, -347, 433, 1535, -436, 146, 859, -845, -723, -190, -512, -277, -657, 1462, 1085, -343, -233, 318, 235, 472, 929, 168, -5, 663, 45, -867, -270, 93, 441, -563, 733, 117, -172, 624, 528, 103, 271, 344, 379, 704, -504, -206, -580, 114, 134, 1042, 288, 38, -16, 136, 877, 78, 162, -32, 991, -64, -644, 353, -1214, -542, -533, -35, 144, -23, -509, -383, 130, -847, 107, 1086, 123, -277, 402, 255, -403, -706, 125, -644, -952, -93, 623, -323, 693, -258, 842, -246, 326, -762, -688, 1186, 18, 398]
[-213, 219, 21, -72, 894, -412, -429, 270, 270, 366, -517, -787, -286, 98, 26, 680, 141, 104, 255, -828, 522, 66, -282, 64, 481, 75, 67, -478, 184, -1043, -184, -249, 48, -366, 144, 91, 119, -128, -1280, -261, -374, 115, 698, -755, 830, 14, 465, -405, 757, -235, -1161, -29, -418, 223, -217, 144, -997, 559, 700, 748, -454, -798, -1221, 490, -296, 274, 135, 485, -441, -590, 67, -820, 434, 64, -179, 156, -186, 832, 467, 578, -594, 1223, 883, -262, 266, 850, -954, -267, -32, -1023, -503, -407, 31, -91, 499, -531, -118, 283, -590, -646]
[-939, 36, 333, 934, -88, 289, -404, 370, 427, -33, -346, 463, -587, -592, 253, 676, 437, -33, 307, 11, 186, 661, -879, -234, -232, -411, 143, 585, 496, -466, -172, 318, -216, 18, -137, 74, -436, -523, -241, 1284, 99, -291, -409, -82, 191, 404, -732, -366, -336, -528, 737, 45, 1038, 5, -467, 454, 400, -376, -361, 528, -553, 113, -223, -552, -304, -1003, 651, 670, 146, 730, -260, -224, -1005, 71, 671, 446, -633, -162, 1178, 253, -150, -299, -791, 161, 342, -192, 239, 197, -1329, -217, 541, 96, -485, -347, 301, 645, 238, 99, -146, -234]
[682, 480, 124, 297, -233, 105, 267, -46, -323, -4, -575, -591, 822, -401, 326, 220, 1211, 205, -840, 241, 221, -892, -39, -227, 491, -598, -69, 271, -664, 80, 122, -277, 423, -21, -51, -332, -710, 175, -612, 340, 438, -176, -153, 758, -684, -358, -554, -741, 144, -134, -180, -440, 65, 353, 1217, -205, 306, 290, -825, 628, 611, 783, -253, 230, 1635, -276, -75, -77, -547, -736, 352, -340, -201, -33, 65, 127, 218, -1048, -101, 560, 229, -120, 250, 650, 193, -13, -173, 93, -240, 89, -1015, -571, 110, 1028, -415, 698, 1132, -774, 972, 98]
[-491, 382, -1353, -572, 313, 393, 905, -211, 656, -657, 101, -124, 514, -309, 349, 275, -410, 1281, -80, 771, 382, -121, -381, -526, 680, -149, 107, 28, -303, 304, -101, 907, -551, 394, 227, 476, 602, 110, 420, 243, -320, 28, -723, 577, 363, -732, -690, 422, -273, -112, -537, -363, 49, 344, 427, -251, 669, 751, 803, 794, 883, 483, -551, 303, 247, -630, -777, 156, -24, -1085, -196, -128, 542, -512, 1616, 1187, 131, -356, -1208, 259, -453, 310, 439, 492, -70, -219, -572, -408, 81, -215, 173, -385, -13, 422, 30, 482, -173, -7, 537, 217]
[-212, 529, 688, 586, 697, -524, 1034, 409, 661, -256, 416, 244, 512, 664, 234, -44, 846, 322, -25, -163, 329, -465, -702, 210, 351, -286, 452, -398, -48, -477, 629, -224, 685, 751, 87, 168, 137, -207, -54, 756, 328, -577, 362, -180, -516, -262, -719, 661, -510, -58, -119, -277, -254, 984, -231, -151, 246, 58, 495, 569, 869, -33, -167, -48, 1078, -767, -356, 173, 546, 490, -285, -76, 233, 38, 313, -253, -229, -239, 484, 699, -1059, 597, 652, 840, 281, -452, 213, -421, 89, -1323, -457, 420, -857, 778, 0, -159, 396, 228, -421, -343]
[-759, -416, -186, 18, -127, -826, -563, -152, -1179, -431, -92, 493, 490, -276, -740, 206, -1116, -209, 848, -137, -275, 880, -36, -335, -749, 377, 10, 610, 984, -464, -353, 781, -570, 601, -401, 535, -816, 424, 282, 243, 118, 106, 6, 434, 447, 352, 465, 1035, 201, -404, -474, 423, -169, 174, 500, 178, 594, 506, 200, -1075, -265, -345, -38, -465, -391, -294, 92, 621, 32, -99, 203, -483, 268, -21, 543, 239, -98, 740, -831, -799, -7, 879, -513, -189, -169, -592, -831, -123, 579, -365, 621, -508, 123, -715, 582, -307, -1082, 307, -391, -466]
[720, -15, -142, -914, 605, -567, -1053, 470, -5, 463, 54, -447, 509, 537, -270, 10, 515, 45, 436, -390, 384, -357, -1018, -782, -918, 872, 162, 411, 355, -462, -447, -125, -152, 1062, -769, 411, 465, -654, 1043, -1209, -924, -7, 635, 113, 821, -292, -467, 83, -173, 876, -707, 343, -324, 471, -12, -817, 365, 301, 819, -613, 16, -275, -56, 40, -479, 389, -319, 24, 426, -475, 646, 567, 378, -19, -570, 546, -492, 309, -1018, -331, -477, 1060, -209, 290, -207, 129, -103, -284, -488, 598, 777, 275, -833, -1029, -108, 584, -1366, 116, 16, -83]
[214, -22, -260, -435, 372, 405, -80, 292, 384, -539, -108, -176, 792, 520, -706, -467, -98, -153, 335, 48, -536, 118, -44, 162, 17, -461, -495, -119, 408, -239, 259, -116, -718, 227, -17, 86, -682, -161, -223, 824, 590, -528, -991, 25, -301, -446, -218, 355, 21, 685, 493, 541, 36, -218, -54, -73, 560, -1131, 297, 232, 144, 498, -219, 714, 876, -966, 1175, -1073, 599, 94, 420, -1004, 340, -631, 1236, 527, -812, -924, -96, -388, 337, -855, 201, -512, 37, -176, 134, -23, -468, 33, 130, 98, -400, 176, -953, 338, -461, 679, -213, -332]
[455, 709, 35, -189, -404, 392, 637, -180, 287, -718, 229, 435, -61, 275, 787, 166, 310, -881, 860, 158, 208, -247, -1048, -991, -1038, -96, 279, 610, -245, -438, -319, 1254, -518, -248, 67, 394, -58, -109, 611, -917, -973, -240, -36, 13, -227, -227, -935, 1006, -147, 344, 384, -137, 188, 665, -847, 69, 1147, 152, -250, -866, -259, -225, -99, -450, -718, -118, -1399, 34, 263, 37, -418, -56, 349, -803, 301, 232, -841, -696, -217, -545, -410, 301, -519, 601, -591, -692, 210, -319, 637, 105, 220, -196, 33, 296, 948, 798, -86, 209, -604, 364]
[-719, -432, 294, 171, -205, -627, 408, 390, -420, 893, 476, -613, 630, -713, 379, 329, -691, -434, 272, -85, 277, 31, -31, 214, -587, -159, 304, -113, 364, -59, 274, 510, -38, -293, -196, 81, 216, 504, 1114, 952, 450, -611, -185, 462, 452, 450, 286, -124, -465, 188, -31, -59, 403, 396, 28, -277, -177, 106, 634, 791, -1084, 152, -987, 72, 86, -819, -20, 525, -1091, -207, 235, 730, 284, 341, 44, -738, 487, -365, 168, 571, -737, -190, 355, 63, 446, -435, 195, -598, -717, -5, -119, -719, -560, 301, -318, 424, 1200, -269, 300, -93]
[-141, -516, -637, -1216, 107, -868, -360, -1914, 195, 41, 3, -268, -335, -361, 130, -243, 476, 306, 127, 685, 361, -258, -367, 295, 301, 910, -398, -12, -276, -193, -39, -168, 52, 907, -1653, -15, 882, 309, 308, -508, -758, -524, 127, -499, -77, -257, -552, -155, -126, -82, -1186, 174, 182, -66, 54, -273, -76, 87, -8, -41, -169, -237, 167, -403, -454, 529, -321, -245, 252, 320, -84, 631, -58, 386, -380, 1087, 257, 1062, -1188, -250, 19, -610, 586, 507, -279, 702, -406, -216, 152, 820, 1099, 1132, -285, 175, -808, -91, -1305, 275, 248, -955]
[-735, 32, 320, 576, -530, 339, 59, 209, -463, 99, -85, -201, 2, -1020, 752, 16, 15, 147, -234, 115, 30, -39, -376, -286, -469, -100, -277, -210, 766, -531, -204, 12, 295, 59, 26, 37, -144, 402, -1041, 539, 331, 64, -27, -26, 201, -108, -916, -147, -148, -387, 607, -186, 725, -48, -370, -329, 5, 74, -356, -79, 275, -359, -97, 69, 440, -148, 495, 904, 76, 58, 249, 357, -776, -226, 408, 2, -742, -630, 522, 418, -188, 279, -424, 557, 77, -371, 387, 103, -283, -197, -551, -64, -855, -209, 44, 14, 351, -437, 62, 259]
[-253, 361, -217, 788, -577, 543, -73, 119, -439, -341, 780, 236, 681, -336, 994, -349, 930, 246, -952, -301, 537, -820, 181, -916, -565, 100, 3, -332, 361, -177, -323, -709, 359, 389, -543, -119, 195, -734, -799, -516, 89, 657, 344, -269, 225, -1160, -315, 558, -444, 990, 540, 82, -187, -66, -283, -621, -592, 574, -237, -21, -535, 1136, -243, 1068, -563, -302, -644, -260, 787, 733, 815, -351, 175, 495, 524, -69, -581, -522, -623, 297, 11, -555, 499, 514, 1117, -45, -260, -295, -747, -304, -646, -13, -497, -267, -657, 524, -168, -178, 453, -75]
[87, -766, 39, -544, -858, 369, 107, -457, 118, 564, -1047, -965, 267, 305, 235, 144, -204, 187, -440, 200, -442, -199, 956, 453, -33, 594, -114, -470, -350, -795, -380, 466, 99, -586, -567, -169, -784, 1011, -608, 172, -239, -213, 63, 552, 556, 236, 519, -663, 628, -453, -420, 587, -1249, 318, -409, -806, -526, -28, -258, -130, -319, -615, -359, -70, 141, 11, -298, -700, 365, 585, -258, -983, 1156, 244, 210, 12, 1399, -708, -309, -339, -11, 164, 1420, -318, -1135, 618, -1395, 634, 54, 628, 119, 143, -17, -11, 25, 108, -633, 540, 660, 532]
[191, 449, 307, 107, -479, -126, 62, -587, -114, 961, 602, 545, 1124, -340, 848, -714, 659, -236, 617, 1310, -136, 216, 1259, -852, -140, -483, 383, 131, 129, -42, 355, -515, 680, -517, -296, -1106, 317, -454, 55, -358, -245, 291, 287, -638, -54, 162, -915, -707, -664, 90, -110, 267, 146, 849, 743, -506, 454, -159, -735, 102, -124, 977, 181, -306, 557, -92, -966, 131, -842, -91, 507, 798, -1149, 141, -121, -737, -812, 20, -802, 1003, -29, -301, -161, 352, 756, -517, 639, 5, -514, -621, -295, -467, 411, 145, -514, 849, 313, 87, 661, -34]
[-540, 110, -688, -105, 273, 153, -388, -27, 427, -833, 580, -375, -455, -282, -205, -206, 557, 441, -656, 270, 94, 345, 172, 435, 110, 438, -396, -231, -287, 352, 74, 603, 54, 452, -496, 5, -783, -426, -471, -558, -471, 305, -233, -148, -840, -692, -651, 326, 215, 278, 140, -275, 696, 166, 128, 89, -8, 1075, -382, 297, 569, 276, 508, 43, -376, 623, -222, -641, 329, -536, -99, -1478, -701, 582, 178, 615, -867, 66, -591, -126, -314, -141, -692, 359, -299, 92, 599, -580, -280, 348, 877, 1233, 385, 382, 237, 923, -136, 113, -734, -971]
[-328, -519, 49, -45, 71, 117, -361, 397, -33, -1102, 341, -468, 903, -246, -642, -143, -243, -481, -994, -364, 425, -786, -205, 250, 185, -410, -523, -401, -562, -25, -183, 294, -125, 241, -61, 107, 303, -115, -657, 197, 940, -650, 396, 4, -516, -502, 58, 464, 563, 189, -825, 58, -843, 158, 967, 1403, -306, -229, 23, -948, -307, 109, 322, 126, -16, 941, -107, -751, 289, 5, 404, -563, 995, 726, -334, -177, 774, -17, -166, -836, 131, 300, 466, -494, -795, 103, 90, -41, 1143, 434, -386, 463, -361, -22, 509, -1555, -135, 895, -139, -661]
[-602, -164, -120, 1141, 1072, 536, 291, 830, -259, -455, -550, 58, 119, 1046, 683, 166, 624, -11, -683, -417, -833, 113, -580, 95, 254, 380, 441, 233, 125, -487, 454, -634, 328, -1564, 750, -405, -466, -772, 424, 915, 557, 728, 1097, -524, -118, -483, 441, -173, -116, 263, 409, 464, -744, 604, 160, 267, 98, 613, -332, -707, -762, -634, 336, -573, 160, 341, 349, 456, 439, 260, -493, -369, 523, 661, -439, -770, 300, -153, 1368, -317, -259, -693, -347, -287, -224, -9, 529, 110, -313, 103, -641, -882, 114, -41, -239, 11, -301, 725, -340, 1454]
[253, 595, 769, 291, -637, 161, 762, 131, 222, -156, 584, 660, -485, 379, 608, 144, -821, -275, 36, -700, 590, 681, -197, 791, -310, -556, 499, 264, -375, -679, 518, 30, -476, 247, 39, 855, 1273, 214, 216, 748, 357, -177, 530, 202, -348, -254, -299, 552, -713, -404, 486, 155, -317, 94, 87, -812, -806, -467, 1409, 631, 597, 501, 46, 254, 603, -1621, -749, -344, 55, 123, -410, 677, -72, -176, 381, 484, 103, -216, 48, -162, 79, 376, -196, -306, 211, -425, 142, -425, -173, -254, 841, 413, 44, 857, -770, -654, -404, 37, 384, 27]
[188, 285, 16, 377, -873, 5, 9, 67, -539, 286, 576, 525, -39, -2108, -696, -203, -655, -582, 498, -28, 718, -830, -473, -776, 49, -894, -750, 40, -151, -5, -580, 189, -76, 254, -644, -455, 620, 502, 259, 277, 145, -905, -632, 68, -168, -260, 255, 676, 352, -94, -78, 134, 25, -430, -209, 911, 138, 302, -355, -321, -715, -367, -22, 183, 230, 172, 491, 828, 347, 132, 461, 852, 1308, -960, -258, -65, 334, -384, -1, -333, -360, -1120, -318, 242, -458, -637, 435, 316, 18, 361, -477, 282, -945, 787, -11, -862, 270, 373, -295, 742]
[379, -80, -245, 383, 557, 686, 255, 126, -149, -914, -327, 334, -349, 397, 1120, -43, 157, 444, -372, 170, -272, -169, -834, 287, -359, 60, 44, -239, -331, -548, 146, 55, -318, -954, -62, 669, 775, -343, 508, -1259, 132, 929, 894, 998, 265, -585, -626, -28, -36, -387, 677, -638, 216, 100, 305, -1189, 34, 494, 406, -199, 63, 40, 286, 200, -546, -822, -855, 580, 6, -271, -82, 206, -152, -568, 167, -435, -226, -644, 816, 78, -185, 563, -828, 305, -261, -299, 587, 216, -132, 294, -137, -444, -37, 377, 492, 849, -164, -488, 585, 475]
[-204, 65, 32, 203, 653, -261, -258, 597, -144, 478, 185, 846, 525, 943, -1637, -93, -245, 292, 492, 370, 110, -194, -104, 678, 234, -686, 445, -18, 204, 777, 172, -952, 554, 549, 182, -329, -900, -454, -361, 603, -553, 315, 453, -907, 141, 144, 268, 595, 782, 76, -94, 589, -866, -338, -443, 1542, -419, 35, -192, -353, 676, -53, 114, -205, 1294, 514, 922, 356, 148, -881, -143, 138, 466, -255, -12, 723, 121, -105, 906, -240, 319, -206, -67, -132, 810, 204, 407, -68, -829, -171, -3, 165, -137, -596, -848, 197, 202, -748, -48, -638]
[401, 470, 156, -691, 400, -589, 300, -77, -239, -91, -49, -386, 121, 455, 514, 87, -58, -464, -319, -499, 8, -397, -635, 1137, -633, 471, 520, -306, 2, -1412, -487, 356, -543, -1020, 54, 1140, 654, -751, 1120, -361, -146, -478, 214, -798, 157, -580, 556, -176, 188, 624, 180, 564, -1163, 53, -737, -723, -1036, 215, 660, 824, 64, 417, -599, 472, -269, 398, 362, 107, 636, -162, -178, 803, 1431, -512, -533, 215, -871, -481, 507, -432, -549, 91, 1339, 240, -358, 279, 147, -303, -389, 1401, 71, -552, 280, 56, -661, 351, -1003, -130, -516, 174]
[1046, -251, -729, -407, -748, -85, -57, -736, -760, 354, 30, 203, -1165, -246, 490, -699, -670, -734, 833, -398, 142, 402, 782, 426, -435, 292, 470, -543, -435, 187, -477, 337, -242, -366, -383, -165, -252, 1114, 1255, -638, -401, 286, 660, 377, 1312, 604, -194, 128, 457, 245, 220, 896, 46, 530, -360, 404, 11, -609, 50, 104, -13, 137, -566, 14, -174, 772, -472, -340, -502, -222, 76, 381, 219, -244, -93, 122, 275, -413, 468, -415, 574, -619, -554, -659, 346, 164, 44, -436, 559, 619, 439, -21, 201, 30, 473, -438, -207, -85, 221, -73]
[-715, -408, -105, 244, -845, -673, -1139, -219, 83, 657, 534, 192, -482, -527, -1157, -378, -740, 107, 91, -607, 148, -61, 441, 686, -319, -142, 74, 195, -31, 332, -367, -294, 325, 1445, -695, 600, -371, -230, 194, -798, -312, 143, -546, -21, 558, 918, 989, 229, -380, -207, -1350, -38, -238, 70, 369, 433, -955, 734, 793, 293, -610, -406, -320, 126, -1359, -6, 852, -445, -200, -280, 466, 991, 374, 503, -600, -494, 44, 482, 327, -314, -602, -829, 591, -367, -159, 630, -527, -10, -379, 693, 811, 233, -1367, -944, 478, -840, -184, 122, 8, -961]
[459, 68, 79, 732, 645, 308, -296, 1518, -24, -1168, -40, 176, 775, 402, -465, 467, -331, 211, -780, -805, 242, -152, -751, -597, 371, -239, -668, -306, 463, -718, 91, 464, -908, 1022, -100, -20, 527, -657, 599, 1066, -31, -370, 183, -8, -739, -560, -410, 914, 1313, 341, 293, 416, 294, -541, -91, 217, 321, -11, 1038, -833, -933, -130, -1213, 616, 803, -863, 542, -49, 603, 822, -5, -311, 329, -222, 94, -2, -28, -357, 584, 623, -827, -452, 17, 190, 532, -46, 380, 149, 305, -161, -431, -681, -691, 205, -544, -257, -78, -196, -171, 799]
[9, -456, -92, -699, -137, 189, 155, 265, -706, -856, 325, 526, 204, 25, 1111, 640, -257, 1030, 309, 1403, 65, 103, -165, 73, -409, -789, 1075, -495, -230, -14, -598, -52, -480, 26, -11, 482, 413, 252, 534, 602, 251, -51, 1345, 533, 897, -725, -762, 135, -122, 149, -189, 306, -205, 28, -3, 240, -581, -827, 614, -308, 51, 865, -776, 321, 507, 394, -1001, 52, 211, -312, -123, 312, -100, -107, 1310, 1463, -874, -493, -45, -180, 533, 588, -554, -824, 114, -85, 43, -665, -50, -167, 369, 166, 43, -843, -381, 154, -158, -69, 499, -199]
[388, -401, -601, 635, 24, 65, -579, 841, 120, 272, 34, -584, 1345, 776, -1119, 372, -766, -317, 726, -284, 280, 369, -493, 169, -322, 696, -696, -781, 235, -5, 732, 2, -760, 1, 459, 274, -5, -312, -682, 719, -350, -331, -671, -3, 857, -1166, -148, 363, 543, 712, 410, 640, 310, -459, -567, -189, 418, -154, 1077, -142, -782, 133, -95, 726, 701, -608, -75, -1332, -184, 64, 289, -1909, 769, 954, 592, 10, 140, -539, -1157, 330, -759, 186, 602, 303, -238, 435, -589, -885, -520, -551, -12, -76, -245, 370, -627, 61, -176, 211, 396, -1222]
[180, 562, -315, -137, -823, 103, 397, 57, 140, 371, -605, -180, 964, 581, 260, -21, -67, -1381, 481, 189, 257, -158, -436, -494, 132, -908, 31, -210, -742, 69, -292, -571, -484, -405, 101, 337, 767, -891, 891, -272, -142, 329, -232, -773, -1093, 706, 529, 454, -226, -555, -37, 85, -60, -704, -144, 603, -81, -439, 67, 183, 415, -383, 344, -398, 695, -12, -40, -521, -297, -559, -492, 70, 79, -737, -208, 425, -672, -427, -364, -73, -605, -729, 174, -225, -614, -98, 316, -947, 249, -882, -459, -521, 97, 1834, -366, 186, 310, -41, 202, 384]
[-277, -211, 224, -1801, 253, -371, -14, 453, -232, -964, -862, 42, 881, 604, 1328, 733, 613, 664, -1254, 675, -1254, -130, 752, -420, -1017, 59, -404, 694, 595, 329, -54, 1051, 417, 20, -1226, -94, -970, 649, 1529, -279, 287, 293, 712, 178, 116, -510, 402, -799, 247, 870, 797, 46, -189, -447, -450, -645, -50, -503, -1082, -165, 1269, 293, -134, -154, -451, -84, 246, 848, 32, 30, 303, -395, 70, 768, 671, -511, -507, 168, 71, 336, 371, 380, -493, -798, 357, -286, 552, -497, 179, -267, -100, 437, 178, -963, 229, 620, -133, -662, -302, -144]
[-464, 648, 1195, 124, 573, 428, -646, 732, -252, 522, -466, -56, -1297, -100, -288, 630, 200, 183, 35, -584, 504, 583, -455, 374, 201, -394, 259, -77, 306, -587, -1498, 38, -926, -308, 487, -32, 961, -917, -688, -814, -490, 128, 503, -708, -57, 423, 949, -613, 178, 369, -29, 17, -426, 33, 81, 517, -716, -283, 45, -115, -240, -300, -998, -379, -665, 634, 512, 91, 682, -439, -62, 5, -129, -779, -457, 826, 558, 218, 1329, -297, 892, 656, -413, 275, -152, -75, 248, 595, -608, -177, 275, -879, 391, -164, 658, 695, 391, -312, 278, 17]
[-11, -628, 332, 453, -50, -252, 225, 786, 460, -286, 340, -352, 313, -668, -608, 737, -1172, -681, 794, -671, 96, -108, -1485, 657, -794, -575, 556, 48, -96, -286, 287, -43, -705, 62, 747, 402, -649, 1189, 618, 725, 485, -869, -33, 270, -210, 42, -539, 657, -450, 66, 700, -334, 856, -59, -525, 474, 328, 88, 441, 511, -530, 114, 94, 727, -447, -957, 295, 214, 469, 55, -39, -84, 769, 94, 662, 291, -381, -1049, 1072, -273, -222, 19, -371, -109, 530, -634, 211, -715, -569, -489, 446, -202, -247, 40, 208, -265, 1002, -322, -622, -25]
[200, 73, -379, -446, -751, 402, 409, -165, 555, 285, 224, 18, 1140, 592, 367, -190, 746, 780, -106, 375, -15, -1415, 86, -56, -1023, -499, 688, 293, -350, -113, -121, -1560, 92, 430, -539, 124, 256, 68, 61, -463, -82, 907, -123, 470, 205, -136, 568, 304, -205, 671, -630, -449, -940, -110, 529, -526, -460, 90, 11, -675, -957, 304, 582, 1162, -188, -9, -883, -87, 150, 451, 471, 667, -223, 51, 308, -892, 520, -581, -452, 250, -35, -256, 872, -109, 112, 222, -1328, 310, -527, -121, -561, -1015, -200, -728, -57, -76, 335, -84, 1148, 121]
[383, 366, 797, 278, 620, -269, -504, 724, -573, -423, 351, 1146, -649, -990, -205, -34, 974, -63, -213, 251, -142, 500, -23, -1174, -34, 30, -1004, 303, -134, 1379, 157, 697, 1543, -221, -18, 71, -1282, -396, 578, 481, -497, 225, -22, 540, 45, -32, -506, -47, 673, -667, 165, 19, 490, -217, -723, -661, 679, 267, -248, -102, 1193, 570, -149, 70, 568, 268, -549, 756, -256, 340, -120, -812, -455, -245, 354, -829, 53, 54, 128, -138, -476, -250, -1505, -131, -14, -694, -88, -604, 283, -436, 111, 186, -598, -89, -148, 795, 208, 110, 236, -159]
[-207, 747, 1805, 1124, 3, -422, -332, 386, -924, 30, 274, 429, -198, -1397, 633, 140, 557, -918, -690, -388, 421, -260, 54, -577, -440, -307, 80, -49, -64, 141, -726, 195, 1048, -279, 589, -268, 26, -1040, -444, -990, 82, 174, 404, -203, -268, -43, 624, 243, -961, -451, 193, -91, 116, -600, 383, 288, -874, 616, -634, -855, -307, 186, 192, 574, -109, 82, -748, 115, -212, 336, -19, 235, -211, -476, -615, 187, -236, 91, 574, -522, -255, 611, -267, 890, 274, -402, -222, -260, 345, -65, -1033, -155, -156, 38, -237, 190, 481, -220, -428, 472]
[261, 530, 484, 165, 259, -363, -1220, -431, -804, -456, -228, 388, 63, -767, -619, 58, -98, 696, -624, -432, 579, -238, 291, 462, -524, 5, 267, -448, -325, -33, -314, -336, 410, 406, -1131, -508, 299, -261, -631, -650, -267, -22, 124, 610, -399, -195, -506, -72, 610, 412, 591, -385, -163, 506, -376, 69, -1069, 1104, -502, 413, -879, 283, -281, 711, -610, 1001, -391, 472, 463, 589, 233, 554, 857, 1599, -1263, -793, -409, 603, 8, 533, 216, -678, -573, -402, 212, 413, -44, 277, -606, 413, -488, 250, -163, 277, -239, -365, 326, 199, -483, -248]
[-330, 533, -183, 401, -323, 68, -8, -133, -676, -108, -62, 74, -213, -384, -368, 33, 881, -595, -72, 179, 714, 56, -1323, 874, -350, -190, 291, -469, -657, -690, 161, 225, 11, 22, -304, 834, 72, -1019, -356, -156, -103, -596, -672, 198, -360, -455, -87, 484, -41, -511, 433, 89, 417, 261, 58, 706, -99, 56, -553, 960, -764, 220, -107, -982, 567, -343, 828, 314, -481, 551, -397, 5, 120, 416, 305, 472, -882, -374, 172, -436, -159, -913, -152, 503, -486, 109, 719, 31, -662, 773, -93, -102, -78, 989, -182, 864, 619, -353, -152, -1130]
[-1002, 85, -41, 884, -494, -144, 135, 805, -174, 1160, 197, -179, -519, 514, -730, 53, -11, -296, -353, -94, -603, 311, 344, 327, 316, 304, -314, 27, -418, 902, 383, -32, 930, 61, 585, -772, -1013, -706, -516, 151, -268, -15, 164, 37, 147, 427, 692, 418, 303, 582, 207, -193, 340, -201, -772, 423, 59, 634, -289, -812, 275, -672, -1, -629, -14, 178, -54, -710, -39, -125, -585, -886, 1063, 39, 214, -447, 738, -339, 408, 466, 153, 199, -502, 315, -20, 396, -48, -418, -233, -727, -166, 1127, 112, 218, 289, 942, 1110, 18, 346, -105]
[229, -548, 240, 173, 412, 252, -142, -280, 140, 856, 349, 577, 156, 574, -76, -547, -704, -281, 1113, 1296, -40, 307, -278, -408, -415, -454, -10, 379, 430, 965, 1497, -597, 797, -145, -286, -774, -424, 101, 404, 941, 843, -238, 1044, 249, 451, -285, -259, 227, -1027, -638, -211, -41, -396, 788, -346, -89, 331, 474, 759, 115, 1053, 550, 512, -136, 175, -645, -761, -98, -548, -248, -609, 98, 44, 0, -360, -711, -1055, 731, -814, 708, -209, 412, -51, -927, -83, -786, 48, -119, -564, -652, 167, 1193, -221, -163, 367, -413, -848, 787, 242, 209]
[888, 356, -509, -39, -766, 203, 446, 749, 124, 349, -289, -894, -27, -617, 247, 42, -577, -371, 579, -898, -488, -629, -275, -786, 661, -75, -592, 359, 150, -161, -100, -582, -630, 12, 516, -67, 124, -96, -531, -555, 732, 100, -751, -293, -337, -915, 1391, 776, -288, 192, 436, -371, 182, -469, -378, -6, 624, 533, 542, -322, -369, -137, -310, 603, -125, -59, 606, -233, 326, -206, 440, -198, 1323, -1077, -37, 6, -676, -207, -598, -31, -252, 219, 982, -74, -44, 129, -720, 164, 734, -1043, -1448, -600, -341, -224, 234, -740, -179, -144, -741, 1619]
[1210, -41, -103, -293, -111, 48, 985, 450, -112, -151, 46, -18, 125, 293, 434, -713, -5, -538, -459, -274, 588, 30, 154, 93, 200, 846, 128, -804, -349, -571, 464, 322, -227, 131, -430, -92, 241, 217, 811, 257, -1133, -388, 670, -181, 131, -324, -695, 149, 648, -104, -319, 114, -308, 582, -384, -1002, 38, 92, -111, -287, 319, -851, 772, -349, 1018, -783, 221, -473, 489, 573, -1235, 161, -203, -315, 393, -935, 971, 113, 97, 427, -691, -416, 632, 467, -216, -102, -817, 601, 185, 650, 637, 647, 440, 361, -783, 305, -888, 111, 362, 502]
[387, -713, -530, -619, -279, -648, -187, -281, -251, -54, 366, -329, 122, -425, -1194, 45, -186, 427, 425, 598, 160, 144, 476, 669, 176, 1486, -179, 298, 469, -722, 468, -566, -5, 659, 892, 234, -95, -247, 425, -328, -426, 545, -803, 339, 608, 450, -333, 517, 393, -138, -300, -608, 697, -547, -270, -723, -245, 174, 373, 300, 14, 275, 507, 614, -503, 328, 445, -176, 53, 526, 1086, -154, -92, 367, 371, 19, 497, 570, -1346, 254, -267, 433, 212, 267, -116, -146, -1117, -584, -342, -635, 661, -685, -188, -279, -5, -2, 350, -351, -707, -1041]
[104, -807, -1131, 327, 151, 116, 59, -884, 87, -711, -309, 368, 693, 523, -632, 325, -76, -268, 1112, -298, 50, -1011, -464, 364, 143, -387, 79, 540, -493, 914, -246, -143, -33, -285, 331, 302, -979, -940, -190, -105, 279, 1042, -985, 186, -607, -381, 857, -505, -589, -191, 181, 242, -1207, 243, -192, -49, 705, -298, -680, 81, -736, 544, -59, 79, 56, 755, -39, 32, 7, 115, -570, -737, -272, 623, 837, -129, -169, -85, -170, -25, -433, 312, 530, -362, -70, -79, -844, 503, 73, -237, -390, -1469, -281, 227, -771, -41, -87, 736, 294, 207]
[1418, -154, 11, -432, 563, 361, -81, 1175, 194, -341, 228, -663, 584, 136, -524, -47, 320, -309, 352, 553, 519, -576, -1020, -251, 227, 204, -266, -508, -418, 374, -147, -1151, 46, -263, -361, -88, 845, -459, 943, -258, -202, 45, -530, 790, 31, -463, 95, 1018, 114, -462, 133, 796, 405, -573, -664, -180, 1116, 242, 870, -388, -448, -90, 241, 958, 1515, -4, 213, -33, -39, 192, 409, -706, 708, -477, 126, -63, -112, 225, -877, -471, -855, -127, 601, 72, -1029, -388, 327, -239, -92, 111, -737, -97, -1431, 1003, -821, 206, 514, -313, -316, 194]
[-399, 78, 506, 327, 48, -712, -286, 632, 112, -651, 342, -36, 425, 419, 76, 368, -44, 3, -118, -555, 210, 357, -388, 27, -3, -1163, -310, 129, 547, 363, -814, -656, -327, -184, -160, 403, 474, -169, 707, 1117, 430, -144, -745, 612, -468, -676, 591, 315, -61, 9, 322, -932, 652, 379, 65, 744, 482, 46, 842, -521, -842, -162, -195, 49, 51, 20, -573, -191, 754, 818, 956, -743, -463, 460, 58, -168, -81, 315, 562, -745, -513, 209, -140, -196, 195, -676, -356, -657, 215, -131, 648, 128, 85, 668, -604, -212, 670, -540, -234, 561]
[-410, -437, 164, -202, -8, 497, 665, -732, -576, -169, 500, 979, -84, 306, -163, 288, -398, 393, 447, -311, 91, -194, 362, 107, -548, 454, 413, 803, 303, 310, -31, 202, -90, 555, 870, 627, -832, 597, 80, -19, 431, -212, -251, 50, -941, 146, -872, 462, -460, -125, -194, -694, 556, -80, 192, -304, -245, -354, -691, -504, 636, 562, -97, 147, -1961, -914, 361, 438, 390, 924, -120, -375, -165, 478, -340, -363, 380, 638, -482, -78, 478, 291, 55, 206, 654, 88, -51, 620, 282, 82, 754, 712, -225, -912, 770, -696, -203, 48, -853, -328]
[-769, 17, 262, 1180, -173, -418, 487, 518, -487, 597, -79, -121, 448, 349, 897, -293, 415, -836, -1594, -498, -467, -185, -34, -703, -372, 438, 556, -58, 620, -98, 85, 417, 686, -152, -169, -22, -246, 78, 421, -99, 199, 433, -217, -160, 607, 780, 85, -886, -1239, -107, -543, 321, -322, 11, 562, 505, -492, 597, -174, -643, -1110, -218, 191, -257, -360, 477, -395, -368, -436, -201, 329, 942, 217, 787, -703, -124, 769, -43, 132, 57, -404, -147, 354, 169, -124, 1034, -338, -478, 73, 640, -892, -568, -708, 3, 336, -511, 429, -503, 496, 399]
[-359, 187, 510, -884, 934, 247, -770, 284, -688, 125, 182, 175, -676, -211, -686, -39, 386, 170, -442, -39, -110, 924, 540, -320, -59, 117, -267, -47, 678, 445, -410, 474, -2, -194, 189, -424, -371, 402, 44, 164, -548, -239, -963, 86, 415, 840, -97, -1297, 42, 196, -800, 383, -85, -149, 497, -124, 295, -483, -117, 141, 984, 596, -355, 416, 557, 1089, 531, -661, -149, 175, 297, -913, -689, -106, 251, 245, 955, -88, -303, -279, 385, 795, -23, -423, 612, -279, -336, -175, 242, 202, 507, 132, 348, -960, -530, -105, 185, 429, 763, -854]
[55, 377, 272, 316, -563, 154, -166, 73, -113, -287, 294, 1170, -907, -148, 229, -620, 236, 460, -64, -1155, 1120, 174, -101, 594, -907, -508, 310, -11, -755, 2, -278, -789, -63, -85, 253, 115, 347, -180, -764, -589, -277, 39, 739, 155, -464, 260, -373, 287, 19, 166, -162, 177, 386, 590, -353, 508, -1046, -490, -221, 34, -756, 220, 865, 215, -1194, -682, 203, -443, -689, 321, 187, -333, -832, -303, 157, -134, -466, 1071, 980, 50, 783, 906, -696, -458, 485, 446, -493, 745, 150, 701, 665, 173, 555, -78, 259, -977, 252, 319, -678, -611]
[-77, 1132, 186, -1204, 327, -375, 1130, -213, 136, 825, -268, -770, 617, 1090, 224, -791, -7, 245, -282, 373, -78, 296, 589, 743, 657, -672, -604, -383, -436, -1028, 129, -656, -501, -406, 198, -491, 1062, -436, -197, -315, -480, -791, 559, -1276, 141, -388, 919, 382, -285, 910, 301, -280, -332, 131, -213, -201, -976, 20, 864, 454, 602, -240, -155, 182, -62, 589, 361, -40, -199, -862, -57, 519, -377, -1046, -166, 505, -177, 49, 330, -405, 614, 323, 992, -327, 206, 326, 274, -16, -135, 181, -41, 259, 1373, 564, -625, 275, -489, -337, 104, -564]
[991, -33, 241, 266, -365, -718, -221, 200, 470, 24, 899, 375, 912, 656, -267, -83, -658, -530, 763, 102, 1108, -190, -511, 572, -986, 315, 167, 275, 571, -768, 1350, 799, 232, -96, 654, 537, -123, -413, 196, -1286, -791, -105, 564, -162, 76, -789, -1127, 1409, 570, -318, -324, 47, 338, 802, -382, 42, 374, 37, 198, 501, -254, -92, -107, -122, -573, -16, -63, -342, 129, -67, 143, -49, 204, 106, 80, -220, -666, -866, 332, -713, -865, -220, 71, 627, 103, -217, 274, -284, -499, 1299, -6, -79, -43, 459, -267, 865, 426, -313, -616, -306]
[-311, -301, 84, -599, 1252, 64, -271, 506, -842, 190, 358, 458, -876, -344, 478, 493, -189, 180, 169, -648, -388, 190, -210, 235, 217, 224, 594, 109, 785, -64, -954, 1426, -377, -11, 422, 781, -587, -69, 955, -865, 173, 83, -558, -107, -29, 403, 265, -689, -456, -25, -186, -258, -21, -370, -37, -1516, 251, -8, -246, 571, 380, -49, -694, -247, -250, 544, 622, 971, -113, -755, 180, 347, -145, -198, 770, 575, -61, 84, 150, 58, 75, 948, -563, 331, -57, -183, 549, -153, -480, 113, -268, 132, -572, -794, -73, 374, 346, 205, -111, 119]
[-1020, -263, -244, -310, -732, -462, -184, 152, -200, -768, 191, 630, 854, -132, -600, 516, -347, -356, 452, -106, 332, 570, -577, 357, -828, -222, 493, -873, 603, -207, 291, 707, -372, 825, -1017, 849, -37, 314, -4, 494, 34, -827, -715, 46, 54, 379, 195, 594, 345, 423, 864, 6, 796, 75, -121, 1098, -453, 476, -72, 407, -112, 179, 627, 223, -1098, -137, -749, -130, -362, -198, 207, -41, 942, 972, 540, -912, 187, 67, -311, -244, -474, -695, -569, -185, -16, 94, -207, -1001, -571, -610, 589, -11, 930, 305, 1031, 37, 190, -442, -279, -1366]
[193, 486, -1048, 175, -23, 224, 483, 65, -331, 410, -58, -506, -182, 232, -147, -82, -925, 198, 126, -256, 411, 578, 517, 101, 410, 1416, -249, -261, 214, -558, 309, 1182, -260, 380, 105, 276, 631, 106, -313, 307, -359, 82, -48, 940, 1457, -768, -683, 596, -381, 199, -705, 21, 127, 883, 560, 468, 96, 1072, 1191, 10, 429, -765, -329, 211, -354, -92, -653, -111, -492, -1198, -218, 158, 291, -364, 64, 123, 521, 382, -785, 481, -216, 661, 327, -4, 231, 888, -347, 38, -286, -781, 1076, 524, 56, -192, 952, -38, -356, 296, 813, -1704]
[-220, -643, -467, 348, 703, -111, -481, 664, -931, 746, 668, -450, 1272, -58, -828, -516, -1222, 167, 488, 202, 107, -458, -252, 150, -530, 626, 617, -640, 569, 128, 529, 166, 111, -397, 1401, 275, 185, -22, 988, -1315, 607, 320, -554, 837, 24, 558, 329, 204, -341, 95, -931, -104, -258, -159, 1381, -326, -694, -205, 1033, -540, -957, -131, 311, 1108, 82, 86, 443, 2, -976, -1078, 1083, 425, 712, -365, 246, 244, 723, -1032, -693, -706, -522, 382, -182, -59, -172, -204, -193, 200, 11, 1182, -514, -468, -795, -184, -57, -336, 201, 715, 68, 655]
[595, -366, 537, -187, -569, 216, -100, -438, 689, -230, 565, -365, -196, -723, -617, 396, 60, -1, 433, -530, 75, -791, -54, -172, 559, -296, 144, -37, -537, 561, -576, 139, -941, 316, 405, -535, 817, 477, -276, -139, 440, -660, -895, 222, 6, -207, -336, -649, 67, 624, -38, -465, -546, -226, 1086, 1434, 352, -878, -609, -1344, -1292, 481, -428, 198, -199, -435, -944, -691, 750, 921, 43, 2, 721, 862, 44, 547, 853, -532, 70, -883, 1125, -1014, 790, 441, 307, -296, 30, 445, 1111, -192, -322, -236, 766, -487, -414, -306, -502, -473, 538, 284]
[131, -470, -378, -191, -34, -56, -87, -477, 259, -379, 67, -876, -1099, 493, 74, -565, -371, -619, 188, -948, -582, 388, -1124, -119, -838, 923, -479, 153, -234, -115, 680, -311, -1309, -690, -256, 194, -320, 242, 298, -648, 1129, -493, 100, -385, -474, -305, 672, 374, -1052, 390, 34, 306, -855, 641, 330, -907, 1357, 60, 593, 215, 976, -499, -240, -281, -617, -371, 343, -105, -4, 79, -517, -566, -419, 404, 38, -564, -242, 272, -529, 374, -442, 347, 638, -693, -652, -203, 441, -368, 338, -1, -405, -779, -245, 196, 53, -226, -1385, 306, 177, -76]
[-222, -102, 630, 311, -165, -237, -587, 186, -210, 26, -58, -218, -883, -912, 1041, -634, 213, 632, -859, -314, 410, 475, 184, -475, -440, 165, -346, 139, -77, -316, -344, -726, 167, -707, -565, -312, -684, 541, -291, -795, 26, 61, 44, 1297, 1489, 69, -342, -64, -636, 128, 29, -588, 338, 609, 395, -545, 69, 534, 36, -557, -413, -25, 90, 214, -470, 285, -993, -403, 279, 43, 729, -1064, -228, -51, 304, -573, 283, -395, 117, -725, 490, -367, -440, 170, -146, -117, -704, -261, 180, 670, -51, 971, 88, -212, 608, 643, 35, -593, 454, 479]
