[70, -311, 369, 70, -117, 972, 48, 437, -501, 90, -67, 111, 110, 60, -221, 60, 63, -184, 275, -61, 245, 154, 298, 293, -25, -355, -139, 744, -456, -225, 62, -340, -428, 156, 262, 324, -428, -599, 287, 206, 288, 136, -133, -317, 70, 157, 60, -225, -82, 59, 267, -272, -247, -203, 268, -349, 73, 161, 199, 388, -788, 156, 211, -52, 143, 550, 240, -416, -351, -465, -691, -438, -14, -370, 71, 65, -215, 173, -64, 622, -267, -320, -229, -243, -233, -37, 175, 20, -849, 59, 330, -161, -346, -465, -94, -367, -133, 67, -257, -133]
[-423, -151, -145, 333, -91, -608, -126, 60, 294, -13, -353, 252, 350, 714, 90, -111, -41, -321, 232, 178, -168, -149, 266, -51, 175, 109, -168, 85, 43, 380, 37, 310, 988, -702, 312, 675, -235, 26, 375, -73, -102, 138, 289, 46, 204, 207, 60, -98, 555, -8, -467, 250, -203, -220, -201, 90, 647, 101, 46, 34, 65, -564, 239, 143, 122, -180, 233, -260, -61, -498, -116, -93, -256, -103, 681, -686, 147, 537, -107, 2, 490, -189, 293, -149, 840, 155, -48, 118, 265, 509, 325, 448, 762, 446, 72, 170, 294, -3, 77, 15]
[154, -350, -575, 108, -357, -105, 71, -37, 74, -19, 148, -33, -99, 826, -232, 318, -28, 170, -162, -115, 182, -233, -134, -877, -521, 207, -289, -229, 210, 163, -40, -77, 384, -525, -387, -207, 70, -202, -188, -73, 205, -24, 537, 501, -182, 19, 377, -74, -430, 420, 219, -313, -136, -234, -167, -926, 524, 90, -263, 398, -705, -43, 340, -90, 8, -175, 613, 300, 216, -147, -214, -189, -167, -620, 291, -956, -111, -58, 33, -73, 339, -722, 332, 169, 502, 77, -206, -91, 246, 346, 46, 44, -25, 97, 329, 147, 181, -308, -8, 526]
[-165, 412, -562, -165, -504, 17, -136, 171, 182, 97, -123, -389, 373, 654, 56, -274, -440, 234, 174, 126, -340, 112, 126, 106, -432, 52, -778, -219, 91, 723, -873, 209, 479, -302, -188, -399, -499, 75, 166, -266, 108, -465, 111, 250, 84, -116, 27, -89, -501, 381, 67, -258, 23, -154, -584, -260, 528, -426, -363, 158, 273, -197, -204, 116, 165, -371, -7, -77, -106, -312, 174, -288, -385, 430, 301, -577, 440, 81, 376, -565, 522, -506, 317, 630, 481, -106, 98, -187, 927, 991, -407, -244, -318, 605, 223, -156, 261, -614, -672, -197]
[-227, 409, 42, -61, -511, 77, 74, 312, -191, 261, -109, -422, 319, 164, -273, 324, 71, 15, 186, 401, -439, 343, 479, 1021, -64, -233, 356, 40, -464, 447, 161, -242, -234, 385, 625, 180, -536, 107, -21, -159, -510, 196, -355, -11, -65, 315, -341, -2, 383, -213, -316, -483, -189, 143, -84, 58, -326, -437, 534, -548, 605, 15, 250, 398, 146, -88, 104, 109, 319, -287, 33, -337, 33, 499, -310, -458, 588, -360, 838, -299, 593, 530, -49, 84, 197, 159, -253, -270, 201, -77, -370, -338, -143, -374, -224, 227, -339, 179, -276, -609]
[32, -82, -37, -198, 353, -318, -62, -875, 535, 77, -198, -177, 58, -64, -267, 708, -183, 704, -552, -382, 367, -194, -406, -816, -473, -255, -107, -359, -75, 211, -68, 64, -413, 27, -847, -803, 471, 53, -462, 294, -97, -388, 261, 480, -637, -207, 63, 167, -1037, -430, 7, 122, 211, -4, -583, -116, 516, -122, -302, 694, -79, 384, -589, -276, -668, -123, -449, -14, -291, 966, 419, 665, -374, 207, 72, 178, -175, -107, 381, -713, -69, 201, -68, 498, -7, 264, -512, -39, 475, 252, -10, -49, -1142, 597, 349, 103, -96, -350, -625, 165]
[-18, 19, -210, 799, -372, 121, 380, 61, 142, -622, -260, -70, 37, 223, -306, 198, 181, -358, -42, -422, -204, 42, 500, -640, -28, -106, 146, 208, -27, -246, 405, -25, 316, -141, -71, 356, 305, -123, 106, 163, 543, 9, 233, 54, -30, 198, -67, -355, 550, 365, 223, -1346, -320, 9, 59, -320, 592, -223, 465, -169, -74, -539, 353, 195, 491, 193, 537, 406, 265, -260, -199, -448, -350, -1283, 163, -800, 406, -324, -439, 394, 718, -799, 272, 18, 421, -145, -585, 415, 454, 297, -60, 15, 422, -309, 505, 19, -237, 167, -585, -34]
[-1066, 357, -175, 412, 453, -1311, 78, -48, 256, 321, -788, 8, -497, 91, 871, -430, -4, -392, -489, 94, -20, -448, 399, 210, 649, 42, 648, 146, -96, -154, 534, 10, 167, -132, 484, 152, 82, 36, 21, -22, -337, 155, 385, -314, 37, 127, -374, 337, 1107, -929, -194, -292, -301, -282, 261, 381, 167, 294, 722, -727, 410, -589, 313, 209, 9, -125, 15, 408, 138, 252, 211, 492, 43, 30, -135, 278, 172, -285, -271, 49, 907, 108, 312, -130, 563, -87, -1060, 497, -202, -226, 595, 575, 711, 75, -6, 381, -573, -86, -101, -130]
[601, -547, 314, 392, 41, 395, 272, -182, -576, -584, 539, 284, 586, -87, -36, 228, 257, 370, -9, 54, -542, -121, 430, -716, -252, 347, 2, 154, -302, -2, -311, 389, 120, -423, 96, 51, 580, 32, -229, 155, 182, 273, 313, -206, 406, 529, 492, -168, 591, 440, 241, -172, -1, 8, 247, -394, 144, 363, -85, 600, -654, 67, -101, -368, -358, -186, 417, -239, 113, -156, -496, -391, -147, -771, 38, -238, 243, 314, 256, -252, -404, -567, -35, -652, 65, -256, 70, 107, 90, -176, -130, 280, 732, -1, 861, 161, 530, -136, 58, 335]
[-529, 116, -524, -596, -605, -505, -331, -324, 123, 483, -278, 486, -562, 636, 173, 84, -458, 656, -818, -91, 423, -48, -577, -63, -294, -415, 65, -456, -304, -302, -280, -84, -54, -521, -314, -148, -327, -19, 153, 143, -830, -84, -505, 536, -443, -368, -369, 388, -177, -151, -316, 686, -189, -59, 12, -268, -29, 10, 125, 229, -224, -261, 374, 242, 128, -63, 236, -326, -235, 141, 723, 386, 646, 742, -116, -195, -510, -124, 93, 217, 420, 397, 381, -121, 127, 70, -417, -393, -107, 122, 311, 855, -621, 13, -553, 484, -78, -152, -235, 178]
[-559, 240, 497, 472, 162, -4, 410, 412, 370, 186, -960, -517, 138, -211, -167, -466, 178, -567, 505, -106, -302, -445, 598, 288, -32, -71, 583, 372, -104, 201, 213, -131, 193, 391, 149, -117, -480, 131, 285, -343, 267, -388, 117, -149, 284, 95, -48, 35, 385, -203, -300, -674, -674, -259, 19, 516, -259, -465, 376, -836, 570, -74, -99, 337, 39, 158, -744, 439, 481, -3, 180, -58, -374, 589, 68, -266, 207, 192, 712, -70, -155, 932, -626, -4, -24, -148, -281, -112, 461, -170, -180, -955, -356, 99, 46, 102, -76, 59, -108, -314]
[359, -58, 72, -574, -648, 581, -103, -174, -712, 294, 81, 248, -251, -298, -59, -142, -310, 745, -222, 130, 169, 395, -265, 134, 20, -839, -671, -132, -418, -359, -757, -150, -839, -6, -553, -559, -135, -343, 110, -299, -266, -285, 334, -321, -241, -408, 104, -12, -705, -104, 515, 528, 356, 18, 321, -676, 658, 371, -342, 644, -597, 557, 164, -635, -147, 85, -47, -895, -840, 426, 347, 177, 551, 251, -86, 756, -56, 81, 103, -627, -239, -716, 369, -322, -195, 205, 194, -390, -520, 683, -364, 242, -377, -271, -355, -1334, -51, -722, -662, -378]
[-487, 51, -144, 120, -10, -1265, -211, -76, -259, 344, -46, 301, -1079, 421, 63, 123, -522, -418, -440, 879, -148, -40, -264, 259, 218, 140, -46, -488, -386, -100, 26, -285, 321, -259, 387, 264, 50, 696, -92, 236, -946, 695, 375, -4, -189, 507, 108, 246, 640, 144, -228, 742, 125, -54, 708, -305, 312, 267, 223, -546, 158, -295, 398, -42, 18, -727, 532, -586, -97, 440, 504, 483, 420, 62, 341, 214, -179, -319, -57, 55, 355, 637, 359, -478, 244, 264, -722, 498, -289, -362, -104, 368, 510, -47, -307, -417, -72, -291, 80, -117]
[126, -74, -601, 447, 219, -69, -554, -169, 89, -322, 87, 306, -379, 69, -19, 1015, 308, 6, -147, 125, 221, -148, -305, 16, 409, 772, 78, -190, -288, -63, 417, -53, 23, 60, -139, 182, 316, 251, 118, 619, 105, 760, 117, 167, -135, -89, 73, 143, -147, 344, -52, 205, 293, 329, -263, -98, -291, 127, -275, -159, 275, -435, -609, 765, 71, -116, 205, -185, 193, 598, 295, 623, 223, -886, -165, 390, -231, -157, -772, 114, 305, 597, 412, 235, -230, 150, -557, 935, 354, 159, 92, 98, -498, 101, 114, 352, -265, 75, -132, 373]
[-297, -153, -127, -235, -132, -968, -68, -684, 693, 128, 201, 258, -712, -40, -92, 69, 254, -157, 16, -391, -25, 620, -564, -896, -5, 0, -5, -217, 1162, 64, 597, 37, 644, -432, -739, 85, 1296, 126, 236, 81, 236, 118, 258, 386, 64, -247, 75, -68, -419, -407, 81, 71, 288, 414, 248, -131, 465, 815, -205, 67, -306, -5, 497, -145, -123, -232, -128, 160, 9, 562, 21, 472, -116, -595, 858, -819, -160, 401, -845, 514, 2, -637, 62, -267, 356, 573, 262, -322, 575, 268, -27, 446, 408, 335, -201, -552, 359, 317, 504, 630]
[-28, -97, -304, 616, -188, 524, 462, 391, -692, -184, 454, -122, 257, 650, 295, -452, 145, 441, -639, -207, 106, 198, 860, -4, 6, 193, 30, 142, -302, -634, -49, 190, 493, -391, 632, -126, -51, -514, -109, 195, -141, 480, -66, 166, -63, 153, -439, -14, 1343, 590, 364, -867, -621, -290, -223, -404, 251, 518, 748, 564, -150, -544, 373, 27, 769, 350, 670, 563, -211, -1057, -497, -1264, -1, -526, -475, 77, 165, -272, -185, -25, 344, -1676, 362, 168, 173, -121, -373, -75, -390, 52, 472, 752, 833, -563, 268, 862, 51, -230, -738, 119]
[145, 231, -263, 270, 69, 528, 260, 30, -727, 470, 609, -277, 236, 958, 223, -287, -314, 465, -809, 203, -546, -711, -300, -53, -821, 298, -63, 88, 29, -15, -841, 40, 95, -131, 446, -215, -546, 79, -17, 238, 221, 39, 10, 243, 214, 198, 204, 288, 625, 538, -566, 225, -714, -378, -77, -254, -340, -272, -35, 364, -233, -504, -101, -87, 180, -173, 267, 133, -274, -787, -55, -311, -239, 969, 38, -165, 194, 533, 473, -628, -1, -446, -669, 79, 409, -421, -30, -418, 319, 24, 200, 164, -95, 455, 346, 202, 730, -504, -33, -254]
[131, -633, 332, 386, 402, -790, 113, -106, 108, 56, -447, 38, 209, -305, -168, 395, -24, 53, 371, 436, 97, -98, 1276, -94, 196, -460, 297, 363, -468, 534, 555, 233, -87, 113, 52, 505, 395, 165, -121, -513, -416, -150, 626, -755, -10, 663, 219, -119, -18, -599, -516, -139, -315, 100, 350, 487, 511, 77, 181, -459, -252, 522, 301, -293, -667, -50, 100, -137, -244, -56, -506, -141, -283, -162, 76, -337, 511, -143, 330, -574, 353, 194, -487, -1146, 354, 174, -1003, -20, -288, -200, -726, -384, 172, 183, -122, 170, -64, -143, -179, 131]
[-59, -391, -134, -134, -454, -681, -734, -408, 940, 880, 548, -175, -380, 504, -810, 1279, -306, -59, 300, 611, 37, 70, -235, 100, -276, -212, -3, -560, 145, 1102, 277, -145, 335, 223, -223, 118, -203, 106, 251, 111, -970, 84, -335, 227, -279, 457, -315, -31, -514, -102, -922, 465, 204, -124, -203, 335, 270, -75, 164, 118, -545, 81, 275, 371, -175, -409, 834, -355, 83, 246, 47, 545, 309, -40, 312, -1043, 454, -311, -223, 172, 264, 617, -196, -6, 737, 748, -257, -275, 280, 232, -339, 130, -822, 437, -436, 463, 402, 154, 93, 259]
[-265, 139, 199, 80, -393, 757, 354, -326, -370, 163, 500, 222, -468, -637, 377, -516, -522, 218, -211, 82, -1159, 606, -723, 129, 61, -731, -277, 527, -62, -130, -775, -79, -312, 289, -128, -311, 109, 332, 353, -273, 491, -296, -244, -728, 275, -253, -617, 239, 371, 346, 832, -150, -246, 70, 185, -353, 194, -141, -120, 309, 262, -18, 215, -384, 477, -377, 72, 92, -529, 184, 444, -328, 417, -212, 10, 821, 474, -199, -834, 233, -159, -845, -427, -286, -249, -653, -70, 133, 612, 273, -528, 11, 337, -19, 245, -1324, 83, -181, -825, -989]
[-317, 307, 86, 31, 34, 658, -110, 296, -319, 352, 37, -258, -442, 349, -14, -806, -388, -192, 165, 154, 16, -6, -629, 468, -607, 587, -199, -116, 267, 229, -93, -175, 61, 778, 399, -534, -690, 153, 303, 240, 263, 80, -195, 741, -262, -399, -72, 274, 149, 862, 409, -28, -73, 207, -304, -283, -1102, -704, 49, 152, 380, -35, 99, -236, 435, -260, -170, 445, -33, -53, 651, -261, -294, 468, 144, 817, -486, -327, -46, 324, -788, 1122, -846, 255, -486, 76, 109, -143, 643, -254, 249, -488, -679, -185, -80, -608, -327, 154, -61, -133]
[-19, 209, -275, -764, -239, -262, 73, -791, -129, 543, 500, 107, 252, 169, 539, 448, -194, 956, -311, -474, 2, 746, -203, -206, -550, -542, -91, -442, -122, 599, -479, 352, -433, -463, 290, -684, 435, -89, -274, 262, -622, 118, -474, -132, 326, 468, -29, 118, -435, -538, 196, -424, -87, -215, -87, -297, 301, 286, -162, 266, -397, 684, -308, -174, -406, -286, 246, -320, -243, 54, -308, -417, -411, 754, -836, -589, 311, -528, 1004, -152, -86, -15, -116, 534, -354, -44, 380, -1089, 214, 316, -269, -12, -600, 476, 169, 747, 599, -291, -616, 409]
[209, 142, 99, -338, 6, -523, -115, -30, -248, -726, 397, 218, 478, -702, 210, -62, -605, -67, 328, 556, -803, -60, -532, 196, -90, 481, -165, -458, 159, 263, -440, 462, -391, 226, 998, 78, -168, 348, -645, 180, -400, -71, -782, -39, 300, 105, -776, 43, 499, 145, 88, 189, 711, -596, -27, 485, -587, -555, -230, -177, 630, -67, -508, 21, -255, -469, 527, -506, 472, 221, 264, -136, 303, 295, -943, 40, 596, -980, 36, -259, -54, 969, 142, 1003, -139, 80, 471, 662, 117, -589, -161, 144, 291, -255, 1, 527, 0, -58, -93, -350]
[211, -502, -479, -475, -52, -392, -183, 176, 144, 71, 443, 54, -284, -241, -47, 266, -208, 578, 500, 411, 59, -29, -24, 373, 141, -294, -299, 84, -308, -137, 190, -54, -949, 799, -388, -542, -856, -243, -431, -1707, -380, -381, -524, -37, 128, -576, -751, 363, -832, -528, 253, -76, 126, -199, -327, -230, 342, -110, -379, 178, 277, 334, 464, 395, -102, -215, 304, 742, 753, 236, -538, -307, 747, -304, -788, -406, 421, -735, -265, -420, 735, -778, 748, 279, 14, 152, -348, 602, -213, 114, -697, 46, -344, -292, -583, 899, -402, -353, 74, 137]
[-448, 66, 167, -421, 193, -884, 355, -529, 283, -166, 597, 500, -921, -365, 282, -113, -63, 438, -809, 143, 153, -51, -485, -342, -25, 160, 1, -490, -17, -775, 484, 218, 23, 483, -570, -1028, 116, 158, -511, -222, -983, 238, -541, 552, -566, -764, -380, 474, 264, -164, 190, 560, 566, 205, -81, 274, 33, 299, 408, 934, -11, 161, 319, -639, -151, -144, 29, -140, -83, 1265, 503, 483, 194, 148, -233, 774, -296, -114, -186, -146, -302, -123, 471, 87, -181, 750, 27, -236, -456, -481, -87, 636, 475, -933, 175, -25, -590, -325, 220, 226]
[-470, 434, 7, 389, -210, -165, -22, -127, -195, 87, -141, -249, -208, -21, 324, -285, 475, -651, 921, -360, 46, -120, 352, -23, -18, -402, 398, -45, -5, 503, -326, 135, 120, -277, -142, 368, -75, -434, 337, -1072, 417, -376, 193, -53, 570, -44, 542, -192, 91, -730, 284, -678, 173, 329, -148, -312, 533, 202, -241, -319, 94, -183, 261, 11, 147, -615, -798, 392, 581, 183, -6, 150, -56, -491, 234, -696, 381, 150, 597, -95, 285, 329, 486, 365, 408, 318, 446, 11, 554, 884, -5, -432, 667, 113, 252, -554, -103, 559, 638, 54]
[270, -340, -153, 153, 532, 425, -165, 358, 170, 272, 244, -600, 327, 670, -686, 509, 168, -293, 173, 158, 594, -114, 237, 492, -378, 20, 262, -70, -333, 138, 27, 319, 331, 653, 657, -15, -560, -166, -68, -246, -379, -197, 236, 650, -231, 462, -265, -303, -355, 23, 248, 327, -152, 24, -500, -55, -207, -233, 390, 132, 695, 765, 73, 221, 205, 131, -708, 549, 465, -555, -278, -596, -125, 216, 162, -452, -447, -86, 444, -369, -522, 422, 99, 524, 121, 599, 94, 158, 149, 339, -93, -575, -510, 334, -256, 1284, 107, 243, 476, -27]
[32, -212, 161, 163, 589, 236, 294, -622, -150, -146, 829, 111, 1, -110, 121, 343, -382, 81, -167, 106, -2, -164, -1000, -304, -965, 1137, -260, -401, 416, 429, -414, 54, 166, 264, 103, -537, 397, 260, -496, 236, 416, 97, -311, 318, 272, -111, 107, 644, 108, 483, 92, 263, 504, 68, -187, -144, -222, 71, -1422, 727, 161, 458, -846, -834, -308, -913, -289, -646, -434, 518, 196, -61, -837, 299, -642, 705, -262, -28, 203, -692, -486, 916, -1078, 775, -452, 255, 622, 169, 1297, -73, -62, -465, -217, 41, 563, -212, -131, -355, -11, 678]
[567, -479, -473, 11, 333, -629, -50, 75, -80, -466, -586, 176, -43, 1006, 384, -140, -533, -432, -31, -198, 752, -137, 193, -1003, -68, -256, -107, -59, -351, -271, 686, 167, -456, 163, 451, 348, -320, 73, -451, -280, 218, -114, 373, 360, -248, 216, -65, -658, -262, -320, -461, -347, -337, -193, 271, -537, 442, -845, 115, -702, -131, -53, 765, -618, -441, 274, 766, 673, 95, -833, -510, -174, -681, -102, 428, -1200, -441, -468, 242, 926, 240, -152, 474, -9, 715, 310, -877, 121, -668, 35, 50, -221, 266, -60, -139, 306, -256, -199, 135, 335]
[-267, 512, 301, 161, -569, -244, -11, -260, 193, -304, -394, -267, -214, -46, 315, -661, -500, -117, 499, -90, -268, 456, -82, -126, 271, -449, -982, -743, -400, -542, -415, -24, 816, -531, -1073, -342, -329, 699, 23, -670, -190, -54, -868, 451, -270, -886, -412, -645, -54, 321, 296, 494, -63, 35, -521, 97, 1102, -193, -177, 37, 902, -911, -58, 235, 739, -138, -653, 151, -275, -154, 1184, 158, 376, -145, 585, 327, 266, -117, -81, 376, -547, -118, 1102, 384, 66, -113, -127, 493, 352, 561, -355, 400, 415, 249, -488, -755, -208, 426, -592, -556]
[-540, -95, -12, 158, 99, -62, -398, 169, 6, 504, -33, -817, 54, 105, 506, -227, -342, -727, 303, 813, -644, 395, 428, 1049, -103, 556, -379, 10, -28, 1134, -596, 186, 1319, -43, 1054, 537, 205, 720, 482, -181, -222, -98, 84, 144, 408, 618, -732, -47, 167, 202, 635, -187, 243, 46, -54, 622, -597, 568, 155, -11, 238, 151, -101, 370, -8, -712, 152, 55, -123, -389, -191, -617, 257, -420, 532, 246, 450, -513, -445, 603, 218, 280, -309, -241, 538, -245, 38, 504, 788, -176, -330, 549, 440, 569, 237, 390, -567, 553, 347, -247]
[266, 69, 130, 347, 166, 482, -476, -5, 45, 122, -519, -202, -433, -240, 256, -449, -158, -355, -17, -382, 188, -626, -39, -504, 560, -352, 220, -444, -141, -317, -498, 101, -83, 449, -358, -72, -117, 232, 921, 252, 685, -380, 186, -771, 137, 463, -579, -346, 425, 34, -9, -14, -307, -227, 217, 636, -244, -315, 286, -563, 14, -302, 1, 234, 581, 756, -384, 531, -244, 92, 1149, 241, 642, -441, 376, 566, -653, 239, -1437, 884, -466, -100, 62, -269, 253, -106, -155, 311, -188, 575, -201, 179, -159, 147, -192, -322, -490, 82, 26, 216]
[-374, -319, -442, -360, 195, -67, 33, -804, -753, 443, 435, -139, -694, -206, 333, 334, 126, 595, -209, 335, -137, -67, -843, 65, 48, 39, 718, -881, -348, -178, 177, -394, -640, 444, -192, -129, 341, 463, -78, -49, -312, 278, 96, 336, -279, -45, -804, 703, 511, -395, -490, -90, 61, 494, -283, -540, -169, 529, -965, -81, 480, -19, 266, 460, -464, -427, -172, 528, 8, 736, 452, 649, 834, 107, -668, 360, -345, -404, -480, -345, 276, 129, 158, 343, -95, 464, -257, 419, 619, -29, 53, 170, -298, 90, -738, -207, -448, 294, -267, 87]
[-236, -702, 157, 218, -639, -81, 408, -82, -48, -324, -137, 709, -291, -624, 37, -382, -428, -294, -414, -363, 191, 1008, -324, -677, -50, -190, 283, 560, -19, 206, -249, 125, 484, -626, -245, -191, 873, 78, -672, -437, 336, -527, -227, 121, -198, 132, 89, 38, -149, 174, 488, -345, -209, 227, 653, -437, 113, 215, 109, -215, -515, 230, 40, -1180, 47, -665, 131, -58, -271, 549, 125, -119, 117, -583, 198, -594, -151, -640, 356, 565, -144, -11, -395, -379, 30, 171, -483, -283, 593, -343, 106, -254, 154, -211, 464, -662, 78, -782, -478, 500]
[-938, -151, -152, 74, 221, 131, 49, 202, 48, 784, -204, 233, -221, 346, -1406, -397, -469, -551, 268, 389, 454, 154, 34, 510, -534, -688, -231, 643, -91, 557, -316, -395, 589, -18, -104, 319, -337, -166, 252, -765, -106, -267, 122, 609, -242, 311, 342, 51, -1309, -47, -215, 217, -138, 2, -257, -517, 743, -82, -107, 202, -435, 268, 122, 335, -185, -608, -689, -416, -64, 67, -510, 0, 230, 778, 1168, -479, -51, 466, 558, 159, -196, 275, -545, -70, -27, -120, 212, 369, -53, 429, 337, -12, -998, 840, 7, -219, 615, -179, -276, -214]
[-46, 521, -56, -944, -265, -604, -21, 367, 332, -63, 642, 452, -560, 176, 1437, -917, -685, 397, -107, -110, -280, 914, -500, 405, 208, 35, -381, 10, 217, -363, -620, -201, 145, -525, -550, -745, -461, 548, -44, -647, -413, 134, -825, 20, 164, -996, -501, -26, -525, 36, 435, 696, -150, 135, -378, -68, 230, 163, -371, 680, 599, -30, -304, 13, -420, -714, 207, 398, 31, -85, 144, 208, 388, 702, -444, 853, -91, 146, -113, 751, 228, -936, 843, 391, -277, -384, 471, -8, -304, -469, 59, 521, 723, 31, -128, 334, 596, -389, 414, -579]
[733, -27, -258, -395, -129, -302, -862, 446, -413, -21, 628, -134, -275, 626, 149, 862, 617, -115, 673, 556, -49, 75, 152, -73, 586, 237, -369, -267, -334, -24, 100, -506, -373, -150, -19, -100, -760, 250, 291, 553, -41, 1386, -426, -255, 433, 1072, 617, -259, -218, 584, -60, -563, 315, -248, 486, -462, -130, 48, 452, 122, -431, 24, 65, 1015, -292, -92, 1033, -10, 659, 58, -1094, 313, -44, -982, 11, -59, -29, -73, -265, 415, 476, -199, 1105, -82, -465, -114, 484, 437, -732, -806, 277, 24, 100, -204, 400, 183, 287, 95, 510, 290]
[701, 265, -530, -338, -846, 581, 125, -306, -438, 252, 406, 307, -68, -241, -910, -112, -161, 28, 299, -113, 145, 808, -510, 237, -517, -233, -571, -211, 687, -136, -242, -72, -107, 371, -109, -66, 392, -256, 325, 216, 174, -447, 32, -77, 385, 231, 725, -734, -482, 510, 161, -1377, 1095, 435, 1180, -294, 417, -409, 112, 147, -163, 826, 87, -495, -449, -219, 692, -360, -16, -249, -638, -119, -246, -421, -78, -263, 622, -752, -915, 30, 75, -359, -242, -274, -643, -421, 1159, -179, 845, 400, -180, 288, -169, 149, 347, -1079, 279, -303, -385, 152]
[369, -500, -475, -13, -388, 758, -179, 107, -896, -411, 548, 238, 95, -128, -269, 940, 87, 117, -500, 286, -706, 9, 349, -326, 155, -29, 664, 218, -377, 51, -296, 137, -878, -193, 555, 485, 1009, -182, -35, 1020, 413, 190, 47, -233, -2, 731, -602, 354, 69, 391, 185, -494, -319, 311, 489, -63, -947, 208, 26, -195, -640, -534, 4, 795, 849, 290, 976, -140, 638, 325, -368, -454, 936, -1141, -141, -1007, -3, -458, -288, 725, -311, -692, 111, -219, 46, 419, -898, -30, -331, -33, -422, 54, -448, -437, 188, 1276, 435, -140, -275, 151]
[-179, 97, 368, -238, -217, -145, 117, -7, 185, -79, -196, -527, -556, -1181, -576, 209, 481, 479, 414, -238, 415, 539, 64, 408, -229, -659, 291, 186, -41, -887, 513, -265, 167, -239, -511, 630, 511, -133, 140, -125, -216, -436, -674, 349, -4, -671, 31, -297, -539, -125, -82, 531, 605, 314, 334, 423, -278, 947, 21, -198, -107, 412, 109, 799, -782, 324, -995, -75, -254, 111, -169, -38, 1096, -40, 354, 144, -614, 60, 206, 191, -224, 144, -132, -466, -1060, 211, 851, -305, -477, -605, -559, 115, -254, 215, -941, -115, 21, 892, 835, 266]
[-52, 330, -648, 61, -233, 1413, 309, 207, 113, 134, 289, -173, -427, -171, -222, -407, -544, -477, -126, -544, -116, -257, -460, -310, -1064, 443, 307, 851, 45, -274, -711, -264, 493, -50, -497, -183, 179, -293, -75, 103, 944, -1031, -593, 26, -235, -111, -213, -612, -422, 660, 640, -313, -169, 36, 208, -425, -429, -77, -610, 148, -670, -151, -404, 280, -222, 0, -36, -190, 25, -754, 378, 271, 732, -216, -413, -857, 69, -476, -1311, 1417, -117, -551, -574, 427, -85, -689, 48, 894, 934, 834, 187, -44, -785, 1009, -303, -442, 160, -44, -845, -55]
[259, 21, 623, 435, 70, -535, -419, -141, 586, -516, 225, -32, 78, -171, -595, 339, -668, -349, -107, -442, 638, -146, 126, -251, -314, -207, 142, -348, -118, -270, -853, 3, 219, 92, -531, 384, 229, 250, -157, 461, -549, -479, -1024, -88, -24, 467, -206, -578, 35, -260, 95, 210, -25, -32, 285, 1000, -8, -298, 824, -42, 196, 860, -673, -335, -308, 402, -612, -85, -690, -149, 466, -209, 36, 715, -377, 485, -751, -309, -84, -127, -243, 1398, -434, 492, -266, 477, -119, 335, -400, -509, -120, -72, -838, -399, -113, 737, 13, -24, -488, -20]
[-91, -386, 1089, -198, -347, 205, -145, 162, -162, 126, 179, 254, -911, -730, 396, 650, 187, 135, -629, 423, -416, 820, 47, 781, 555, 4, 449, -32, -303, -63, -772, -89, -19, -481, -371, 164, 582, -181, 322, 736, -1100, -107, 378, -388, -84, 88, 243, 163, -126, 152, 139, 556, 179, 176, 573, 220, -108, 1027, 73, 546, -199, 209, -339, 245, -207, -84, -361, -1193, 42, 1024, 114, 393, 631, -90, -273, 647, 296, 341, 100, -217, 37, 473, 143, 257, -224, -106, 149, 233, -201, -331, 15, 182, -514, -138, 59, -406, 289, -307, -153, -170]
[-353, 962, -187, 405, -497, -77, -263, 13, 330, 532, -238, -458, -517, -223, 167, 55, -191, 449, -405, 86, -267, -212, -876, 740, 113, 147, 181, -795, 62, 220, 366, -301, -197, 631, 194, -590, -618, 331, 449, 185, -835, -11, 293, 392, -208, -617, -433, -197, -557, 189, -369, 78, 195, -399, -2, 162, -596, -136, 10, -898, 163, -392, 116, 1346, -61, -181, 187, -1065, 108, 1063, 909, 927, 138, 814, -464, 542, 886, -206, 703, 175, 358, 989, -127, 961, -237, -524, 437, -105, 328, 206, -31, -18, -1066, 42, -142, -253, -362, 168, -52, -339]
[595, 205, -736, -333, -522, 1013, 173, 610, -198, 514, 862, 265, 516, 144, -371, 92, -286, 61, -198, -32, 195, 69, 222, 486, -86, 99, -561, -432, -4, 223, -943, -127, 572, -515, -506, -373, 101, 312, -524, -814, -228, -119, -277, -421, -269, 705, -158, 169, -565, 438, 239, 584, 59, 314, -133, -85, 73, 387, -674, 127, -807, 486, -597, -318, -227, -559, 345, 195, -228, -666, -194, -48, 898, 466, -540, -27, 226, 38, 249, -412, 319, -854, 149, -413, 328, -296, -141, -131, -169, 342, -873, 139, 688, -41, -174, 399, 419, -492, 122, 209]
[-141, -1157, 622, -383, -268, -292, 208, -580, 654, -272, -265, 571, 93, -460, -279, 218, 259, 139, 213, 213, 42, 583, 26, -335, -56, -186, 390, -168, -405, 167, 579, -247, 394, 31, -1035, -147, 579, 118, 37, -651, 494, -272, 193, 40, 31, 258, 839, 370, 322, 78, -793, -107, -458, 418, -317, -536, 210, -204, -552, 63, -509, 176, 990, -129, -163, -179, -510, 184, 526, 287, 167, 531, -187, -760, 541, -980, -282, 505, 94, 134, 315, 193, -147, -1472, 195, -67, -196, 36, 1076, -370, -178, -151, 177, 224, -68, -208, -157, 572, 595, 1074]
[-264, -82, 292, -111, 781, 599, 432, -241, 88, 1089, -486, -97, -553, -340, 353, 138, 22, -845, 271, 283, 53, 260, -150, 522, 281, -339, -45, -10, 429, 99, 121, 32, -40, 521, 569, 46, 191, -586, 685, -168, -218, -236, 1110, -95, -122, -399, -561, 195, -778, -458, 469, 737, -211, -756, -226, -372, 794, 628, -652, 9, -470, 478, -293, -150, 125, -43, -493, -781, -748, 150, -41, 34, -19, -137, -15, 918, 31, 165, -327, 167, -1169, 986, -351, 117, -46, 160, -88, -106, -914, 857, 257, -474, -457, -72, -206, -554, -153, 112, -15, -944]
[-890, 420, -544, 113, -159, 602, -350, 541, 469, 785, 104, 111, -366, 671, 657, -492, -257, -458, 292, 333, -731, -670, -460, 323, -36, 589, -828, 350, 755, 224, -206, -114, 266, 322, -354, -387, -828, 475, 851, -299, 23, -75, -526, 266, 26, -420, -110, 409, -249, 622, 57, 17, -346, -108, -293, -10, 437, -259, -471, 138, -608, -1087, -24, 385, 590, -76, 224, 205, -137, -721, -788, 245, -297, -236, 689, 172, -189, 246, -1026, 975, -375, -423, 240, -313, 61, -965, -474, 838, 71, 346, 614, 71, -191, 357, 252, -68, 378, -696, -203, -251]
[-131, 31, -461, -225, -194, -301, 400, -740, 212, 570, -404, 107, 52, 563, 130, -240, -42, -1018, -396, -269, 89, -139, -462, -248, 23, -160, -476, -639, 380, 1183, 273, -105, 276, -261, -262, -226, -247, 306, -503, 67, -272, 195, 865, 203, -364, 254, -156, 392, -122, 18, -396, -22, 75, 457, -279, -255, 741, -673, -338, 217, -285, -104, 169, -1323, -148, -646, 686, 101, -27, 546, 523, 754, -466, 464, -52, -69, 369, -79, 572, -242, 212, -186, -232, 601, 886, 59, 67, -660, 582, 343, 104, 265, 723, 88, 623, -1618, -360, -327, -563, -158]
[783, -8, 629, 426, -40, 234, 257, 589, 367, -227, 393, -754, -396, 338, -579, -54, -128, -58, -78, -55, -9, 135, -587, -616, -172, 33, -1100, -113, 765, -969, 490, -616, -339, 23, -656, -1244, -24, -233, -387, 366, 382, -125, -266, 357, -427, -627, 0, -460, -431, 673, 17, -198, 297, -1305, -79, 262, 251, 190, 130, 1250, -403, -25, 377, -31, -203, 578, 221, -115, -68, 512, -461, 303, -212, 145, 753, 250, 439, -109, -343, 34, 104, -839, 195, 1231, -98, 307, 200, 77, -822, -376, 379, -57, -206, -595, -58, -795, 195, 98, -158, -276]
[-875, -234, 697, 951, -529, -275, 1047, 717, -218, 281, -145, -135, -129, -69, 1, -598, 230, -144, -263, 398, -739, 843, -153, 969, 230, 661, -109, 818, -836, -533, 276, -436, 722, -234, 165, -82, -19, 123, -583, -705, -276, -156, -405, 340, 117, -364, 83, 9, 865, -57, -18, -489, -423, -775, -37, -370, 712, 940, 119, -271, 712, -592, 226, -188, 804, -314, -203, 216, 361, -63, -287, -683, 4, 28, 621, -419, 503, 225, 522, 216, 929, -296, -168, 143, -88, -546, -679, 110, -319, -368, 460, -436, 749, -958, 665, -239, -460, -436, 286, -291]
[697, 122, -341, -87, 420, 384, -365, 262, -612, -1204, -55, 1123, 859, 244, -354, -234, -329, 145, 364, -910, 772, -291, -821, -70, 244, 335, 510, 89, 81, -279, -349, 424, 30, 221, 392, 709, 57, -274, -333, 17, 367, 28, 51, 157, -24, 201, -282, -842, 76, -94, -212, 389, 416, 96, -640, -29, -751, -486, 26, -137, 382, -25, -179, 141, -729, 45, -346, 306, 238, -104, 503, 66, 238, 166, -213, -128, -869, 618, 161, 383, -865, 686, 293, 337, -208, 387, 884, 390, -396, 84, 244, 16, 286, 24, -459, 329, 76, 412, 813, 585]
[-13, 257, 82, 105, -506, -489, 14, 542, -285, -139, -265, 671, -930, -34, -7, -623, -987, 45, 195, 76, 1058, -701, 42, -920, -276, -674, -684, -862, -53, -289, -677, 139, -157, -357, -564, -46, -128, 210, 517, -106, 309, -372, -238, -590, 164, -400, 207, -188, -142, 384, 536, 415, -235, -1173, 490, -232, -35, -386, 176, -429, -434, 41, 304, -105, 754, 536, -270, -626, -632, 312, 970, 670, 343, 657, -222, 248, 37, -566, -475, -277, 402, 1004, 273, 373, -498, -186, -514, 348, -712, 243, -37, -636, -709, -805, -907, -670, 12, -85, -318, 504]
[-243, 422, -11, -428, 158, 436, 406, 349, -441, -631, -904, 282, 382, 377, -708, -978, -247, -330, 233, 281, -94, 647, 505, 14, -73, 74, -916, -509, 443, -2, -197, 73, 791, 4, 242, 787, 132, 395, 504, 99, 448, -458, 754, 349, -220, 821, 171, 502, 63, 1371, -346, -871, -113, 89, -166, 230, -15, -357, -32, -700, 85, -498, 373, 441, 932, 652, -49, -114, -220, -307, -40, -907, -425, -158, 746, -985, 253, -49, -71, 85, 382, -561, 137, -552, 211, -402, 82, -187, 565, 399, -817, 225, -595, 721, -139, -140, 313, 164, -726, 285]
[-238, -18, 437, 37, -121, 339, 42, 177, -82, -88, -469, -130, 580, -865, 702, 813, 238, 286, 559, 347, -493, 440, 1014, 260, 109, -129, 472, 381, -1038, 363, 157, 102, -974, 118, 304, -220, -611, -284, -7, 818, -122, -21, -788, -1143, -153, 786, -61, -36, 255, 474, -195, -354, -319, -735, -310, 518, -584, -243, -183, 541, -336, 149, -420, 543, -503, 634, 48, -695, 265, 218, -139, 287, 213, -112, -302, -232, 301, -403, 466, 642, 282, 803, -23, 371, -625, 207, -363, 93, -668, 48, -503, -832, -301, 354, 505, 529, 217, -306, -1117, -651]
[695, -987, 11, -205, -597, -297, 81, 402, -238, -200, -1427, -78, 183, -210, -570, -173, -106, -207, -636, 39, 89, -39, 332, 468, 455, -64, 531, 123, -1309, -575, 535, -53, 48, -469, 891, 71, -230, 57, -230, 265, -461, 152, 400, 449, -222, -250, -292, -113, 335, -224, -543, 1028, -651, -217, 673, 534, -532, 68, 561, -365, 394, -295, 172, 338, 303, 879, 238, -771, 167, -18, 573, -82, 628, -85, 48, -548, -784, 81, 879, 239, -407, 535, 360, -362, 228, 1127, -379, -173, -888, -49, 169, 149, -14, -332, -891, 741, -855, 444, 562, -95]
[-257, 79, 31, 1106, -683, 966, 276, -679, -938, 191, 67, -663, 372, -30, 395, 646, 968, 459, 236, -386, 33, 236, 42, 497, 342, -216, 406, 164, -754, -404, 1020, -499, -762, 157, 425, -509, 925, -555, -137, -39, 490, 700, 184, 202, -166, 32, 245, -423, 223, -966, 76, -1537, -342, 434, -350, -363, 406, 1314, 43, 217, -306, -132, -380, 218, 265, 530, -97, 421, 378, 341, -148, 85, 282, -897, -49, -164, 507, -531, 514, 183, -588, -100, 28, -66, -525, 683, -206, -439, 300, -31, -23, -606, 87, -423, -59, 10, -166, 309, 17, -97]
[555, -337, -608, -122, -375, -433, 37, 209, -390, -545, 799, -477, -884, -8, -1086, -496, -26, -487, -562, -20, 786, -258, -455, -540, -591, -34, 151, -1277, -66, -639, -489, -839, -531, 124, -25, 823, 296, 297, -539, 352, -408, -169, 207, 825, 153, 78, -730, 167, -4, 405, 512, -541, 779, 186, 776, -305, -347, 25, -233, -580, -197, 336, 616, -116, 235, -316, 538, -186, 383, 288, -2, -275, 1010, 122, -1184, 141, -322, -1087, -230, -24, 419, 38, 207, 770, 419, 0, 493, 272, -735, -712, -94, 350, -36, -984, -256, 329, -271, 328, 579, -85]
[570, 89, 157, 313, -244, -740, 223, -190, -1067, 818, 155, -67, 324, -301, -166, 30, 548, -683, 364, -40, -29, -46, -547, 472, 337, 397, 798, -515, 230, -147, 478, 55, -349, 599, 338, -212, 286, 225, -273, -319, -62, 387, 525, -214, 382, 489, -307, -521, 386, -751, -539, -384, -23, -1039, 343, 112, 361, 1006, 129, -828, 0, 181, -82, 59, -384, 430, -388, 232, 409, 248, -346, 742, 449, 562, -30, 405, -174, -71, 53, -43, -695, -451, 139, 806, -410, 1156, 520, 87, -845, -123, 649, 312, 129, -10, 145, -127, 150, -636, 68, -243]
[-231, -146, 145, 262, 112, -122, 606, -202, 234, -756, -89, -248, 189, -354, -216, -103, 319, -425, -195, -597, -609, -102, -709, -623, 59, 41, 250, -127, 494, -791, 722, -219, 197, -30, -491, 192, 33, 417, -286, 1215, 814, 48, 349, 155, 312, -1370, -602, -41, 249, 49, 503, 484, -302, 112, 165, 89, -364, -194, -294, -648, 358, -110, -40, 521, 348, 465, -507, -414, -181, 149, -213, -384, -233, 525, -318, 905, -648, 433, -430, 202, -726, 220, -642, 965, -92, -536, 644, -71, -88, -748, 327, -691, -355, -502, -324, -358, -322, 720, 90, -725]
[377, -292, -600, -433, -210, 195, 389, -1070, -923, -193, 531, 1148, 413, -297, -498, 1202, 971, 337, -626, 192, -374, 638, -291, 22, 615, -237, 755, 9, -672, -187, 474, -484, -538, 109, 376, 690, 143, 804, -237, -174, -318, 1103, 15, 424, -166, -200, 20, 607, -14, -581, -1023, 167, -154, 1063, 70, -71, -256, 387, -376, -282, -215, 84, -180, 314, -389, -297, 613, -534, 110, 664, -284, 425, 210, 337, -696, -849, 282, 793, 361, -421, 273, 146, 468, -890, 225, 551, 390, -994, -430, 229, -185, 481, -363, -297, -18, -31, 313, 8, 252, -492]
[1078, -447, -242, 131, 511, 87, -185, -343, 110, -29, 715, -533, -206, 238, 391, 463, -489, 171, -410, 167, -554, -815, -1088, -928, -835, -715, -298, -667, 481, -138, -627, 548, -644, -228, -625, -256, -218, 312, -737, -798, 862, -352, -398, -476, 117, -202, 434, 158, -930, 141, 77, 1256, 400, -104, 444, -341, 208, -618, -1386, 147, 311, 443, -41, -512, 36, -676, -73, 643, -166, -88, -434, -375, -89, 404, 597, 382, 6, -27, 500, -621, -540, -390, -375, 295, 658, -434, 115, -222, 290, 158, -1333, -412, 729, 579, 589, 564, 378, 297, 954, 139]
[-326, -819, -1, 151, -92, 398, -327, -301, 838, -119, 309, -157, 1055, -750, -191, 264, 836, 3, 445, -369, 132, 635, -393, -389, 1167, 177, 97, 14, -231, 230, 184, 263, 229, -245, -663, 534, -95, -78, 230, -94, 83, 182, -480, 211, 123, 52, -543, 168, 316, -130, 91, -513, 410, 195, -343, 162, 201, 517, 179, -133, 353, -782, -421, 210, 566, -303, 740, 458, 34, 270, -346, 225, 255, -1355, 382, 116, 27, 304, -113, 1107, -2, -799, 423, 248, 513, -145, 599, 54, 925, -240, 874, 460, 771, 116, 467, 806, -76, 291, 86, -168]
[100, 294, 608, -527, -416, 134, -869, -56, -674, 1071, 953, -185, 130, 622, 364, -10, -199, -84, 318, 484, 150, 1327, 1223, 930, 106, -615, -225, -476, -605, 134, -970, -77, 11, 496, 715, 74, -554, -713, 547, -92, -448, -89, -571, -424, 133, 541, 223, -253, 470, -710, -500, -541, 119, 721, 324, 659, 247, 56, 406, 170, -251, 186, 293, -318, -54, -481, -341, -666, -479, -1027, -734, -374, -575, 743, -502, 666, 480, -89, 115, -498, 124, 9, -310, -348, 439, 672, -116, -557, -343, 694, 277, 253, -228, -315, -57, 176, 321, 66, -267, -9]
[204, 196, -1308, -231, -585, -900, -893, 737, -624, -462, 85, -324, 47, 710, -560, 53, -473, 181, 181, 617, 822, -32, 432, 227, -283, -76, -468, 601, -102, 473, 4, -494, -286, 397, 439, 63, -427, -658, -289, 138, 406, -129, 360, 78, -359, 559, 337, -237, -1086, 464, -315, 412, 467, 246, 351, -505, -590, -484, -175, -293, -370, -222, 808, 354, 413, -154, 563, -617, 519, -44, 95, 483, 447, -516, 618, -759, -150, 195, -616, -108, 795, -547, 371, -454, 26, 660, 255, 151, -238, 357, -403, -826, -517, -112, -617, -514, -147, -659, 502, 132]
[-765, 376, 17, 339, 460, -346, 584, 192, -1297, 393, 8, 134, -441, 140, 443, -298, 146, 312, -795, 172, 52, -367, 290, 894, -1296, 357, 765, 372, -306, -609, 297, -142, -425, 1211, 823, 491, -432, -256, -77, 485, -813, -14, -484, 1018, -2, -40, -328, 465, 629, -954, -222, -98, -613, 647, 656, 255, -988, 930, 867, 600, -382, -206, -62, 114, -285, -38, -135, -469, 179, 334, -787, 280, 265, 261, -248, 282, 117, 463, 201, 260, -523, 746, -709, -1043, 253, 638, -99, -59, -473, -1019, 331, 130, -1191, -380, -101, 872, -189, -294, 606, -648]
[219, -333, -317, -69, 35, 568, 257, -321, -25, 114, -437, 505, 349, 135, 351, 792, 483, -58, -1142, -863, 153, 69, -463, -4, 389, -3, 163, 69, 97, -726, 176, -47, -199, -512, 102, 815, 629, -624, 65, 1136, 51, 351, -268, -436, 58, -333, -344, -117, -155, -455, -385, 949, 635, 296, 518, -107, 141, 178, -352, -119, -116, -116, -119, -253, 402, 708, 170, -481, -14, -856, -450, 260, -266, 741, -40, 661, -840, 1337, -225, 477, -1050, 8, 131, -79, 57, -443, 727, -299, -1194, 211, 596, 812, 147, -333, 416, 528, -243, 248, 134, 213]
[77, 97, 15, -555, -371, 118, 517, -343, 252, 399, 508, -324, -139, 45, 70, 633, -228, 974, 28, 673, 137, 445, 459, 545, -29, 179, -157, -827, -949, -385, -323, -753, -492, 566, -731, -825, -473, -598, -382, -302, -588, -208, 60, -297, 84, -308, 604, 217, 224, 164, -394, -701, 249, -805, 511, -639, 660, -9, -582, -84, -686, 160, 123, 147, -362, 431, 738, -208, -16, -13, -439, -377, -173, 130, -969, -317, 618, -251, 1162, -691, -52, -344, 688, 146, -433, 440, 314, -1288, -160, 863, -1126, -371, -934, -220, 45, 358, 277, -913, -272, 68]
[-243, 450, -521, -8, -13, 546, -284, 608, 254, 354, 197, -70, -673, -490, 1073, -210, -542, -45, 38, 373, -686, 425, 436, 636, 550, 541, 44, -73, -440, 278, -1040, 328, -7, -166, -119, -291, 286, 556, 864, 218, 178, -490, -226, -1358, -176, 229, 85, 337, 1003, 306, 54, -125, 342, 231, 548, 1170, -148, 244, -240, -108, -118, -719, -512, 611, 149, -185, -43, -742, -519, 26, 68, -299, 364, -573, -245, 862, -495, -367, -1324, 628, 304, -520, 331, -295, -139, -146, -268, 804, 427, 525, 488, 277, -468, 950, 11, 173, -106, -412, -552, 121]
[-643, 105, -893, 413, -87, -857, 53, -700, 723, 396, 31, -732, 503, 450, 181, 388, 489, -800, -609, 207, -139, -1134, -134, 17, -218, 1255, 272, -56, 263, 756, 345, -20, 885, -257, -186, 466, 883, 662, -95, 533, -96, -165, 1384, 557, -400, -185, 909, -178, -292, 24, 29, -235, 157, 407, 535, 254, -247, -113, 550, -398, -530, -292, -51, -75, 406, 72, 33, -464, 304, 13, -261, 660, -1018, -745, 499, -924, -1, 308, -80, -186, -204, -46, 99, -438, 580, 8, -303, -33, 747, -38, 84, 12, 372, 256, 885, 63, -121, -90, 1130, 73]
[387, 44, -477, -73, -172, -343, -417, 94, -160, -867, -830, 794, -169, 166, 248, -57, 331, -58, -297, -330, -17, 218, -422, 178, 568, 431, -116, -319, 302, -221, 312, 785, 765, 520, -35, -213, -213, 715, 10, 335, -510, 628, 193, 214, 170, 223, -25, 228, 435, 526, -132, 284, 384, 654, -655, 327, -12, -404, -72, 439, 1189, 101, -446, -366, 193, 82, -164, -160, -24, 532, 468, 16, -403, 25, -274, 671, -153, 310, -944, -519, 377, 23, 576, 95, 311, 705, 599, 420, 713, 359, -306, 157, 49, 69, -250, -366, -297, -341, -106, 309]
[37, 107, 41, -198, 713, 745, -220, -228, 69, -518, 215, 405, 190, 100, -156, 559, 311, 42, -748, -378, 1038, -549, 511, -113, -404, -881, -163, 76, -300, -183, -577, 791, -95, -298, 307, 557, 353, 59, 706, 513, 225, 0, -834, -422, 573, -140, -25, 360, 102, 274, -371, 488, 970, 143, 294, 1383, 248, -1038, 215, 701, 412, 30, -676, -358, 367, 335, -421, -985, -450, 267, -771, -56, -237, 54, 51, 739, 3, 250, -159, -209, 208, 335, 299, 472, 58, -519, 464, -22, -564, 453, -158, 1051, -181, -502, 777, 747, -98, 171, 55, 2]
[63, 39, 265, 10, 384, 264, 220, 39, -21, 1321, -483, -1159, -6, 195, -280, 17, 789, 937, 159, -118, 112, -795, -343, 1057, 58, -580, -74, 338, -997, -337, 252, -436, -347, 102, -318, -438, -858, -74, 366, -335, -54, -410, 642, 509, -252, 27, 433, 856, 85, 321, 194, 295, -346, -346, -904, -415, 106, -301, -90, 391, 479, 363, -361, 438, -460, -121, -418, 1513, -91, -17, 89, -130, 247, 860, -3, 400, -340, 69, 432, -1596, 760, 347, -624, 165, 246, 455, -639, -75, 609, 492, 154, -333, -643, 594, -153, -193, -356, -323, -84, -152]
[-531, -181, -230, 455, -330, -738, 404, -274, 246, -23, -560, 167, -313, -50, 533, -871, 286, -651, 865, 90, -528, 243, -187, 34, -152, 625, -421, 342, 219, -274, 1308, -129, 708, -134, 244, -551, 239, 805, 436, -1233, 308, 797, 739, 4, 814, -790, 20, 491, 531, -192, -116, 711, -1055, -213, 110, -484, 363, 1049, -894, -988, 399, 333, 37, 75, -640, -518, -553, 67, -130, 57, 538, -84, 173, 284, -211, -93, -207, 177, 315, 841, 87, -384, -397, -362, -388, -150, -18, -115, 38, 165, -888, 5, 989, 1, -559, -220, 509, 58, 590, 738]
[14, -256, 501, 16, 787, 49, 109, -62, 379, -451, -178, 566, -870, -291, 251, 203, -484, -127, -850, -487, 1242, -273, -702, -510, -250, -120, 502, 120, 186, -374, -150, -134, 300, -306, -195, 568, 217, 121, -633, 428, -127, 81, -142, 214, -887, 112, 970, 210, -913, 455, -313, 724, -393, -418, 15, -379, -235, -246, 320, 227, -408, 53, -176, -558, 603, 189, -347, -588, -732, 314, 60, 79, -563, -263, 47, 699, -618, 448, -82, -83, -707, 858, -623, 5, -797, -33, 222, -358, -1052, -1252, 299, -661, -1392, -289, -173, -362, 5, 357, 165, 282]
[-360, -431, 720, -308, 358, -405, 300, -226, -290, -498, 361, 774, -322, -352, 984, 241, -456, 960, -9, 369, 455, 223, 173, -100, -11, -82, -215, -356, -883, -22, -510, 546, -69, 92, -119, -193, -230, 84, -205, 283, -964, -292, -294, -136, 345, -574, -774, 457, 162, -39, 375, 929, -20, -497, -373, 795, 120, 122, -232, 1600, 490, 235, -639, -411, -177, 199, -300, -234, -262, 615, 287, 44, 623, 214, -808, 863, 260, 159, -373, -597, -456, 374, 85, 563, -2, 254, -139, 325, 177, -627, -175, 455, -142, -19, 355, 720, -253, -362, -272, 77]
[-587, 136, 482, 352, -106, -745, 760, 496, 1009, 106, -659, -132, -407, 10, -698, 53, -456, -176, -73, -400, -574, 1026, -595, 920, 563, 137, 292, 54, 163, 679, 356, -94, 350, -287, 326, 426, 814, 360, -354, 164, -457, 50, -561, 495, -321, 485, -968, 513, -61, -404, -274, -80, -130, 158, -415, 528, 778, 213, 123, -404, 911, 91, -671, 316, 285, -611, -59, 263, 274, 397, -135, -532, -101, -53, 190, -230, 97, -238, 618, -35, 892, 735, -270, 624, -184, 338, -705, 437, 481, -497, 293, 151, -635, 384, -267, 338, 193, 88, -331, -678]
[-465, -824, 514, -14, 324, -39, 198, 253, -224, 735, -518, 444, 137, -84, -291, 263, 311, -498, 399, 832, 31, 834, 294, 1231, 985, 691, -73, 110, -124, 163, 368, -493, 835, 425, 480, 771, 262, 67, -109, -810, -454, 371, 455, 83, -57, 510, -83, 269, 233, -80, 378, -393, -456, -225, 465, -408, -354, 1151, 923, -251, 425, 82, 819, 103, 625, -665, -248, 634, -52, -490, -899, 11, 115, -453, 528, 247, 108, 330, 423, 153, -104, -334, -254, -1676, -335, -400, -434, 173, 66, -951, 304, 397, 377, -408, -457, 246, -534, 265, 103, 546]
[195, 1053, -538, -284, -63, -383, -493, 407, -600, 245, -917, 91, 534, -10, 60, -138, 642, 328, -517, -409, 52, 92, -221, 238, 634, -197, 209, -631, -142, -713, 226, 87, 17, -184, -371, 633, -154, 548, -140, -686, -1307, -279, 488, 605, -960, 162, 156, 149, -606, -143, -811, 144, -440, 340, -171, 269, 273, -197, -562, -1111, 606, -1020, 338, 890, 406, 360, 108, 76, 486, -342, 134, 564, 444, 5, -402, -309, 696, -74, 336, 361, 1666, -792, 903, -520, 530, -256, -496, 828, -102, 167, -41, 1113, -51, 1, -945, 58, -812, 375, 32, -461]
[-61, 220, 956, -967, 244, -304, -115, 98, -765, 1160, -802, -629, 142, -695, -331, -876, -278, 155, -241, 667, -222, -246, 12, 170, 114, -33, -131, 560, 432, 163, 116, -771, -1029, -53, 220, -515, 192, -76, -149, 232, 73, -49, -53, 143, -603, -615, 673, 262, -907, -672, 448, 367, -74, -599, 518, -162, -840, -199, -32, 517, -138, -226, 251, -55, -26, 310, -319, 477, 117, -70, 318, -504, -431, 712, 672, 472, 188, -98, 441, 238, -473, -31, -307, -31, -753, -214, 237, -405, -911, -173, 868, 341, -486, -235, -420, -733, -824, 554, 215, -333]
[-544, 310, -365, -704, -1065, 78, -46, 698, -1046, 250, 0, -653, 694, 924, 540, 219, 39, -183, -4, 668, -100, 246, 34, 672, -966, 480, -518, 633, 195, 374, -177, -305, 739, -506, 310, 256, -631, -333, -32, 805, 258, 542, -1022, -36, 397, 78, -108, -654, 648, 169, -704, -254, 44, -314, 320, 328, -374, 61, -20, 476, -693, -367, 55, -108, 580, 224, 866, -706, 214, -486, -128, -171, 354, 284, 234, -654, -519, 103, 205, 428, -138, -453, -187, 20, 476, 622, 1079, -176, -194, -528, 598, 365, 273, -543, -207, -253, -415, -537, 6, 274]
[-506, 271, 175, -219, 10, -1001, -528, -18, 366, -679, -45, 1003, 578, -358, 297, -841, 270, -396, -274, -534, 377, 694, -782, 588, 349, 167, -854, -123, 289, -944, 429, 413, 360, -543, 506, -50, -404, 595, -103, 419, -146, 602, -882, 473, 114, 112, -331, -423, 439, 215, 441, 864, -218, -656, 131, 286, 247, -230, 108, -384, 32, -528, 63, 162, 675, -476, -431, -1230, 98, -235, -371, -448, -470, 394, 91, 189, -310, 296, -205, 899, 543, 180, 188, 154, -392, -887, 921, 509, -387, -271, 994, 833, 1277, -231, -468, 610, -352, -2, 701, 865]
[133, -1194, -771, -91, -175, -33, -289, -746, -224, 281, 459, 540, -592, 160, 146, 532, -335, 242, -935, 84, 453, -611, -1229, -766, -441, 5, 11, -349, -508, 401, -194, 83, -228, -664, -361, 94, 218, 389, -214, 303, -349, -330, -527, -28, -296, 112, -522, -59, -268, 21, 199, 1014, 123, -311, 573, -711, 259, -504, -401, -164, -359, 509, 616, -709, 275, -43, 388, -263, -183, -639, -136, -212, -17, -8, -203, 86, -1185, -960, -469, 346, -196, 642, -254, 245, -463, -172, -97, 162, -495, -164, 543, -62, -223, -73, -59, 126, -599, -501, 515, 846]
[186, 529, -67, 267, 18, -226, -234, -221, 394, -146, 437, 271, 11, -10, 467, 785, -1026, -438, 231, 615, 195, -65, 527, -44, 359, -170, -198, -752, -660, 81, -402, 394, -605, 875, -701, -774, -320, 58, -504, -334, 203, -441, -361, -552, 397, 678, -554, -133, -318, 87, 286, 312, 26, -64, -238, -304, 744, -617, -200, 36, 374, 744, -324, -266, -736, -460, -415, -129, -75, 551, 249, 488, 253, 327, -538, 1075, 437, -798, 687, -175, 393, 248, 592, 290, -238, -47, -1063, 977, 100, -321, -414, -153, -67, 505, 1152, 481, -42, -441, -1338, -347]
[-764, -906, -1010, 288, 60, -398, -304, -276, 73, -272, 551, -114, -384, -179, 510, -422, 403, 49, 507, 1170, -289, -728, 569, -1158, 637, -155, -149, 558, 199, 945, 596, 912, 262, 275, 159, 60, 1205, 357, 956, 50, 608, 768, 721, -371, 285, -478, -131, -113, 142, -167, 474, -1014, 529, -223, 347, 5, 482, 360, -261, -390, -319, 140, 599, -195, -706, 22, 778, 268, -542, 90, -515, -196, -45, -1003, 276, -106, 60, -308, -1108, -81, -229, -1098, 331, 69, 870, 378, -401, 224, 280, 668, -554, 301, 981, 48, 474, -476, 313, -530, -506, -77]
[78, -835, -267, -649, -300, -279, -197, 277, 273, -167, -448, 195, 625, 43, 30, -185, 696, 174, 748, 0, 384, 113, -442, 231, 373, -118, -108, 271, -752, 304, 549, 397, -16, 281, 42, -204, -574, 554, 220, -724, -540, 236, -374, 494, -696, -380, -164, 360, -727, 132, 212, 614, 19, 366, -626, 106, -307, -6, -789, 168, 131, 410, 112, -64, -51, -38, -410, -1159, -182, 957, 121, -60, -252, 564, -72, 392, -647, -273, 4, -644, -521, 973, -185, -326, -485, 297, 651, -628, 822, 64, 359, -623, -445, 107, 84, -796, -678, -64, -347, -489]
[9, -127, -494, 295, -36, 156, -542, 486, 277, 782, -1591, 101, -356, 536, -489, -388, 281, 580, 206, -1026, 988, -487, -209, -475, 432, -81, -400, 166, -69, 77, -565, 384, 1066, -540, 449, -695, -683, 422, 486, -505, -595, -401, 1387, 637, 415, -225, 51, 493, -358, 303, 863, -510, 166, -577, -397, -253, 362, 214, 128, 301, 1168, 39, -211, -73, -136, -269, -660, 502, 520, 87, 201, 235, -549, 134, -6, -91, -251, 756, 82, -1031, 29, 290, 694, -16, 128, 528, 218, -238, 980, 956, 87, 279, -223, 1007, 150, -585, 207, -407, 194, 279]
[-221, -424, 144, -221, -288, 105, 684, 10, 116, 323, 167, 350, -767, -663, -420, 89, 1025, -254, -475, -990, -312, 186, -869, 362, -15, -123, 746, 608, 10, -721, -98, 250, 478, -378, -219, 220, 684, 40, 505, 191, 98, -186, -512, 409, 673, -606, 54, 207, 67, -73, 263, 692, -144, -57, 507, 635, -432, 630, 416, 71, 166, -119, -392, 207, 20, -476, -1128, -66, -46, 623, 197, 612, 659, 90, -104, -102, -891, 771, 183, -195, -135, 575, -436, 105, -212, 208, 773, -413, 186, -571, 362, 240, -163, -645, -154, 339, 50, -102, 999, 419]
[37, -210, -102, 663, -140, -375, 345, 219, -479, 763, 81, -338, -28, 345, 932, -558, -141, -104, 301, 1030, -1319, 51, -384, 813, -733, 747, -877, 135, -49, -25, -548, -665, -115, -128, 535, -278, -862, 72, -264, -364, -152, -464, 574, 323, 482, -294, 1117, 17, -218, 428, 862, 404, -567, -249, -27, -953, 318, 367, -80, 948, -367, 181, 210, -513, 178, 46, -287, 399, 408, -537, -335, -962, -44, 376, 649, -430, 9, -407, 296, -670, -440, -498, -156, 199, 1, -529, 355, 531, -487, -40, 89, -604, -318, 741, 755, -360, 800, -577, 242, -546]
[-479, 380, 458, -279, -797, 267, 195, 194, -418, 765, 145, -753, -564, -144, -793, -66, -197, -58, -426, -9, -574, 121, -854, 594, -497, -607, 619, -104, 8, -298, -487, -711, -182, -77, -413, 390, 326, 21, -222, -57, 32, 19, -1140, -111, -377, -138, -60, 160, 476, 243, -253, 65, -956, -757, 200, -63, -341, -326, 148, -481, 451, -478, 499, 615, 300, 446, -878, 643, -438, -534, 583, -470, 684, 748, 437, -5, -514, 124, 502, 384, -348, 239, -716, 782, -1018, -217, -323, 148, -212, -202, 695, -185, -338, -240, -396, -358, -702, 548, -946, -736]
[217, -595, 605, 669, -264, 353, -817, -300, 356, 551, -61, -574, 80, -283, -86, -6, 19, 73, 780, 558, 526, -521, 405, 324, -54, 334, -179, -346, 167, 618, 165, -525, -542, -398, 536, 285, 249, 287, 356, -168, -113, 376, 165, -240, 438, -201, -271, -1037, -584, -849, -1131, 266, 196, -441, 688, 527, -6, 273, -307, -99, -598, 455, 314, -372, -1061, 69, 12, -358, -544, -459, -133, 833, 336, -13, 341, 716, -63, 170, -670, -33, -105, 848, -404, -710, 173, -339, 141, 240, -579, -258, 713, 222, -250, -474, -8, -692, -481, 540, 202, -16]
[573, 57, -666, 44, -272, 584, -570, 20, -760, -72, -383, 783, -281, 437, -437, -445, 818, -443, -44, -996, 271, 717, -951, 670, 221, 19, -24, -581, 518, -1221, 122, -71, -501, 684, 2, -218, 24, -67, 1001, 202, 262, 42, 516, 161, -396, -442, 985, 318, 359, 662, 422, -230, 393, 481, 305, -474, 242, 379, -497, 434, 275, 675, 400, 359, 198, 535, -225, -285, 151, 117, 108, 138, -208, 216, -293, 324, -1033, 399, -618, 267, 377, -300, 517, -2, -385, 534, 781, 413, 341, 820, -114, 484, -157, 110, -403, -371, 29, 394, -50, -414]
[429, 118, 475, 68, 363, 447, 188, -141, 512, -491, 175, -256, 595, -63, 354, 663, 158, -243, -400, 301, -582, 946, 534, 571, 12, -156, 72, 97, 221, 30, 645, -132, 378, -26, 548, -344, 17, 640, -197, 592, -185, 508, -359, 28, -129, -188, 207, 105, 230, 461, -377, 539, -793, 75, -277, 355, 105, -851, -365, -631, 740, 710, -529, -456, 460, -131, 244, 127, -517, -411, 214, -701, -988, 616, -433, 813, 285, -605, 650, -325, -435, 818, -306, -181, -18, 17, -501, -805, 105, -393, -285, -515, 315, -759, 404, 654, -129, 544, -476, -755]
[-29, 245, 273, 132, -309, 102, -775, 147, 109, -77, 167, 81, -440, 683, 370, 1089, -178, 326, 8, 202, -310, 45, 613, 123, -128, -543, 545, 477, -176, 880, -571, 447, -12, -302, 652, 1033, 347, -152, 1140, 71, -238, 159, 220, 108, -1006, 688, -357, 152, -305, 477, -456, 376, 328, 71, 236, 571, -545, -638, 552, 498, -222, -585, 244, 381, -379, -521, 628, -521, -496, -125, 183, 228, -30, -278, 461, 489, 545, -92, 113, -155, 681, 621, -59, -713, 721, 658, -755, -190, -109, -40, -257, 482, -76, 149, 78, 606, 30, 510, 511, -203]
[-774, -92, 259, -534, 306, 34, 724, 627, 411, 281, -574, 275, 611, 125, -699, 267, 261, -403, 303, 341, -239, -136, 98, 1330, -39, 302, -246, 327, -83, 113, -3, -179, 401, 230, -121, -102, -226, -532, 68, -134, 8, -598, 628, -20, -580, 47, -622, 582, -810, -292, -424, 255, -365, -458, -1005, 13, 333, -433, -81, -23, 629, 523, -639, 497, 437, 679, -1253, -19, -76, 265, -54, -92, -72, 678, 314, -444, -192, 823, 191, -281, -210, 733, 288, 810, 392, 605, 279, 687, 334, 580, -76, -855, -502, -870, -184, 455, -877, -909, -249, 5]
[108, 417, -608, -397, -88, 381, -96, 188, -494, -387, 52, 168, 886, -68, -660, 195, 467, -745, 658, 195, -248, 68, 310, 1296, -257, 476, -634, 155, -837, 370, -113, 629, -386, -175, 1012, 450, 570, 96, 143, 661, -1021, 405, 119, 900, 269, 680, -16, 168, 105, 604, 380, -355, 642, 449, -204, 221, -351, -189, -244, -112, 35, 241, -293, -263, -10, -384, 26, -1386, -325, -231, -346, -567, -598, 124, -360, 104, -352, -175, 916, 503, -539, 987, 247, 356, -391, 558, -123, 93, 207, 637, -119, -256, 341, -258, 460, 217, 333, 273, -226, -970]
[228, 341, -951, -217, 50, 176, -395, -159, 34, -297, 170, 395, -900, -24, 278, 206, 204, 327, -804, -815, 268, -14, -576, -444, 476, 141, 38, -133, 753, -420, 169, -100, -679, 551, -597, -172, 264, 513, 424, 260, -298, -400, 359, 44, 73, -28, -87, 429, -522, -88, 151, -537, 3, 550, 479, 398, -1058, -31, 525, -832, 139, -265, 260, 354, 133, 336, -129, 433, 330, 698, -896, 584, -195, -727, -75, 151, -318, 20, -965, 759, 999, -479, 1067, -226, -648, -1141, -440, 581, 359, -102, -87, 293, -546, 158, 389, -417, -196, 141, 423, 600]
[379, 15, -398, -118, 270, 385, -237, -539, 671, 767, 47, -308, -28, -322, -208, 956, -116, -27, 242, -31, 824, -600, -46, -368, -59, -8, -835, -867, 147, -219, 379, -451, -234, 50, -592, -384, -372, 230, -75, -666, -11, -219, -439, 873, -461, -411, 225, 449, -1788, 184, -106, 825, 68, 134, -358, -263, 217, -368, -1454, -92, -464, 418, -748, 94, -194, -607, -163, -51, 387, 102, -602, -127, -22, 330, 41, 595, -812, -278, 596, -157, -527, 203, 42, -25, -1097, -210, -420, 566, 32, -50, -511, -12, -466, 608, -28, 1101, -607, 305, 702, 704]
[-285, 1159, 216, -55, -616, 978, -220, 812, -119, 320, 481, -537, 680, 398, -294, -863, -556, 760, -537, 95, -302, 168, 29, 713, 46, -270, -82, -263, 371, -9, -584, 176, -577, -34, 552, -935, -102, -5, 3, 164, -278, -1, -472, 43, 148, 1250, -374, 228, 1330, 364, 506, -105, 597, 27, 115, -175, 112, -251, 839, 284, 8, -248, 60, -47, 440, -137, -172, -317, -762, -92, 61, -408, 160, 254, -436, 1293, 162, -450, 268, -540, 178, -344, 463, -44, 136, -670, 64, 120, 121, -137, 1155, 408, 160, -33, -384, 99, -306, -863, -866, -226]
[123, -893, -519, -50, 74, -1120, 102, -584, 319, 506, 479, -423, -381, 433, 75, 482, 229, -353, 195, 26, 641, -935, 771, -884, 34, -402, 177, -132, 495, -81, 275, 589, 706, -289, -738, 103, 151, -108, -586, -855, -781, -93, 143, 516, -85, -71, -395, 193, -1028, -555, -468, 510, -1, 495, 506, 735, -183, 407, 641, 655, -588, 771, -96, -538, -472, -352, 205, -46, 107, 215, -312, 281, 338, 351, 309, -1061, 37, 417, 75, -191, -739, -201, -316, 173, 821, 837, 395, -431, 482, -489, -414, 182, 717, -195, -173, 977, 266, -89, 674, 604]
