[-285, 31, 19, 122, -202, -568, -247, -2, 85, 113, -170, -592, 568, 294, -475, -113, -351, -536, -363, -695, -50, -342, -512, 294, -127, 99, 108, -384, -131, -239, 403, -252, -100, -47, -245, 156, -228, 235, 158, 251, 191, -280, -281, -303, -59, 349, 487, 261, 399, 138, -12, 117, -277, 10, -162, 775, -396, 198, 30, 46, -875, -520, -391, -216, 404, -152, 317, -129, -81, 45, -432, -2, 958, 146, -243, -293, 537, -634, 605, -564, -431, -1306, 608, -33, 83, 165, -113, -220, 170, 830, -522, -557, 33, 748, -458, -9, 302, -218, 9, 123]
[182, -48, -206, -377, -129, 987, -21, -128, 7, 543, 407, 607, 50, -365, 293, -33, 744, -88, -352, 12, 342, -282, 618, -79, 540, 367, -106, -495, 161, 203, 12, -261, -369, 137, 426, 666, -38, -92, 13, -443, 468, 154, 508, 195, -79, 66, 89, -182, 31, -585, 366, 228, -102, 110, -104, -640, -910, -368, -284, 791, 466, 597, 441, 443, -726, 545, -32, 167, -143, 226, -115, -254, -61, -92, -99, -99, -256, 738, 556, -110, 421, 324, -169, 61, 693, -660, -25, -19, -578, -168, 1074, 322, 177, -621, 22, -225, -428, 548, 287, -32]
[-151, -629, 689, 244, -121, -167, -7, -77, 166, -20, -323, -772, 296, 580, -226, -34, 290, -131, 208, 13, 429, 372, -200, 21, -146, 95, 198, -138, -313, 260, -308, -170, -180, 60, 183, 91, -430, 67, -562, -134, -542, -19, -208, 186, -67, 296, 642, 246, -140, 723, 29, 122, 22, 866, -176, 718, 644, -301, 117, -83, -45, 270, -301, -431, 471, -143, -509, -472, -30, -49, 78, -212, 174, -247, -16, -632, 504, 297, -632, 184, -479, -525, 135, 504, -937, 670, -260, -393, 521, 193, -536, -487, 649, -54, -1007, -677, -172, -47, -298, 127]
[-292, -425, 239, 453, -107, 307, -353, -484, 83, 0, -635, -580, -58, 21, -161, 195, -346, 635, 590, 128, -833, 399, 255, 19, -140, -295, 410, 278, -214, 958, -412, 125, -242, -695, 375, -167, -258, 284, 250, 142, -313, 251, 549, 660, -553, 458, 216, 145, -64, 593, 176, -483, 277, 489, -30, -182, 935, -765, -167, -85, 298, 257, -370, 55, -605, 546, -10, 42, -429, 102, 123, 269, 13, -415, 221, -110, 776, -347, -737, -21, 172, 43, 45, 53, -258, 560, 10, -304, 243, 28, -421, -439, -511, -22, -277, -25, 338, -653, -377, -351]
[-299, -688, 54, 537, -247, -517, -382, 83, 227, 290, -97, -636, 450, 320, -275, -150, -655, 430, 216, 199, 77, -467, -311, 244, 15, 286, 801, 124, -657, 478, -604, 112, -520, -142, -161, 274, -368, 578, -623, 86, -219, -372, 303, 53, -85, 723, -141, 541, 13, 190, -237, 228, -354, -188, 411, 20, 389, -513, -433, 28, -494, -87, -800, 197, 274, 747, 101, 281, -1071, 460, -166, -624, 802, -1061, -238, -178, 663, 148, 349, -604, -381, -335, 407, 233, -183, 785, -886, -299, 680, -73, -175, -772, -196, 352, -1005, -261, 374, -478, -346, -207]
[-174, -223, 305, -991, 384, 72, 609, 600, -944, -51, 140, 208, -165, 814, 890, -390, 454, 257, 385, 34, 568, -21, 11, 57, 11, 866, 29, -714, 3, -217, -386, -307, -83, 356, 409, 73, 234, 271, -194, 383, 8, 353, -414, 391, -11, -846, -3, 379, -148, -241, 80, 101, -277, -184, 479, 210, -218, -87, 727, -232, 106, 232, 88, -76, -85, -1064, 86, -206, 108, 519, 375, -504, -108, -722, 76, 417, -248, 438, -25, 108, -7, 205, 193, 202, 100, 210, -203, -31, 96, -629, 780, 467, 259, -140, -338, -377, -159, 302, 131, 660]
[-260, 306, 389, 250, 316, -145, -666, -525, 803, -39, 284, 131, 385, 184, -103, 19, -180, -280, -500, 109, 409, 889, -184, 559, -265, 295, -353, -204, -269, 75, 416, -607, 76, 522, 170, 149, -339, -3, -276, 294, 2, -42, -57, -505, 486, 484, 384, -438, 334, 71, 375, 1153, 182, 376, -446, 840, 241, 199, -315, 149, 159, -183, 464, -635, 341, -310, 63, 78, -262, 262, -208, -399, 950, -11, 218, -569, -208, 265, -489, -132, 359, -1128, 319, 81, -72, 286, -327, -123, -268, 516, 135, 291, 508, 75, 43, -713, -738, 12, 408, 485]
[925, -380, 263, -396, 70, -124, 1020, 212, -103, -316, -311, 254, 159, 459, 195, 28, 1274, -421, -154, 123, 1163, -196, 15, 150, 88, 416, 71, -59, -11, 154, -878, 297, 124, 96, 164, 599, -265, -332, -466, 97, -177, 457, -231, 696, -493, -100, -271, 709, -322, 347, -402, -81, 497, 483, 1042, -385, -84, -82, 307, -237, 119, 756, 530, 540, 361, -332, -86, -556, 176, -210, -203, -140, -914, -190, -680, -354, -524, 1117, 346, 236, -103, 650, -490, 185, 31, 172, 57, 542, 166, -740, 333, -31, 37, -200, -303, -606, -529, 1002, 183, -435]
[-10, 404, -399, 428, -63, -645, 173, -169, -365, 8, -487, -72, -238, -370, -814, 508, -5, 65, -910, -870, -767, -564, -304, 46, -483, 14, 43, 706, -149, 390, -358, -252, 413, -333, -18, -113, 164, -166, 1087, 361, -540, -577, -598, 496, -602, 224, -142, 788, 668, 354, -108, -383, 579, 289, 69, 484, 103, 457, 296, 217, -706, 175, 71, 448, -770, 98, 697, -84, 341, -513, -316, 599, -295, 303, -710, 313, -137, -1426, -161, 531, -308, -31, 154, -468, 188, 381, 786, 227, -366, -77, -199, -524, -340, 575, 380, -75, 286, 212, -150, -370]
[-240, -166, -453, 373, -415, -647, -283, 150, -129, -225, -82, -483, -121, -220, -459, 610, 39, 138, 227, -215, 385, -805, -763, -246, -104, 106, 563, 576, 199, 331, -309, 648, 200, 475, -411, 138, 323, -408, -414, -500, -1040, -55, -266, 123, 76, 119, -496, 250, 680, 226, 95, 325, -291, 551, -163, -138, 490, 651, -395, 73, -579, -96, 101, 679, 245, 565, -267, -306, -389, -393, -88, -350, -252, -612, 156, 250, 133, -336, 0, 988, -337, 324, 190, 434, 153, 2, -812, -428, -99, 30, -66, -334, 378, 414, -795, -513, 403, -169, -283, 116]
[125, -393, -538, -405, -227, -58, 798, 645, -387, -114, -380, -35, -113, -215, 39, 121, -184, 541, 756, -7, -472, 109, -214, -213, 269, -463, 320, 414, 448, 554, 187, 87, 439, -335, -43, -221, -236, -471, -121, -459, -223, 10, -187, 359, -869, -413, -587, 401, -331, 372, 125, -243, 592, 212, -256, 326, 607, 506, -15, -358, -237, -267, -126, -346, 116, 31, -800, 60, 196, -804, 834, -158, -248, 82, 853, 93, 440, -331, -868, 363, -392, 19, -179, 427, -455, -59, 23, -561, 393, -90, -110, -333, 540, 361, -1081, 549, 302, -453, -145, 494]
[-733, 580, -153, 817, 445, -439, -127, 136, 821, 1037, 495, -374, 667, -1010, -387, -83, -797, 92, -1175, 87, -724, -182, -228, -1060, 257, -458, -524, 214, -284, -15, 507, -610, -215, 271, -55, 393, -805, 538, 247, 315, -178, -1209, -370, -492, 589, 892, 1107, -111, 312, -94, -15, 676, -375, -426, -259, 819, -309, 199, 5, 195, 343, -329, -364, -137, -546, 443, 176, 614, -308, 87, -250, 185, 1016, -134, -132, -293, -31, -265, -51, 241, -267, -509, 526, -530, -122, 278, -137, -158, 131, 233, -197, -354, -75, -262, 836, 358, -248, -46, -327, 665]
[285, 736, -444, -254, -420, 105, -189, -286, -289, 372, -143, -279, -154, 413, -556, 34, 770, -464, -272, -546, 473, -35, -132, 567, -533, -157, 203, -392, -552, -163, -271, 203, 410, 240, -310, 129, 33, -618, -2, -406, 279, 434, -240, 210, -159, 403, -144, 220, -175, -342, 291, -11, 616, 173, 161, -13, -533, 255, 19, 1004, 362, 160, 926, 144, -333, 340, 242, -43, 366, -414, -220, 97, -43, 332, -690, -163, -129, -110, -700, -212, -488, -556, 155, 551, 159, -47, 562, 361, -216, -122, 340, -283, 1163, -527, 130, -718, -637, 1150, -89, -307]
[-206, -337, -488, 94, 79, 111, 527, 304, -533, 618, 528, 1246, 135, -1285, -298, 216, 422, 561, -108, 190, -982, -344, 691, -279, 167, -301, -182, 448, -177, 0, 24, -311, -160, -403, 636, 336, 423, -589, -109, 203, 43, -734, 542, 142, -268, 321, -803, 612, 777, -454, 150, -561, 116, -2, -318, -380, -173, 191, -512, -43, 671, 301, -238, 408, -459, 631, -155, 37, -219, -49, 500, 154, -550, 73, 396, 788, -543, -89, -42, 402, 331, 1371, 205, -848, 445, -176, 222, -162, -138, -955, 327, -425, -308, 365, -502, 641, 382, -380, 42, 334]
[-522, 158, 40, 193, -357, -393, 127, 311, -516, 135, 294, -825, 258, -255, -799, -72, -96, -290, 70, -247, -628, -498, -359, 421, -394, -110, 202, -183, -1003, -853, -376, 62, 185, -795, 311, 121, 382, -649, -29, 360, -243, -175, -541, -157, -210, 127, -140, 62, -202, -534, -117, -404, -208, -31, -753, 834, -82, 356, 148, -81, -187, -17, -551, -309, -39, -125, -319, -684, -195, 196, -61, 253, 646, 331, 176, 73, -49, -1119, 33, 155, -967, 220, 35, -322, -653, 406, 503, -466, 381, 11, -931, -348, 205, 773, -641, -240, -439, -174, -427, -106]
[418, -307, 266, -251, -133, -465, -180, -417, -181, 475, -1375, -321, 715, 983, 403, -571, 156, -223, 107, -275, 640, 498, 420, 874, 71, -340, 447, -367, -69, 477, -154, 335, -456, -178, -556, -71, -641, -41, -928, -410, 394, 455, 428, 264, -44, 433, 118, 918, -567, 827, -793, -841, 603, 455, 859, -184, -258, -644, 117, 309, 13, -144, -1275, -474, 703, 581, -399, 100, -143, -261, -480, 128, -56, 248, -955, -295, 781, 170, -174, -886, -287, -322, 847, -82, -474, 246, -103, 719, 958, 403, -203, -723, -148, 276, -472, 23, -19, 41, 94, -852]
[312, -943, 171, -688, 239, 162, 1035, 221, -424, -366, -123, -557, 510, 431, 246, -323, 306, 174, 365, -516, 556, -325, -178, -54, 364, 758, 87, -476, 853, 185, -550, -410, 552, -1055, 361, 435, -1030, 85, 376, 256, 103, 734, -429, 261, -189, -821, 189, 419, -499, 363, -343, 373, 401, -196, 178, 145, 377, -406, 514, 146, -664, 693, -1003, -250, 485, -391, -500, -910, 298, -89, -109, -486, 76, 476, -428, -656, 389, 237, 636, -106, -751, -287, -48, -169, 115, 149, 64, -420, 438, 681, -265, 243, -896, 473, -1164, -141, 202, -226, 119, -358]
[-344, -141, -2, 202, -423, -1027, -295, 201, 225, -499, 208, -362, -169, 469, -1160, -102, -811, 145, 483, -625, 81, -241, -697, 76, -390, 24, 194, -351, 311, -336, 141, 383, 536, 409, -665, -843, -125, -462, -220, -173, 318, -269, -742, -508, -65, -260, -736, -261, -287, 262, 219, 970, -289, -547, -437, 254, 1357, -47, -381, 155, -394, -319, -57, -288, 207, 108, 255, -47, -132, -619, -80, -641, 679, 216, -29, -527, -194, -260, -84, 25, -697, -1103, 76, 360, -705, 133, 141, -377, 225, 638, -496, 184, -136, -55, -121, -201, 463, -686, -373, -194]
[-915, 656, -176, -961, 290, 95, 37, 310, 174, -177, 71, -401, -107, -47, 211, -313, -595, -377, 337, 521, -11, 457, -697, 526, -515, -300, -398, 291, 284, -266, -222, -7, 290, 147, -321, -652, 153, -595, -2, -250, -546, 832, -289, -181, 250, -357, 201, -1274, -355, 110, -232, 229, 542, -626, -10, 185, 236, 660, 454, -103, 191, 178, 192, -667, 608, -889, -766, 115, 566, -85, 56, 421, 157, 691, -91, 2, 121, -550, -880, 139, -933, -17, -389, 460, -497, 80, -70, 184, -182, 352, -409, 366, 310, -32, 512, -289, -1144, 77, 387, -86]
[464, 399, -144, -33, 245, -124, 877, -99, -168, 110, 382, -93, -178, 795, 1, -268, -50, 547, -191, -326, 459, 118, -36, 850, -107, 694, 467, 30, -570, 272, -1603, -479, 613, -617, 99, -59, -505, 368, 722, 737, 166, 49, -420, 473, 235, -347, 364, 732, -985, -293, -110, 433, 413, 48, 802, 721, -89, 58, -23, 72, -444, 422, -411, 207, -289, -107, 430, 108, 9, 92, -530, -691, 134, -301, -501, -640, -288, -37, -998, 290, -819, -483, 392, -147, -219, 816, 126, 62, 606, -452, 176, 107, -181, -561, -546, -1233, -976, 873, -214, 329]
[4, -579, 1030, -681, 452, 150, 673, 1043, 11, -363, 387, -438, -99, 214, 718, -229, 58, 682, -268, 1151, -37, 27, 108, -796, -282, -44, -330, 132, 846, -173, -317, -586, 425, 83, -59, -215, -414, 936, -61, 19, -193, 222, 256, 27, 446, -614, 393, 94, -249, 842, -80, 275, 484, -415, 710, -431, 42, -115, 256, -274, 409, 317, 376, -626, 534, -1018, -258, -404, 376, 172, 762, -174, -510, -110, -340, -79, 43, 660, -525, -295, -70, 165, -1340, 548, -260, 1002, -192, 328, 133, -829, -213, 120, -86, -1163, 835, 345, 912, 306, 85, 119]
[-506, 117, 533, 109, -571, 103, -940, -722, 582, -230, 60, 990, -469, -604, -419, -185, -130, -347, -424, -267, -510, 1116, 766, -271, 356, 220, -538, 15, 654, 73, -89, 8, -399, 428, 353, -809, -105, -184, 266, 180, 160, -659, 539, -260, -279, 326, 389, -569, 218, 254, 389, 254, -605, 902, -953, 365, 1011, -530, 7, 189, 471, 925, 10, 27, -159, 522, -441, -7, 418, -8, -2, 565, 63, 719, -278, -89, 298, 193, -309, -125, -6, -629, 419, -107, -687, -241, -19, -222, -349, 632, -674, -23, -278, -43, -503, -190, 16, -869, -276, -141]
[-151, -340, 241, -112, 270, 251, 964, 460, 376, 16, 146, -176, 693, 171, -62, -585, 410, -508, -590, 103, 712, -634, -101, 447, 108, -183, 155, -774, -283, -778, 242, -572, -276, -102, -67, 215, 217, -371, -4, -15, -607, -21, 30, -201, 283, -126, 629, -258, -31, 579, -486, 276, -129, 165, 29, -6, -983, 660, -244, -116, -524, 44, 314, 140, 741, -1011, 293, -498, 96, 434, -560, 164, 139, 329, -227, -256, 82, -219, 1078, 72, -6, 244, -1118, -554, 227, 552, 252, 77, 472, -21, -110, -434, -1048, 280, 341, -487, -232, 506, 808, -88]
[-627, -283, 300, -45, -91, 371, -352, 130, 229, 169, 655, -1489, 233, -117, -668, 55, 204, 125, 667, 225, 213, -505, -833, -290, -829, -14, -401, 1048, -373, -494, 170, -348, 126, -241, -313, 754, 212, -125, -79, -360, -466, 573, -78, -237, 555, -256, 400, -589, 198, -38, 810, 505, 653, -410, -541, 442, 105, -79, -117, 438, 30, -51, 283, -1204, 567, -91, -1168, -689, 405, 449, 282, -354, 581, 634, 367, -397, -429, -66, -743, 42, -688, -101, -876, 656, 72, 94, -390, -552, -501, 185, -728, 373, 1088, -579, -235, -591, 241, 528, -201, 26]
[136, 101, -57, 16, 211, 390, -1073, -1143, 704, 50, 94, -170, -546, 203, -279, -539, -420, -208, 220, -119, 802, 412, 217, 1185, -1027, -101, -530, -344, -380, 65, -686, 234, -121, 355, 60, -699, -265, 101, 371, -485, -247, 530, 588, -219, 297, 721, 23, -1176, -351, 147, 90, 413, 157, -103, -193, -621, 678, -537, -667, 813, 70, 775, -84, 591, -534, 603, 641, 761, -194, -120, -1125, 63, 234, -298, -781, -1112, 766, 251, -611, 104, -576, -772, 86, 447, -284, 348, -178, 1, 31, 912, 276, -467, -370, -416, 128, -900, -613, -531, -160, -592]
[635, 411, 98, -361, -494, -262, -625, 249, -123, -5, 68, -87, -57, -632, 467, 26, -241, 26, 329, 517, -371, 376, 208, 131, -150, -1060, 51, 71, 84, 10, 85, 687, 910, 12, -433, -46, -97, 623, 217, -150, 559, -1, 886, -26, -290, 68, -830, 882, -480, -411, 182, -556, 643, -85, 393, -269, 85, 286, -792, -14, 54, -1164, 200, 620, -263, 379, -107, 553, -254, -265, 265, 586, 76, 52, 645, 447, -2, 232, 118, -1002, 320, 43, -477, 83, 794, 528, -587, -108, 136, -190, -271, -555, -34, 585, 271, 1264, 1300, 251, -106, -55]
[177, -353, -162, -422, 398, 77, 491, 103, -2, -271, -608, 322, -388, 313, 675, -496, 104, 28, 772, -169, 808, 202, -65, 17, 453, 471, -327, 298, 392, 175, -72, 117, -794, 16, -41, -305, -457, -143, 24, -148, -623, 234, -45, 687, -748, -1162, 167, -55, -751, 980, -543, 135, 161, -438, 233, -584, 715, -292, 323, -38, 395, 651, -43, -476, 778, -520, -508, 81, 354, 222, 13, -461, -596, 10, -601, 275, -88, 575, 239, 605, -1070, 764, -1033, -244, -335, 71, 436, 386, 582, -365, -8, 483, -1483, 296, -483, -145, -797, -324, 17, -643]
[265, -336, 784, -304, -361, -344, 133, 805, 609, -644, 298, -616, -281, 34, -197, -461, -119, 28, -368, 633, 148, -131, -457, 5, -413, -341, -316, 1035, -327, -508, -271, 744, -74, 713, -506, 441, 390, 93, -834, -61, 429, 110, -240, -587, -168, -292, -699, -855, -884, -50, 6, -142, -238, -183, 453, -357, 182, -150, 153, -1068, 512, -148, 422, 26, -82, 320, -5, -511, 135, 433, 367, -236, 69, -734, -249, -515, -547, 254, -239, -52, -532, 156, -1068, 611, -1270, 338, -641, 360, 27, -854, -380, 103, 567, -1157, 1437, -1, -24, 121, -941, 96]
[-1173, -253, -89, -30, -239, -31, 670, 726, -1001, -29, -349, -450, 429, -164, -10, 491, 448, 539, 607, -616, -495, -199, -312, -306, -64, -693, 8, 235, -465, 577, 402, 492, 8, 177, -354, 439, 903, -180, -566, -134, 168, -69, -46, 867, -365, -558, -391, 453, -542, -241, 741, -1022, -317, 505, 435, 219, -40, -220, 84, -778, 88, -808, -194, 266, -960, -92, 75, -960, -586, 56, 500, -24, -571, -989, 919, 957, -421, -661, -502, 590, 632, 665, 522, -229, -223, -152, -455, -357, -331, -393, 309, 459, 202, -696, 193, 287, 827, 380, -438, 526]
[-243, 14, 11, 440, 222, -481, 390, 50, 94, -574, -23, -265, -320, -430, 291, -528, -529, 703, -954, 9, -241, -677, -12, 783, -151, 340, -121, 1426, -338, 25, -791, -777, -204, -273, -966, 249, -108, -232, 96, 369, -653, -110, 103, -48, 32, -104, -806, -264, -161, 291, -991, -113, 793, -718, 497, 117, 8, -559, 230, 327, -1434, 440, -874, -191, 262, 143, -35, 30, 100, 243, -206, 310, -178, 179, -1308, 295, 672, -806, 812, -432, 69, 916, -318, -601, 212, 653, 249, 902, -97, -124, -180, 128, -914, 100, 614, -234, 459, -230, 279, -1659]
[213, 829, -94, -300, 425, -277, 1123, -1, -24, -649, 457, -49, -462, -201, -726, 95, 474, 316, -291, -159, -197, -680, 519, 469, -1, 81, -286, 55, -170, -515, -469, -69, 177, -175, 476, 256, 287, -596, 760, 604, 570, 140, 116, 461, -924, 27, -201, 14, -52, -765, 1130, 217, 409, 81, -318, 458, -502, -500, -378, 255, -675, 460, 304, -71, -1249, -511, 196, -309, -477, -197, -457, 130, 423, 11, 412, -194, -124, -252, -612, 487, 514, -498, -28, 87, 153, -266, 872, -240, -295, -249, 625, -40, 602, -724, -470, -845, 87, -248, 48, 611]
[-494, -430, -912, -399, -65, 243, 925, -25, -762, -44, 484, 113, 53, -96, -348, -44, 293, 959, 91, -361, -3, -491, 10, 710, -241, 351, 735, 164, -188, -37, -790, -506, 148, -545, 70, 169, 554, -327, -50, -111, -1026, -96, 500, -47, -262, 1, -211, -29, 103, 84, 792, 223, 503, -239, 30, 165, 302, 439, -450, 459, -800, 687, -166, 137, -104, -391, -192, -679, -188, 50, -270, -427, -123, -63, 35, 342, 160, -560, -935, -225, -458, -294, 206, -591, 31, 501, -188, -789, 253, 468, 286, -800, -54, 209, -1755, -982, 160, -93, 282, 1004]
[127, 489, -586, 277, -643, 421, -630, -762, 245, 815, -751, -200, 411, -387, 223, 746, 400, -295, -237, -173, 98, -36, -506, 468, 116, 120, 533, 545, -499, 734, -144, 321, -204, -412, 158, 736, -624, -507, -370, 231, -793, 698, 468, 610, -795, 794, 290, -56, -167, 129, 490, 86, 485, 402, 448, -42, 234, -67, 60, 317, 696, 271, 548, -217, -140, 592, -425, -109, -435, 43, -222, 134, -638, 73, -383, 117, 43, 257, -735, 159, -190, 701, 313, -186, 761, -807, -116, 696, -97, 170, -200, -30, 573, 158, -1055, -623, -1543, 477, -22, -571]
[225, 365, -64, -97, 139, -832, 35, 216, -101, -57, -484, -1251, -347, 199, 445, 329, -291, -105, -31, 225, 1225, 55, -741, -581, -561, -38, -534, -184, 386, -299, 397, 1089, 439, 863, -772, 238, -601, 371, -617, 74, -190, 597, -221, 527, 732, -707, 256, 161, -733, 443, 67, 184, -424, 409, 689, -173, 182, -106, 561, -180, 985, 207, 45, -115, 884, -43, -440, -603, -214, -193, -134, -261, -518, -317, -923, 261, 311, 381, -744, 819, -612, 366, 291, 392, -166, -113, -808, 287, 169, 443, 91, 105, 139, -1050, -23, -247, 311, 78, -576, -20]
[529, -247, 79, 916, -91, 262, -365, -98, -360, -167, 147, 223, 209, -624, 100, 300, 839, 151, -716, -187, -270, -1175, 873, -1362, 115, 238, -603, -729, 499, 40, 205, 941, 170, -566, 494, 102, -18, -498, 612, -82, -352, 290, 65, -128, 269, 1033, -75, 64, 448, 145, -210, -151, 10, -77, -157, -1384, -285, -84, -38, -95, 606, 337, 533, 633, -1090, 974, 426, -369, -336, -676, -762, 593, -501, 206, -157, -785, -269, -79, 1299, -43, 1210, 62, -282, -523, 387, -656, 985, 389, -390, 627, 354, 651, -751, -318, 838, 816, 732, -335, -17, -759]
[-558, 231, 627, -623, 42, -1359, -218, -109, -79, 239, -297, -89, -19, 575, -376, -823, 978, 498, 278, 344, -2, 348, 523, -822, 573, -224, -33, -264, 341, -233, -623, 115, -33, 681, -194, -137, -320, -565, -1008, 612, -234, -361, -37, 292, 53, 366, -244, 704, 228, 672, 545, -265, 650, -242, 151, 208, 1268, -713, 798, 665, 1175, 52, 161, -842, 197, -135, -1177, 102, 423, -324, 316, 598, -336, 658, -296, 393, -503, 301, -1272, -307, -80, -159, 752, -289, -432, 694, 375, 305, 784, -314, -66, -336, 839, -423, 192, 192, -33, 77, -181, 328]
[48, 419, -219, 0, 387, 315, -478, 65, -339, -302, 844, -680, -664, -132, 581, 130, 113, 300, 305, 94, 38, 54, 33, -1529, 642, 73, -400, -387, 969, -680, -196, 479, 328, 609, -347, 19, -206, 749, -124, -450, -475, -121, -62, -239, 1269, -813, 129, -9, 425, -167, 39, 33, -828, -751, 169, -659, 20, 477, 272, 1029, 791, 28, 831, 776, 613, -124, -444, -258, 817, -264, 832, 173, -907, -171, -124, 515, -120, 494, 465, 280, -557, 660, -46, 64, 1048, -110, 132, -161, -225, -9, 463, 193, -214, -465, 1245, 523, 285, 673, -316, 796]
[851, 845, -461, -576, 158, -408, 474, 627, 378, -106, 10, -700, 129, -460, 658, -631, 536, 75, -216, 717, -411, -291, 683, -337, 695, -657, 87, -335, 503, -378, -26, 63, 490, -386, 366, 597, -1123, -347, -400, 466, 72, 860, 122, -100, 108, 306, -90, -196, -577, -640, -175, -331, 821, -341, 356, -630, -783, -145, 199, 112, 845, 139, -521, -158, 61, 276, -450, 401, 431, -439, 420, 423, 348, 269, -94, -786, 669, 235, -740, 87, 50, -136, 109, 213, 30, 87, 400, 225, 530, 112, 27, -199, 447, -403, 545, 1088, -335, -626, 140, 75]
[-317, -338, 447, 136, -105, -345, -798, -625, 616, 496, -118, -225, 322, 207, 202, -479, -667, -664, 126, 328, 398, -619, 80, 5, 782, 164, 123, 204, -371, -306, 710, -76, -1253, 918, -278, 229, 110, 651, -410, -910, -90, -549, 22, -794, -96, 222, 885, -1141, 69, 442, 75, 647, -1124, -325, -658, 399, 260, -1147, 100, 539, -683, -135, -900, -512, -430, 78, -356, 1033, -474, 612, -1213, -157, 707, -280, 63, -182, -366, 899, 1778, -439, 14, 297, -191, -3, -729, -640, -774, 113, 257, 610, -52, 287, 390, 144, -650, -279, -346, 179, 83, -188]
[-728, -836, 765, -286, -470, -195, -1095, 7, 346, 55, -474, 459, 920, -74, -189, -911, 480, 41, 169, -351, 311, 634, 152, 171, -481, 388, -461, -693, -51, -485, 204, -244, -116, -380, 904, -474, -640, 9, 271, 964, 23, -255, 995, 400, -81, 450, 452, 423, -98, 723, 410, 201, 330, -5, -31, 867, 1026, -398, 59, -330, 603, 206, 243, -626, 353, -681, 421, -308, -2, 862, -181, 451, 544, 1094, -71, -205, -86, -298, 34, -452, 91, -769, 117, -741, 533, 738, -118, 85, 76, 341, -410, 22, -1209, 853, -466, 717, 446, -823, 282, -595]
[227, 133, -218, -1019, -28, -658, 28, 168, -468, 367, 211, 833, -55, 13, 284, -671, 560, -151, -423, -470, -340, 166, 208, 547, -346, 1158, -173, -1057, 137, -511, 177, -484, -220, 314, 808, -37, 41, -1078, -566, 595, -670, 440, -456, -44, -569, -105, -807, 165, 720, -111, -196, 598, 466, -218, -769, 53, -268, 728, -73, 766, -122, 601, 466, -1431, 528, -799, -219, 156, 83, 613, 563, -599, 527, -250, 57, -18, -232, 196, -547, 581, 214, 412, -212, 318, 275, 348, 618, 162, -13, -609, -194, 601, 32, 1163, -435, -492, -1160, -114, 777, -76]
[115, -182, -114, 895, 334, -139, 339, 734, 109, 218, 371, -690, 716, 103, -21, 508, -399, -245, 275, 267, 336, -107, 91, -1072, -645, -833, -303, -247, -530, -928, 247, 396, 460, -60, -406, -8, -662, 141, -176, -373, 125, -681, -397, -699, 802, 778, 834, 443, -157, 199, -310, 308, -55, -152, 130, 476, -666, 485, 129, -373, 336, -220, -98, 285, 952, 122, -144, 12, 57, -848, 598, -33, 175, 771, -31, -472, 166, 562, -223, -252, 242, -1021, 827, 111, 70, 149, -169, -275, 436, 341, -350, -331, 846, -329, -524, 963, 1163, 97, 2, 148]
[1028, 898, -823, 555, -338, -457, -796, -499, -562, 294, -606, -40, -199, -66, -241, -230, -384, 389, 738, -554, -20, 180, 169, 675, -268, -15, 728, -116, -291, -96, 132, 92, 865, 64, -88, -370, -688, 287, -498, 144, -355, 58, 238, -610, -215, 734, -1039, 472, 306, -119, 244, 906, 227, -162, -286, 450, 603, 399, 266, 673, -252, -696, 223, -409, -249, 466, 101, 555, -119, -360, -57, -350, 563, -62, 222, -349, 719, 254, -212, -687, -676, -234, 762, 395, 400, -5, -156, 163, 787, 738, -496, -480, 176, 800, -1300, -54, 376, -477, 105, 61]
[60, -458, -287, 239, -273, -635, 491, 52, 728, 809, -210, 602, 802, -46, -151, -355, -299, -32, -164, 177, 153, -250, 584, 213, -340, 140, 314, 754, -1247, 354, -281, -589, -876, -6, 283, 194, 383, -555, -162, -259, -582, -669, 7, 182, -98, 1322, -99, 220, -167, 228, -837, 381, 562, 265, -61, 799, -464, 209, -261, -269, -308, 707, -736, -320, 84, 643, -225, 1199, -260, 241, -627, -331, 925, -73, -46, -467, -982, 280, 74, 29, 195, -217, -208, 57, -862, 447, -326, 59, -241, -547, 417, -225, 454, 974, -897, -140, -822, 375, 157, -1]
[508, -552, -471, -524, -410, 577, 436, -132, 136, 287, 432, 894, -34, -256, 434, -32, 139, -371, 91, 175, -165, 857, -124, -306, 825, 648, -318, -773, 548, -453, -33, 271, -769, 227, 323, 126, -203, 572, -567, 131, 403, -193, 586, 319, -342, -140, 1000, 34, 883, 83, 399, -218, -771, 496, 345, -275, -343, 571, -58, -667, 930, 618, 911, 454, 1099, -58, -223, -122, 621, 274, 787, -358, -584, -220, 195, -77, 106, 1112, 118, 3, 23, 55, 711, 149, 419, -462, -690, -89, 28, -631, 360, -43, -127, -382, -773, -306, -924, 793, -147, 889]
[474, 90, 323, -906, -185, -831, -297, 147, -150, -637, 88, -517, -675, 1316, 415, -276, -324, -247, 792, 412, 960, -745, -732, 350, -878, 468, -58, -336, 58, -954, -422, 171, -410, 693, -1003, -514, 659, 438, -65, 349, -487, 35, -191, 64, -15, -123, -260, -247, 351, 1030, 147, -27, -196, -20, 45, -340, 370, 137, 937, -482, -965, 308, 794, 65, 939, -787, 256, 254, 328, 36, -373, -294, -161, -467, -580, 89, 690, 513, 734, -929, -164, -1065, -211, 719, 99, 487, -837, 332, -14, 180, -442, -467, 711, 560, -604, -352, 199, -130, -534, -377]
[-764, 10, -277, -249, 70, 807, -108, 101, -140, 509, -387, 479, -599, 558, 313, -4, -427, 920, -703, -70, -201, 392, 327, 274, 129, 771, 574, 401, -512, 706, -153, -302, -231, 837, 44, -634, 780, 746, 668, -562, 648, -136, 656, -227, 514, 122, 752, -434, -46, -919, -18, -163, 163, -435, 651, 274, -708, 72, 307, 378, -207, -273, -313, -507, -883, -21, 442, 438, -120, 689, 575, -124, -107, -508, -183, 664, -206, -324, -1336, -433, 378, -276, 298, 1051, -317, -243, -40, 470, -716, -959, 1898, 226, 796, -1275, 239, -290, -360, 690, 95, 447]
[-252, -503, -16, 145, -55, 200, -556, -878, 15, -64, -544, 759, 108, 421, 719, 52, 797, 231, -379, 207, 262, 268, 282, 316, -37, 1133, 2, 570, -868, 774, -367, -549, -201, 23, 1053, 350, -214, -327, 725, 306, -234, 341, -137, 543, -417, 181, 280, -285, -144, -284, 340, -252, 968, 698, 504, 718, 170, -999, 154, 778, -437, 859, -416, -462, -764, -400, -76, 663, 210, 508, -286, 420, 21, 605, -193, 389, -648, 313, 7, 367, 1881, 945, -3, 9, 278, -402, 71, 487, -950, -362, 1045, 1004, 1065, -196, -329, -295, -513, 638, 933, -1448]
[280, -108, 474, -436, -401, -261, 870, 226, 450, -48, -117, 308, 1243, 481, -394, -679, 996, 414, -1004, -715, 612, 20, 350, 583, 1231, 372, 931, -335, -576, -310, 262, -102, -77, -396, 564, 185, 432, -992, -618, 286, 176, 122, 151, -385, -71, 202, 200, 730, -549, 475, 353, 235, -16, 1298, -543, 1340, -612, 272, 157, -333, -348, 276, -387, -521, -172, -302, -14, -1190, 199, 544, -583, -163, 916, 7, 398, -399, -724, -683, -295, -35, 272, -1187, -19, -778, -961, 63, 448, 20, 187, -291, -170, -145, -102, 271, -358, -956, -682, 573, -256, 1087]
[-133, 39, -346, 470, -792, -12, 93, -84, 234, -518, -54, 345, -640, -772, -771, 0, -667, 78, 109, -875, -324, -51, -653, 593, 399, 92, 346, 1336, 1118, 946, 463, 69, 390, -356, -622, -861, 503, -1044, 913, 1, 185, 44, -80, 295, -639, -434, -448, 264, 157, 128, -160, -41, 765, 270, 156, 427, 826, -93, -176, -906, -967, -276, -456, 590, 369, 648, 184, 214, 1245, -640, 423, 878, -57, 1227, -72, -52, 543, -729, 61, -235, -347, -556, 58, 260, -213, -254, 562, -119, -714, 496, -1225, 103, -563, -96, -131, -22, 1109, -779, 189, -870]
[-312, 921, -886, 686, -377, -247, -6, -128, -439, -450, 383, -824, -419, -280, -399, 757, 98, -391, -565, -449, -782, -407, -693, 393, -739, -366, -216, 1441, 336, 121, 422, -231, 89, -487, -786, 914, 241, -797, 389, -28, -557, 133, -155, 128, 64, -510, -29, -350, 401, 376, -341, 352, 311, 437, 238, -415, -837, 574, -545, -189, 52, 271, 1231, 89, 819, 323, 245, -789, 397, -201, -1, 36, -504, 324, -388, 84, -279, -592, 99, 335, -318, 339, -856, -35, 776, 210, 304, 361, -845, -95, -1083, 353, -408, -221, 1023, -549, -36, 779, 355, -266]
[315, -118, -522, 108, -116, 207, 623, 121, 91, -1025, 179, -483, -174, -176, -117, 417, -130, -525, -280, -11, -21, -676, -341, 239, 723, 287, 22, 369, -244, 284, -140, 410, 911, -639, 130, 425, -1059, -355, 1237, 144, 634, 879, -162, -105, -416, -511, 122, -129, -442, -798, -238, -202, -726, 303, 70, 18, -43, -483, -402, 130, -1048, -166, -1109, 813, 396, 585, -275, -18, -129, -867, -243, 192, -284, -82, -39, -593, 929, -507, 47, 11, 61, -537, 327, 47, 541, -955, 26, -190, -93, 1026, -230, 60, -23, -66, -1482, 238, 280, -594, -355, -378]
[-400, 7, -248, 208, -156, -386, 247, 522, 89, -351, 468, 559, 182, -1054, -581, 356, 70, -647, 703, 345, -800, 224, 26, -519, -417, -964, -511, -373, 1439, 408, 298, 261, -202, -285, -320, -341, -328, 354, -188, -68, 813, -463, 568, 804, 27, 649, 379, 385, 400, -47, 181, -781, -54, -56, -409, 137, 453, -400, -855, -542, -424, -227, -300, -124, 614, -32, 61, -68, -209, -475, -184, 143, 264, 530, 411, -143, 1117, 86, 583, -104, -547, 225, 633, 232, 402, 0, -74, -718, -205, 757, -846, -553, 316, 681, -1355, 1152, 1196, -684, 51, 29]
[291, 188, 972, -159, -104, -679, -78, -313, 175, 1253, 266, -626, 806, -174, 97, -236, 592, -182, -612, 29, 555, 237, -697, -136, -873, 241, -1014, -770, -1383, -588, 767, -582, 173, 527, -211, 851, -500, -581, -143, 311, 381, 715, -442, -439, 506, 346, 464, -62, 203, -201, -136, 254, 582, 246, 79, 1182, -468, -95, 94, 133, 247, -504, -345, -1097, -150, -221, -589, 28, 243, -216, -694, 698, 1309, 832, 334, -811, -384, 11, 67, -270, 292, -360, 33, 81, -203, -48, 190, 233, -290, 123, -461, -22, 1046, 74, 903, -784, -828, 727, -183, -478]
[845, -210, 209, 1117, 43, -328, -153, 268, -276, -135, 210, 615, -708, -903, -280, 462, 304, -92, 249, -36, 225, -389, -323, -912, -478, 438, -611, 363, -440, 512, 94, 108, -73, 572, -3, 717, -424, 523, 689, 477, -516, -881, 228, 539, 57, 452, -107, 827, 221, -13, -637, -85, 61, -368, -1, 12, 667, -312, -516, -295, -388, -499, 177, 274, 53, 699, -203, 486, -603, -489, -135, -69, -250, -196, 204, -317, 246, 985, 931, -10, 191, 957, 245, 204, 477, -14, -269, 54, -175, -311, -259, -272, 25, 818, -499, 577, 287, -411, -223, -782]
[-390, -246, -660, -378, -80, -75, 617, 300, -443, 46, 988, 1285, -673, -462, 69, -649, 254, 5, -478, 580, 438, -139, -113, -8, 157, 132, 173, -317, 800, -193, -627, -202, 52, 23, -601, -343, 469, -175, -53, 625, -371, -27, 362, 399, 542, 151, -27, 612, 447, -181, -546, 60, 405, -218, 855, -444, -477, -57, 3, -456, -58, 1130, 256, 994, 929, -91, 415, -1, 356, 20, -91, 28, -305, -269, -858, 911, 5, 830, 397, -731, 831, 214, 166, -459, 779, 481, -230, 21, -443, -498, 869, -112, -650, -20, -142, -604, 528, 374, 511, -197]
[302, -447, 638, -286, -54, -954, 264, 36, -194, 107, 644, 696, -522, -218, 155, 439, 124, 499, -126, -54, -137, -52, -7, -131, -888, 193, -954, 183, 1149, -589, -339, 1010, 239, 719, -111, -782, 941, -354, 360, 453, 125, 113, 729, -456, 7, -15, 280, -79, 553, 830, 355, -441, 486, 269, 541, -174, 562, 218, -261, -1469, 359, 223, 186, 567, -66, -973, -182, -346, 707, -487, -222, 627, -1155, 1379, 151, 223, -1805, 399, 52, 404, 31, 597, -608, -125, 292, -2, 269, 359, -681, -581, -306, 366, -610, -187, 656, 118, 172, -122, 347, 240]
[741, -966, 790, 207, 831, 20, -224, -424, -337, -26, -705, -467, 315, 573, 375, -854, 360, 67, 426, -687, 1111, 498, -828, 673, -276, 1087, -865, -57, -429, -246, 139, 24, -526, -472, 466, 87, 396, 320, -391, 112, -588, 51, -351, 185, 433, -278, 111, 580, -328, 452, -373, -232, 105, -309, -457, 1000, 48, 320, 699, -491, -736, -394, -246, -1238, 413, -453, -386, -340, -75, 691, -257, -768, 109, -470, 601, -518, -686, -187, -154, 349, -436, -27, 225, 157, -436, 121, 259, 210, 539, 225, -89, 642, 477, 722, -146, -503, -1206, -182, -225, 218]
[-1013, 83, 574, -338, -646, -773, 363, 751, -189, 816, -207, -652, 259, 841, -557, -251, 445, -275, 4, -465, -254, -887, 190, 225, -1062, -202, -133, -799, -1008, -627, -1078, -136, -206, 192, 12, -882, 915, -361, -89, 479, 59, -117, -77, 153, -310, 350, 400, -391, -133, -26, 341, -1432, -437, 92, -230, 466, -909, -150, 590, -169, -1029, -312, -1025, -876, 98, -1130, -156, -24, -67, 204, 302, 402, -369, -44, -458, 644, 467, -1209, -1241, 322, -644, -194, 698, 484, -909, 488, 552, -97, 312, -413, -1040, -305, 1009, -301, -836, -410, -342, -395, -478, 47]
[-598, 60, 175, 599, 81, -80, 96, 397, 336, -1008, 254, -851, -291, -638, -126, 341, 56, -505, 75, -387, -1657, -392, 216, 222, -1077, -391, -748, 328, -417, -548, -475, -131, -126, -594, 352, 282, 128, 120, 371, 767, 126, -93, 342, 687, 75, -63, 207, -1219, -336, 393, -54, -1279, -434, -475, -384, 120, 48, -436, 37, -538, 725, 698, 266, 665, 65, -418, 671, -162, 551, 159, 205, 372, -675, -142, -432, -619, -57, -1311, -330, -9, -754, 176, 199, -348, -356, 232, 678, 85, -553, 367, -732, -194, -292, -162, 628, 818, -261, -304, -648, 145]
[-19, -261, 348, -92, -773, -584, -448, -186, -462, -412, 1018, -48, -760, -236, -322, 822, -373, 818, 274, -97, -226, -131, -76, -31, -49, 212, 314, 348, -2, 222, -1372, 524, 77, -22, -613, -148, -144, -681, 285, -441, 331, 101, -53, 429, 401, -493, -960, 215, -652, 53, -410, 248, 628, -691, -163, -91, 704, -828, -808, 532, -48, 560, -26, 450, -194, 641, -261, 197, -451, -663, 199, -5, -435, 267, 428, -96, -1161, -272, -43, 276, 11, 569, -24, -131, 202, 175, 317, 188, -623, -331, 585, 762, -490, 0, 568, 131, -239, 179, -210, -574]
[-27, -155, 627, 751, -273, 417, -652, -859, 171, 108, 386, -300, 141, -19, -73, 880, -182, -559, -1185, 426, -231, 799, 618, -434, -229, 315, -732, -34, 464, 306, -423, -236, 719, -1297, 859, 83, -794, 577, 640, 466, -80, -375, 465, 412, 463, 626, 646, 10, -307, -51, 156, -331, 281, 484, 105, 314, 993, -555, 249, -546, 553, 1099, 763, 387, -295, 189, -208, -223, -54, 17, -658, 747, -580, 662, -395, -617, -94, 37, 377, -477, 453, -348, 129, -378, 131, 503, -103, -123, -679, 1079, -39, 703, -445, -86, 329, 200, -254, 689, 25, -229]
[-272, 895, -126, 329, 655, -436, -584, -531, -620, -213, -447, -319, -20, 1072, -679, 423, -264, 337, 972, -253, -300, 817, 530, 109, -1010, -645, 8, -369, 252, -412, 377, 96, 364, -223, 344, -799, 374, -135, 35, 818, 881, 148, -364, 21, 923, 130, -304, 409, 618, -670, 98, -448, 472, -228, 269, 273, 273, -100, 699, 287, 370, -187, -475, -948, -185, -616, 471, 37, 523, 183, 89, 404, 737, 269, 88, 643, -374, -171, -921, -439, 628, -654, 752, -508, 189, -131, 736, 147, -887, 500, -7, 562, -304, 598, 894, 569, 397, -332, 37, -25]
[1333, -109, 633, 728, 474, 323, 636, -58, 624, -1061, -80, -620, -216, -24, 1170, 617, 66, 408, -495, 363, 209, 258, -281, 156, 129, -215, -704, 494, 169, 577, 754, -783, -223, -40, 0, 824, -1003, 717, -119, 334, -753, 353, 38, -35, -295, -440, -258, -212, 182, 1011, 398, 698, 460, 572, 682, -537, 183, 205, -478, -747, -164, -138, 1070, -512, 780, -732, 14, -441, 250, -108, 516, -495, -305, -1036, 815, -609, 149, 125, 129, 254, 237, -160, -1954, 120, 369, 108, 300, 498, -29, 379, 207, -204, 169, 187, 252, -54, 194, -283, 99, 494]
[-921, 958, 92, -1068, -65, 319, 641, 911, -384, 143, 359, -122, 658, -473, 46, -66, 590, -540, 39, 368, -208, -301, -332, 407, -268, -335, -322, -12, -347, -425, -174, -835, -136, 336, 351, 448, 742, -434, 522, -904, 204, 397, -147, 612, -192, -211, 719, 58, 38, -1033, 411, 56, 214, -163, 191, 155, -683, 144, -466, -68, 258, 526, 344, 44, -945, -1060, 80, 346, 101, 58, -241, 246, 207, -71, 448, 307, -841, -320, 87, 346, 407, -196, 110, 368, 465, -69, -3, 83, -995, -304, 634, 305, 1007, -811, 493, -74, -321, 691, -57, 320]
[413, 401, -40, -868, -404, -237, 262, 116, -265, 59, 620, 96, 9, 772, -3, 365, 110, 260, 120, 522, -360, 136, 224, 350, 180, 27, 151, -353, -328, -478, -177, 110, 191, -398, 572, -88, 941, -358, 955, 927, 737, -171, -387, 39, -190, -491, -384, 6, -401, -654, 746, -154, -38, 51, -839, 600, -206, 93, 250, -1016, 422, 14, 276, -540, -431, -482, -550, 493, 371, 110, -148, 200, 88, 334, 1209, 0, -969, -538, -321, -745, 1044, -801, 63, -724, -296, -476, -132, -442, 254, 499, 75, 238, 308, 258, -302, 608, -395, -49, -274, 1268]
[562, 239, -80, -301, -659, -104, -162, 113, -565, -593, -942, -1622, -268, 883, -680, -892, -582, 285, 506, -34, -775, -582, -16, -545, 623, 26, 1595, -549, -290, -435, -251, 949, 43, -627, -225, -130, 335, 372, 539, 120, 589, 538, -218, 644, -818, -473, 124, 281, -402, -64, 311, -163, -1314, -320, -377, 190, -340, -114, 324, 275, -470, -420, 603, -196, -355, 28, 156, 182, -530, 924, 112, 291, 418, -731, 251, 1248, 779, -1137, 190, -398, -292, -224, -813, 448, -672, 313, 220, -772, 964, -685, -1082, 140, -249, -248, -122, 276, 721, -849, -595, 285]
[295, 1194, -528, 108, 1039, 400, 463, -802, 322, 593, -684, 58, 977, -619, 46, 166, 161, 44, -552, -36, -199, 240, 445, 399, -844, -686, -570, 894, 157, 644, -33, -180, 1206, -482, -117, 670, -196, -771, 715, 48, 627, 833, -17, -569, 1124, 621, -112, -935, 282, 70, -484, 44, 580, 295, 354, -687, -546, 973, 440, 208, 666, 503, 0, 72, -977, 1206, 867, -32, -59, -81, -745, 545, -390, 19, -412, -464, -247, -379, -817, 633, 206, 57, 127, -482, 90, -344, 346, 455, -374, -20, 120, -86, 64, -242, 1212, -194, -594, 306, -444, -197]
[-184, -635, -486, 189, -310, -232, 572, 637, -163, 858, -958, -620, 1075, -750, -246, 687, -500, 459, -480, 100, 237, -211, -749, -323, -915, 17, 371, -18, -415, 963, 786, -234, -247, -73, -323, 967, -238, 9, -1343, -506, -1126, 103, -144, 457, -529, 400, -141, -73, 78, 773, 240, 126, 423, 732, -166, 465, -271, 1061, -13, -19, -96, -352, 156, -1060, -152, -48, -264, -503, -964, 344, -176, -680, 1357, -318, 365, -13, 942, -762, 110, 933, -466, 612, -367, -52, -391, 553, -774, -812, 357, 49, 195, -432, 156, 515, -743, -693, 166, -186, -67, 524]
[347, -706, -601, 321, 16, -82, 362, 206, 476, -571, -620, 354, -165, 38, 149, 645, -1031, 1072, 167, 156, 206, 715, -591, -138, 243, 1213, 1166, 260, -418, 664, 54, 203, 812, -272, 611, -279, -5, 705, 178, 230, -440, 174, -138, 18, -426, -3, -1375, 224, -627, -435, -385, 448, 113, -172, 305, 565, 1221, 457, 454, -106, -1049, -177, -6, -576, -164, -959, 652, 114, -370, 633, 138, -565, 605, -485, 481, 455, -72, -32, 392, -412, 1653, 401, -436, 286, 419, 125, -465, -162, -499, 381, 1004, 352, -488, 362, -531, 457, 511, -199, 389, -218]
[-2, -1027, 486, 369, -1067, -72, -449, -475, 378, 645, -827, -309, 548, 140, -863, -357, 82, -643, -223, 52, -89, -434, -69, -717, -377, -240, 809, -32, -251, -459, -700, 810, -802, -349, -346, 580, -636, -283, -688, -151, 168, 44, -367, -388, -471, 1259, 282, -150, 288, 386, -416, -648, -365, -15, 269, -818, 874, -466, 152, -276, 690, -398, 282, 426, 508, 601, 66, 315, -38, 458, 29, 64, -460, -143, -757, -364, 183, 667, 86, -1254, 25, -272, 137, -231, -179, -245, -592, 404, 1174, -156, -1822, -838, 363, 184, -458, 229, 614, -9, -930, -955]
[938, 830, -1084, 157, 161, 103, -110, -701, 187, 134, -312, 31, -7, -572, 405, 133, -167, -133, -318, 96, -636, 302, 500, -142, 372, -230, 446, -372, 515, 464, 1077, -263, 729, -901, 76, 195, -739, 600, 1132, 797, -83, 267, -58, 44, -483, 670, 758, 294, 745, 89, 727, 560, 855, -66, -98, -617, -295, 513, 375, 511, 1258, -522, 1035, 182, -206, 356, 688, 471, 473, -430, -607, 213, -64, 327, -32, -6, 335, 180, -575, -282, -27, -612, 209, -608, 1607, -255, 547, 434, 291, 863, -95, -348, 37, 373, -376, 91, 107, -319, 18, 299]
[6, 947, -661, 509, -84, 31, -1183, -295, -127, -155, 293, 776, 819, -681, 522, 470, 419, 159, -338, -37, 74, 171, -124, 464, 29, 637, -182, 153, 670, -560, -306, 539, 24, 295, 201, 90, 123, -258, -1281, -316, 423, 281, 493, -661, 686, 275, -970, -683, 832, -772, 180, 613, 19, -456, -41, -712, -692, 815, -686, 643, 985, 425, 563, 293, 487, 357, 242, -69, -189, 166, 357, -971, -462, 61, -693, 586, -757, 279, 737, -56, -308, 968, 847, 346, 339, -998, -239, 1115, -43, -686, -320, 1050, 284, -63, 257, -116, -819, 317, 598, -643]
[-72, 279, -206, -1068, 662, 1083, 399, -217, -396, -379, 259, -866, -127, 116, 272, -917, -727, 1084, 352, -513, -571, 517, 514, 1040, -339, -55, -557, 390, -487, 333, -480, -297, 218, -807, 184, 230, -127, 249, 1586, -276, 689, 111, 553, 313, -180, -722, 199, -452, -604, -635, 841, -283, 787, -400, -147, 628, 52, -81, -202, 921, -721, 172, -365, -1117, -1026, 572, 242, -145, -539, 446, 383, -406, 588, -583, 592, 41, 967, -695, -1287, -50, 78, -472, -361, 178, 19, -4, 541, -564, -220, -463, 719, 872, 540, -48, -266, -489, -249, 302, -863, 241]
[-23, 209, 780, 913, 0, -567, -893, -384, -10, -265, 266, 219, -311, -55, 492, -378, -16, 603, -589, 502, 279, 987, -428, -396, -360, 748, -115, 255, -519, 305, 194, -516, -404, 503, 110, -116, -532, 295, 202, -285, -321, -868, -130, -243, 365, 449, 623, 723, -144, -22, -955, 484, 382, -117, -1082, 764, 1302, -831, -153, 495, -43, 317, -70, -135, 188, 473, -52, 686, -144, 335, 552, -137, 163, -187, 0, -43, 145, 292, -337, -308, 1, -303, -221, 317, 9, 1578, 294, 104, 226, -559, -394, -172, 166, 684, -314, -34, 132, -515, -967, -630]
[-934, 181, -167, 303, 108, 232, 432, 468, 26, 156, 78, -332, -477, -367, -377, -31, -404, 592, -741, 875, -382, 48, -628, -682, -279, -492, -200, -24, 386, -476, 409, 186, -320, 601, -290, -909, 915, -83, 23, -261, -484, -17, -19, 75, 107, 614, 267, -266, 671, -162, -209, 511, -773, -439, 69, 311, -349, 726, -138, -886, 421, -129, 989, 484, -166, -186, 752, 72, -114, 53, -41, 246, 368, -698, -65, 1269, 282, -584, -15, 327, 600, 5, -434, 593, 657, 455, 234, 271, -436, -969, 122, -166, -72, -643, 1627, -430, 362, 174, -314, 760]
[-6, -164, 1079, -285, -480, -172, -784, -146, 1077, -441, -925, 47, -689, -41, -630, -157, -571, -161, 315, 644, -18, 759, 271, 352, -63, -707, 116, 806, 779, 662, -166, 212, 325, 361, -426, -473, -122, -17, -681, -114, -140, 304, 1427, 469, -288, -162, -488, 101, 150, 486, 496, -166, 195, 934, 604, -732, 726, -474, -770, -448, 761, 121, 687, 487, 415, 947, -935, -199, -359, -572, 368, 105, -239, -26, 163, -469, -61, 351, -1373, -232, -43, -127, -228, 535, -378, -25, -380, 79, 16, -76, 44, -445, -346, -849, 417, -811, 376, -902, -364, 202]
[-869, 497, -68, -309, -139, -373, 121, 6, -86, -19, -31, 84, 605, 603, -1037, -419, 691, -358, 965, -442, 832, 546, 249, -94, -304, -613, -170, -22, 161, -97, -807, 481, -261, 481, -395, 646, -274, -1408, -518, 328, -124, 270, -692, 71, 30, 311, -567, 297, 354, 355, -277, 384, 207, 540, -8, -51, 964, -44, 489, 231, 529, 482, 437, 617, 458, 269, -495, -854, 479, -369, 134, 153, -9, 270, -523, 165, -178, 774, 166, -400, -660, -38, 850, -329, 228, -212, -175, -50, -182, 644, -582, -369, -89, 304, -499, -479, -163, 188, -376, -40]
[-612, 82, -359, -636, 1152, 86, 590, -610, -18, -1096, -162, -461, -131, 469, 759, -8, -1339, 313, 539, 247, -546, 204, -424, 847, 11, -379, 324, 481, 819, 5, 395, 225, -348, 132, -569, -374, 697, -79, -60, 93, -306, 819, -336, -127, 254, -570, -778, -777, 518, 386, -91, 35, 127, -260, 469, -413, 173, 256, -319, 179, -801, -456, -30, 541, 949, -612, 645, 276, 47, 501, 543, -9, -356, -826, 165, 1063, 390, -550, -643, 296, 985, 503, 214, -295, 689, 283, -414, 626, 61, -591, 327, 344, -192, 262, 609, -658, -666, -170, 1111, 178]
[116, 66, 166, -331, -378, -129, -742, 55, 499, -450, -853, 744, -377, -144, -361, -210, -853, -279, 108, 194, -214, 381, -33, 547, 706, 264, -110, 874, 536, -86, 809, -52, -687, 208, -527, -363, 145, -306, -203, 399, 497, -577, -321, -245, -178, -294, -753, 46, 502, 209, 391, -358, 163, 206, 661, 764, 172, -194, 1146, -708, -526, -441, 260, -728, 940, 24, -314, 414, 620, 65, 1194, 479, -310, 1464, -1, 272, 352, -446, 103, -575, 646, -37, 321, -121, 269, -974, -244, 407, -625, 612, -99, 410, 373, 702, 619, 756, 38, -1475, 1122, -883]
[-590, -848, 823, -597, 204, 370, 568, 118, -430, -560, 58, 284, 447, 90, 320, -910, -179, 335, 1, 733, 28, 343, 68, -12, 132, -7, 12, -674, -835, 482, -811, 195, -203, -66, 559, -18, -502, 427, -957, -139, -698, 423, 432, -5, -805, 861, -346, -58, -391, 170, -23, -354, 19, 163, -110, -411, 613, -263, 166, -511, 173, 305, -105, 541, -496, -418, -765, -59, -603, 227, -97, 30, 354, -1062, 253, 330, 736, 179, 691, -832, 50, -328, -634, -131, -1535, 742, -913, -456, 854, -19, 95, -321, -697, 401, 55, 238, 406, -346, -628, -560]
[-563, -470, 867, 583, 83, -350, 550, -130, 342, 333, 8, -623, 796, 441, -329, -93, -20, 195, 367, 57, -1030, 242, 136, 703, -18, -193, 72, 131, -480, -209, -189, -417, -84, -88, 306, 622, -415, -317, -223, 938, -99, 114, -539, -511, -1110, -323, 792, -550, 230, 1111, 714, -76, -261, 1171, -257, 829, 610, -597, -361, -1394, 109, -740, -505, 49, 21, -941, 301, -30, 45, 138, -165, -448, 388, -424, 1074, -957, -4, -549, -220, 633, 477, -276, -44, -847, -500, 585, -173, -819, 960, 315, -1131, -479, -268, 664, -57, -479, -506, -987, 169, 874]
[-973, -702, -402, 210, -40, -119, -539, 121, -283, -247, 234, 496, 252, 106, -425, 409, -947, 300, 1005, 182, -561, 873, 193, 2, -351, -379, -82, 20, 248, 80, 99, -39, -168, -26, -537, -745, -336, 75, -504, -721, 229, -881, 162, -406, 392, -157, -749, -395, 402, 720, -585, -252, -488, -244, -145, -508, 619, 185, -148, 266, 337, 264, -325, -348, 1072, 420, -543, 308, 369, -576, 710, -379, -83, -27, 576, -195, 284, -216, 458, -675, -744, 324, 247, 34, -826, 332, -300, 178, 611, 361, -438, -425, -295, 1043, -805, 532, -141, -1293, -476, -263]
[44, 291, -618, 997, 48, -590, -1018, -1014, 881, -95, -660, -350, 263, 25, 269, -27, 302, -144, 376, 178, -87, 64, -192, -913, 498, -42, 10, 140, 13, 599, 107, 1200, -1025, 88, 61, -35, 154, 357, 93, -16, -1193, -957, 334, 273, -522, 534, 1014, -64, 630, 1293, 617, 642, -356, 940, -82, -500, 545, -120, 468, -609, 316, 251, 741, 597, 73, 525, -364, 312, 353, 430, -234, 653, 88, -631, 73, 95, 86, 89, -255, 344, 491, 95, 33, -275, -397, 529, -372, -239, 383, 476, -854, -357, -702, 352, -482, -120, 199, -63, -49, 263]
[318, -332, -159, -606, -68, -470, 578, 713, 436, 206, -558, -1019, 585, 268, -424, -552, -306, 227, 206, 173, -1033, -863, -555, 234, -260, -505, 333, -1114, 55, -10, 720, -145, 319, 307, 532, 202, -946, 303, 242, -77, 376, -15, -79, 352, -1530, 85, 269, -713, 604, 1060, 866, -206, 611, 47, -137, -336, 45, 366, -48, -498, 202, -482, 268, -157, -274, -329, 415, 308, -578, -593, 478, 115, 582, -292, 286, -663, 387, -265, -29, 266, -59, 114, -56, 900, 244, 670, 305, -369, 242, 81, -128, -936, 650, -311, 303, 473, 158, -349, 71, -322]
[389, -534, -1, 777, -235, 524, -242, -484, -173, -61, -336, -647, 930, -383, -1115, 621, 398, -707, -256, 75, 579, -592, -557, 95, -512, 108, -718, 209, -562, -151, 287, -438, -142, -1006, 913, 636, 227, 103, 936, -288, -789, -430, -418, 175, -503, 804, 594, 469, 623, 148, 581, 47, 355, 335, -48, 389, 737, -780, -261, 94, -407, 761, -186, 427, -181, 54, -91, -821, 319, -480, -566, 751, 95, 969, 24, -548, 504, -386, 942, -288, 282, 14, -108, -613, -121, -190, -236, -779, -427, 981, 190, -1047, 540, 854, -1335, -515, 230, -142, -1, -242]
[605, -656, 336, -706, 21, 942, 175, 146, 224, 823, 68, 356, 114, 820, 619, -25, -452, 455, -458, -235, 641, 895, -23, 1086, -148, 317, 847, -415, 530, 209, 1047, -487, 59, 247, -113, 67, 174, 721, -319, -8, 395, 350, -27, -265, 185, -781, 349, 342, 34, 597, 283, -332, 13, 147, 333, 794, -601, -163, 68, 64, -1079, -402, -630, -1015, -119, -785, 408, 489, -208, 658, -200, -703, 420, -230, 422, -618, 734, 300, -727, -671, 527, -585, 261, -151, -56, -263, -434, -439, 454, 1262, 292, -1, 281, -411, -393, -474, 289, 329, 1014, 905]
[-961, -427, 145, -702, 81, 750, 124, -200, -65, -397, -355, -358, 174, 591, 83, -268, -253, 148, 1247, -364, -297, 214, -640, 1027, 214, 717, 420, -139, 506, 699, -179, -193, -852, -249, 181, 221, 95, -334, -163, 422, 176, 617, 182, 771, -852, -90, 627, -507, 200, 373, 421, 194, -11, 124, -947, 808, -8, -441, 467, -335, -881, 81, -481, -1018, -85, -371, -779, -554, -451, 931, 723, 30, 849, 61, 407, 5, 1239, -646, -269, -558, 69, -481, 1145, 128, 90, -501, -720, -404, -401, 778, -1146, 193, 399, 229, -982, -196, -115, -536, -262, -521]
[150, 569, 160, 128, 799, -22, -824, 145, -837, -159, -91, 239, 269, -622, 3, 1009, 264, 798, 141, 241, -1186, 612, 427, -601, -605, 377, -800, 51, -97, -204, -202, -371, 465, -1281, 1399, -359, -262, 384, -79, 37, -285, 117, -115, 296, 968, -605, -644, 298, 590, -201, 503, -409, 530, 476, -613, -47, 210, 241, -80, 924, 910, 522, -41, -849, -588, -267, -358, -720, -694, -58, 611, -535, 482, 13, 571, 603, -102, -121, -759, 1139, 221, 732, -172, 170, -179, 337, 283, -9, -620, -732, 303, 912, -66, 174, 274, 31, -86, -138, 25, -137]
[171, 487, -282, 389, -71, 490, 138, 519, 141, 85, -6, 1189, 20, -306, 653, -323, -955, 359, 679, 590, -174, 813, -99, -59, 151, -291, -651, 535, -23, 477, -81, -115, -447, -565, -164, -706, 308, 448, -352, 4, 303, -102, 22, -229, 430, 43, -644, -208, -1222, -520, -730, -88, 135, -476, 512, -251, -664, 64, 216, -1036, -235, -242, -305, -1150, 968, -150, -432, 597, -106, -498, 435, -558, -259, -148, 21, 477, 426, -207, 68, -79, 230, 532, 156, 340, -508, -1211, 243, 835, 103, -289, -229, 414, 297, -215, 15, 803, -205, -618, 339, -377]
[-441, -539, -663, -155, 542, 24, 30, -204, -137, -459, 133, -380, 169, 68, -1154, -266, -360, -270, 731, 741, 163, -117, -768, 521, -276, -241, 476, 72, -261, -169, -252, -604, 303, -523, 408, 219, 242, 871, -134, 177, 38, -509, -10, -13, 651, 412, -373, 70, 836, 43, -31, 669, 322, -817, 99, 118, 628, -644, 710, 105, -288, 180, -118, 163, 873, -532, 546, 199, 391, 521, 434, -103, 365, -499, -466, 570, 463, 215, 74, -1384, -679, -691, 682, 461, 402, 1027, -623, -192, 33, 75, 415, -526, 550, 916, -643, 220, 18, 101, 650, 230]
[331, 269, -653, 260, -1, 17, 400, 9, -627, -11, -44, 655, -431, 420, -225, 312, -15, -568, 556, 304, -241, 14, -300, 885, -543, -750, 587, 582, -1058, -191, -502, -680, 554, -566, 128, -526, 882, 153, -216, 241, -205, -86, -384, 313, -181, -158, -736, 330, -479, -238, -913, -380, 170, -848, 881, 294, -531, 149, 378, -94, 66, 563, 523, -249, 814, -809, 602, 1039, 789, -61, -237, -114, -812, 20, 89, 295, -1550, -175, -697, -230, -412, -168, -647, 132, -441, 115, 449, 776, -232, -941, 21, -426, 366, 163, -241, 15, -779, 1131, 29, 289]
[132, -891, 440, -356, 920, -62, 91, -376, -627, -643, 61, -13, 392, 760, 683, -550, 312, -769, 353, -899, 378, -333, -184, -243, -80, 336, -707, -933, 522, -499, 692, -685, -646, -54, -238, 373, 174, 565, -541, 103, -311, 183, -473, -1156, 300, -534, 331, -722, 725, 460, -356, 153, -970, -283, -409, -211, -40, -541, 729, 440, 56, -265, -657, 70, 923, -456, 225, -687, 1158, -184, 164, -444, -186, 231, -978, -449, -149, 187, 1313, -328, -113, -710, 280, -404, 571, -514, 306, -5, 213, 740, 197, -312, -38, 989, 222, 215, 661, -343, 39, 584]
[96, -128, -431, 459, 819, 567, -240, -175, -3, -214, 715, 348, 173, -288, -56, 565, 320, 280, -14, 629, -27, -956, 349, 56, 74, 360, 254, 343, -340, 921, -326, -265, 367, -442, 428, 922, -138, -76, 438, -301, -567, 305, 273, -216, 148, 627, -152, -936, -17, -189, 270, 776, 476, -770, 174, -1149, 88, 286, -736, 580, -209, 733, 378, 123, -376, 711, 600, 142, -771, 527, 50, -170, 502, -622, -296, -43, -160, 1058, 896, 446, 375, 866, -629, 264, 233, 476, 223, 5, 26, -429, 615, 484, -122, -177, 29, -187, -785, 254, 794, -1192]
[972, -382, -550, -120, -429, -278, -500, -356, 256, -161, 34, 122, 117, 666, 173, -571, 368, -907, 134, -348, 442, 473, -654, 1084, -54, -637, 453, 540, -787, -358, -850, 654, -169, -429, 45, 172, 381, -170, -196, -584, -207, 308, -352, -586, -9, 770, -54, 149, -364, 51, -1102, -1046, 435, 380, 307, -202, -362, 576, -223, -214, -606, -86, -298, 557, 644, 679, -222, 345, 410, -796, -457, 95, -645, 81, -42, -847, -667, -71, -525, 842, -493, 559, 632, 360, -173, -317, -420, 1005, 335, -362, 170, -278, 955, 659, 136, 127, -1585, 1339, -123, -301]
[-677, -983, 1357, -862, 1317, 642, 587, 291, 646, 520, 265, -361, 9, 92, 391, -17, 589, -547, 332, 505, 13, 856, 8, -802, -422, -562, -1150, -821, 237, -534, 563, -471, -257, 387, 161, 171, 308, 147, 309, 22, 183, -164, -252, 180, 1159, -726, 756, -221, 303, 476, -142, -536, 48, -529, 426, -770, -451, 624, 129, -307, 1313, -215, 376, 40, 1322, -584, -317, -307, 610, 397, 716, 867, -570, 335, -355, 558, -741, 806, -77, -237, 607, 460, -313, -87, 302, 467, 416, -22, -116, -627, 295, -78, -224, -72, 1970, 609, -507, 627, 534, 6]
[364, -126, 375, -658, -981, 381, -133, 557, -516, 1063, -139, 968, -295, 584, -292, 29, 266, 182, -98, -441, 44, -198, 1107, -204, 503, 426, 598, -135, 130, 239, -374, 244, 323, 156, 283, -463, 235, -256, 429, -791, 796, -273, -175, 415, -74, -762, -270, 760, -818, 151, -179, -553, 322, -118, -240, 214, -1129, 102, 561, 893, -440, -299, 16, -403, -686, 1000, -595, 888, 222, -806, 230, -178, -258, 821, -201, 266, -543, -388, -1093, 176, 19, -198, 185, -263, -445, -515, 159, -49, -6, -490, 481, 503, 467, -806, -113, -137, -249, 1431, 171, -167]
[316, -94, 125, 87, -344, 110, 814, -565, 257, -541, 65, 937, -482, 128, 657, 195, -319, -298, -545, 19, -234, 215, 431, 745, -233, -251, -5, -39, 710, 376, 24, -652, -272, -194, -80, -475, -506, -131, 195, -153, 378, 816, 236, -235, -313, 693, -217, -1076, -220, -44, -348, 336, 172, 210, -3, -866, -240, -467, -430, -238, -560, 548, 53, -144, 27, -426, 41, 168, -236, -259, -451, 28, -903, 533, -198, -972, -57, -67, 920, -33, 509, 331, -260, 3, 325, -454, -222, 987, -259, 403, 274, 427, -543, -760, -59, -21, -332, 329, 859, -816]
[-130, 23, -207, 614, -373, 1011, -563, -741, 147, 340, 459, 20, -721, -934, 176, 485, -289, 204, 54, 107, -506, 934, 507, 349, 360, -99, 643, -70, 155, 282, 89, -1477, -118, 84, 388, 273, -326, -598, 576, -637, -798, -41, 428, -25, 15, -103, 866, -583, 227, -399, -61, 264, 818, 906, -1004, -205, 218, 106, -651, 1075, 771, 518, -581, 472, -20, 1050, -506, 978, 228, -54, 176, -37, 811, 1277, 131, 488, -160, -343, -117, 505, 106, -59, 375, -303, 400, 241, 341, -412, -1051, 585, 114, 257, 242, 388, -74, -496, -837, -99, 650, -858]
[773, 337, 181, -460, -167, -940, -439, -274, 1044, -801, -432, -221, -251, 935, -229, -437, -480, -215, 431, 811, 1100, 1038, -522, 418, 3, 533, 106, -15, 277, -469, 258, 159, 322, 969, 19, -651, 411, 651, 725, -73, -510, -593, -91, -12, -69, -397, 575, 199, 414, 787, 210, -42, 365, 1055, -317, 1145, 452, 382, 261, 354, -946, 459, 194, -671, 578, -1072, -382, 678, 783, 94, -1122, -44, 688, 214, 8, -483, -175, 275, -678, 400, 57, -972, -490, 319, -152, 373, -876, -397, -259, 596, -118, -510, 385, 480, -551, -877, 303, 577, 144, 100]
