[-183, -149, 226, 734, 53, 482, -62, -113, -343, -284, -718, -20, 536, -421, 335, -158, -82, -439, 82, -230, 170, -577, 387, 145, 81, 225, -30, -130, -389, -658, -190, -477, -348, -352, -781, -688, 7, 164, 789, 152, 614, 302, 300, -318, 738, 92, -229, 448, -184, 496, 274, -222, -836, 186, 180, -85, 207, -251, 418, 122, -224, 158, -23, -154, 9, -60, -390, -580, 125, 106, -495, 166, -36, 5, -133, -16, -90, -475, -66, 323, -238, 150, -241, 535, -117, -88, 8, -37, 85, 225, -46, -175, -26, -196, 326, -121, -24, -540, -278, -98]
[332, 169, -455, -533, -673, 81, -336, -100, -561, 75, 851, 95, 181, 375, -106, 790, -107, 582, -319, 507, -137, 788, -119, 733, -32, -162, -227, -332, -360, 246, -52, -111, -427, -6, 476, 297, -56, -24, -306, 184, -777, 584, -472, 138, -349, 220, -293, -37, -2, -10, -16, 191, 485, 402, -103, -458, -67, 28, 158, 288, 35, 89, 349, 61, 107, -246, 848, -330, -162, -284, -147, -279, 407, -90, -378, -192, 381, -552, 126, -229, 748, -402, 577, 88, 221, 307, 28, -158, -260, 93, -190, 617, 213, -473, -270, 125, -263, 120, -168, -295]
[-456, -317, -196, -540, 226, -427, -80, -134, 26, -223, 149, -182, 430, 311, 158, 184, 395, 292, -676, 145, -35, -267, 379, 60, 225, 227, 224, -344, 255, -77, -141, 474, -900, -640, -113, 396, -279, -546, -400, -283, -351, 411, 719, 352, -244, -53, -410, -371, -316, 123, 230, 503, 379, 87, -250, 231, -68, -330, -23, 15, 540, -14, 199, -268, -248, -488, 46, 195, -377, 5, 583, 117, -10, 223, 361, -111, 215, -638, -520, 454, 572, -323, 309, 181, 286, 597, 365, -546, 176, -29, -109, 485, 100, 65, 52, 421, -144, -90, -78, -427]
[55, -646, -245, 329, 181, -181, 192, 300, -604, -127, -421, -181, 835, -923, -347, 399, -212, 103, 575, 324, 377, -541, -158, 281, 144, -238, -164, -127, -54, -254, -8, 11, 454, -60, -608, 163, -195, 263, 520, -306, 705, -242, 5, -12, 90, -73, 259, 725, -335, 16, 566, -147, -245, 20, -614, 96, 101, -182, -330, -157, -41, -489, 17, 92, -48, -280, -244, 454, 489, 357, 34, 445, 190, 302, -406, -128, 124, -54, -250, 602, -161, -13, -6, 298, 92, 437, 17, -75, -86, -351, -96, -771, -629, -118, -298, -246, 260, -515, 670, -858]
[-316, 267, 489, 261, 807, 499, -16, -798, 72, -524, -134, 254, 208, 155, 176, -364, -211, -262, -684, -157, -38, -410, 321, -98, -105, 72, 402, -273, 181, -567, 156, 446, -590, -419, -796, -307, -217, -205, -68, 43, 243, -48, 868, -46, -254, 308, -345, -198, -196, 156, 613, -270, -143, 30, 435, 438, 118, -287, 552, 168, -12, 217, 291, -25, -55, -36, 2, -433, -223, -497, 234, 127, -638, -50, 204, -283, 547, 260, 67, 354, -130, 234, 256, 658, -182, -595, -818, -589, 405, 226, -536, 378, 675, -437, -40, -656, 14, 525, 59, -417]
[583, 57, -76, -612, -283, 340, -201, -598, 515, -421, 567, -11, -29, 40, -46, 239, -190, 395, -828, 515, 80, 39, 263, 728, 236, -48, 237, -123, -418, -127, 270, 69, -447, -267, 375, 6, 289, -595, -382, -39, -148, -31, 477, -65, -106, 645, 186, -85, 95, -376, 322, -344, 413, 551, 304, -272, 92, 38, 1104, -126, 286, 817, -179, 69, -66, -74, 357, -1173, 57, 752, -6, 123, 94, -75, 70, -129, 246, -464, 475, -295, 134, -555, 324, 71, 455, -4, -436, -168, 159, -201, -104, 359, 335, 176, 564, 367, 475, 132, -711, 89]
[-733, -329, 372, 328, -58, -345, -340, 342, 687, -99, -577, -373, 649, -330, 574, -223, 283, -952, 311, -235, 132, -51, -104, -599, -452, 68, 463, -149, 193, -57, -149, 127, -1108, 134, -264, 65, 208, 48, -297, 181, -576, 366, 447, 664, 104, -853, -480, -10, -164, 430, -897, 740, -430, -349, -200, -11, 120, 211, -915, -179, 119, -71, -84, -202, -489, 392, -352, 514, 120, 10, -76, -388, -314, 259, 474, -333, -2, -284, -825, 15, 333, 192, -255, -533, 117, -151, 905, -266, -62, 383, 435, 736, -410, 851, -138, 425, -279, 186, -231, 683]
[-24, 284, -215, -411, 105, -4, 817, 4, -375, 644, 206, -15, -470, 40, 104, -159, -236, 62, -29, -15, 47, 646, 148, -339, -425, 221, -697, 406, -487, -163, 95, -20, 734, 462, 610, -122, 203, 308, -829, 652, -395, -381, -686, -17, 314, 217, -125, 320, -134, 387, -386, 445, 127, 219, 116, -110, 539, 684, -199, 481, -497, -78, 272, 292, 279, -264, 112, 299, -306, -657, -563, -805, -471, -233, -427, -121, -199, 435, 38, -78, 370, -160, -435, -769, 447, -460, -107, -70, 155, 427, 162, 71, 386, -632, 112, -34, -360, 109, 4, 950]
[202, 331, -306, -240, -619, -593, -415, -414, -700, 569, -661, 225, 69, 707, 277, 161, 111, -329, 106, 76, -127, -189, 148, -125, -415, -99, -596, 289, -533, 381, -377, 341, 474, 11, 165, -20, 45, 181, 268, 31, 58, 302, -328, -80, 581, 63, 196, 444, -745, 384, -560, 488, -379, -361, -134, -158, 255, -182, -327, -59, -12, -565, 673, 443, 224, -632, -740, 636, 509, -296, -147, 5, 544, 199, -632, -245, 34, 161, -814, -419, 502, -141, -37, -89, -19, 445, 157, 244, -416, -94, 259, 53, -391, -453, -141, -533, -305, -252, 323, -75]
[-182, 688, -148, 211, 258, -318, -178, -913, -229, 219, -1192, 952, 216, 194, 638, -370, -47, -415, -300, -622, -35, -608, 412, -368, -546, 799, -1262, -340, -161, -283, -250, -71, 79, 98, -817, -170, 185, 347, 99, -181, -53, -480, -266, -126, 794, 442, 155, 419, -317, 863, 2, 257, -50, -173, 31, -17, -138, -472, -270, -67, 188, -725, 20, 516, 97, -337, -383, 132, -29, -506, -511, 59, -459, 292, -440, 59, 0, 527, -372, -56, -69, 744, -766, 74, 356, -120, -45, 103, 222, 577, -49, -257, 506, -230, 319, -299, -235, 286, 560, -169]
[35, -32, 112, 125, 649, -264, 312, -46, 237, -372, -634, 195, 1205, -1376, 7, -224, -524, -107, -25, 9, 530, -156, 670, 548, -44, 305, -263, -413, 762, -693, 226, -139, -189, 274, -278, 397, 151, 57, -22, -521, 267, -104, 325, -60, -261, -319, -496, 58, 68, 138, 463, 201, 371, 705, -526, -109, 13, 525, -316, -32, 344, 403, -539, -26, -887, -203, 592, -182, 10, 539, 343, 75, -260, -116, 329, -396, 69, -181, -1119, 602, -269, 466, -904, -359, 875, 75, 1042, -59, -71, -198, 320, -355, 50, 694, 100, 812, 708, -361, 59, -164]
[330, 377, -158, 563, 236, -261, -53, -477, -331, -36, -157, 88, -435, 21, -366, -250, 146, -282, 26, -1038, -70, -363, -352, -645, 417, -348, -197, 417, 419, 24, -332, -347, 145, -42, -115, 587, -306, -71, 304, -957, 50, 251, -159, 421, -389, -594, -87, -349, 676, 2, -303, 379, 251, -447, -467, -23, -471, -123, -820, 74, 719, -108, 171, -142, -457, 861, 498, 586, 89, -346, 305, 139, 322, 594, 511, 286, -250, 504, -112, -518, -426, 611, -174, -398, 2, -91, 494, 249, -703, -121, 787, -282, 211, 221, -333, 604, 85, 167, 260, -359]
[414, -768, 141, -423, 364, -139, -485, -651, 134, -238, -483, -298, 68, -679, 463, 283, 86, -174, -595, 457, 488, -338, 4, -530, -224, -206, 351, 182, -932, -408, 167, 159, -444, -432, -345, 161, 789, -383, -869, -130, -14, -560, 351, 333, 415, 71, 242, 873, -1022, -154, -134, 143, -332, 347, -401, -398, 584, -757, 400, 570, 369, 447, 566, 262, -267, -566, 54, -446, 328, 51, -482, -231, 192, 235, 72, -842, 717, 17, 113, 38, 586, 396, 106, 41, 505, 361, -568, -585, 167, -258, 153, -282, 51, 311, 143, 42, -75, 509, -190, 110]
[294, -845, 299, -46, 333, -311, -319, 411, 176, -673, -558, 256, 305, 40, -509, 93, -670, 292, 726, 431, -131, -259, -565, 292, 468, 139, -559, -567, 98, 107, -597, -30, -205, -486, -576, 45, 377, 332, 49, -4, 422, 161, 72, -107, -389, 119, 472, 277, -22, -398, 695, -527, 216, 149, -114, 291, -520, -1009, -76, -146, 97, -244, -336, 50, 438, -183, 459, -526, -106, -255, 126, 290, -28, -132, -75, -168, -276, -614, 262, 763, -698, 530, 344, 660, -579, 218, 26, 41, 902, -208, -118, -397, 10, 194, -415, -605, -383, -246, 384, -1129]
[224, -357, 109, 134, 329, -101, 313, 706, 82, -435, 1113, 153, 494, 438, -508, -264, -313, 108, 376, 12, -324, 455, -739, -9, 189, -611, 804, -246, 779, -49, -16, 838, 61, -501, 499, -327, -537, -167, -83, 214, -410, -679, -3, -590, -1243, 360, -23, -518, 556, -202, -76, -435, 481, 65, -70, 559, 108, 138, -515, -247, -218, 301, -475, -97, 30, 424, 594, -161, -336, -864, 627, 142, -413, -390, 209, 72, -316, 26, -265, 208, -437, -190, 548, -23, 45, -495, -451, -94, 86, 267, 281, 143, 0, 7, -307, -265, -304, 208, 364, -641]
[79, -235, 72, 454, 276, -108, 41, 586, -77, -7, 14, 129, 91, 217, -291, -512, -74, -293, 853, 1028, 415, 786, -1344, -220, -585, -459, -225, 386, 333, -308, -342, 464, 961, 478, 414, -490, -292, 433, -398, 573, 243, -245, 153, -552, -645, -54, 56, 308, -16, 5, -550, -229, 39, -81, -198, 524, 78, 725, -676, -663, -762, -587, 572, 464, 303, 568, -945, 725, 317, -569, 242, -197, -375, -285, -533, -341, -252, 568, -127, 4, -231, -24, 192, -328, -31, -741, -206, -614, -260, 470, 180, 157, -393, -133, -299, -700, -527, -117, 480, 96]
[44, 498, -365, 253, -490, -455, 34, -570, -481, -173, -274, -228, -158, 24, -882, -178, -367, -110, 278, -525, -448, -739, 407, 140, 51, 211, -787, -30, 127, 551, -298, 11, 347, 334, -587, 335, -351, -157, 316, -284, 174, -65, -317, 261, -49, -144, 641, 317, 50, 241, -134, -114, 174, -574, 233, 763, -619, 20, -241, -530, -178, -349, -78, 667, 231, -366, 100, 530, 586, 364, 277, 311, 233, 332, 417, 619, 179, -88, 319, 251, -289, -469, -171, -782, -209, -352, 579, 337, 295, -603, 294, -383, 89, -58, -426, -271, 581, -429, 297, -936]
[865, 158, -10, -241, -73, 231, -637, -347, -23, -199, -660, 532, 294, 1010, 330, 100, -804, -191, 170, 958, 201, 670, -610, 86, -684, 180, -120, -730, 393, -568, -116, 793, 457, -533, 476, -9, 348, 192, -620, 303, -244, 55, -462, -420, -654, 165, -442, 23, 167, -4, -112, 595, 273, 241, -318, -335, 609, -232, -658, -241, -161, -565, 440, 569, -294, -181, 228, -248, -8, -957, 53, -150, -277, -58, -798, -622, 252, 331, -113, 208, 215, 550, 762, 860, 187, -4, -428, -1, -384, 203, 239, -173, -87, -722, -212, -666, -450, 490, 559, -405]
[-399, -96, 49, 647, 240, 775, 384, 35, -466, -384, 501, -423, 192, -790, -44, 442, 412, -26, -516, -630, 80, -335, 379, -41, -184, 228, 347, 370, -766, -731, -10, -881, -731, 532, -677, -178, -453, -401, 290, 417, 207, -313, -51, 455, 46, -493, 57, 583, -145, 230, 493, -582, -768, -74, 417, -258, -362, 340, 416, 585, -436, 448, 573, -81, 146, 761, -206, -126, 462, 136, -459, -551, 14, 258, -431, -267, 324, -291, 674, -13, -34, -601, -23, -854, -353, -788, -320, -396, -9, 628, -749, 373, -384, 55, -118, -827, 135, 278, -302, 285]
[415, -652, -53, 356, -181, -40, 482, 243, 493, 243, -344, -216, 457, -1264, -105, -7, -11, 416, 576, 114, 1129, 213, 195, 311, -499, 119, 51, 66, -138, -467, 710, -1021, 592, 418, -71, 373, 106, 204, -674, -509, 111, -1016, -268, -323, 319, -195, 484, 551, -282, -471, 45, -10, 222, 63, -456, -222, 369, -22, -250, -516, 6, -95, -361, -488, -949, -403, 332, -144, 444, 460, -783, 353, -27, 433, 187, 91, 1, 63, 731, 476, 122, 570, -589, -230, 744, 367, -135, -434, 23, 118, 388, -1411, 223, 353, 782, 1381, 150, -691, -131, -66]
[318, 715, 398, 867, -259, 15, -180, -722, -266, -492, -411, -158, -270, 1235, -448, -90, 120, -179, -129, -1575, 113, -470, 200, -471, -125, -49, -154, -311, -607, 281, -743, 133, 18, -231, -283, -97, -34, -248, 42, 44, 140, -392, -283, 110, 153, 303, 426, -201, 203, 55, 338, -301, -408, -406, 163, -80, 315, -392, -43, 293, 114, 440, 136, -22, 336, 93, -107, 75, 104, -708, -372, -79, -332, 631, -605, 134, -377, 331, 803, 50, 36, 604, 21, 11, -667, 128, -943, 159, -213, 217, 61, -113, 131, -580, -114, -907, -665, 859, 49, -146]
[-349, 542, -27, -306, -134, -157, -216, 563, 211, 111, -359, 1059, 939, 1104, -86, 306, -357, 405, 156, 35, -203, 77, -128, 436, -657, 63, -702, -412, 13, 680, 31, 636, 618, 689, 903, 248, 155, 233, 934, 47, 37, -696, -728, -142, -265, 191, 432, -466, 665, 181, -163, -371, 360, -374, -733, -305, -350, 257, -825, -484, 327, -412, -243, 499, -94, 286, 11, 616, -254, 71, 96, -616, 257, -393, -1312, 17, -688, 555, -692, -199, 327, 142, -210, -120, 427, 233, 87, 1028, -770, -32, 34, 30, -1016, 369, -430, -902, 161, 282, 839, 32]
[979, 47, 427, 117, 150, -498, 0, -553, 1280, -549, -709, 645, 470, -744, 417, 179, -35, -349, -542, -642, -447, -651, 653, 208, -77, 673, 1123, -519, 293, -422, 380, -444, -779, 40, -1060, 347, -215, -886, -106, -465, -457, -388, -43, -26, -356, -415, -423, -218, -215, -185, -248, 203, -67, -38, 458, -75, -264, -631, -412, -91, 382, 307, -213, -2, -1143, 54, 625, -1340, 542, 197, 31, 86, -162, 248, 569, -356, 262, -344, -297, -207, -357, 402, 539, -132, -373, 16, 523, 90, 503, 6, 82, -98, 535, 956, 128, 176, 352, 391, -524, 169]
[373, -163, 202, 293, 425, -372, 759, 18, -656, -141, -326, -690, 332, -143, 428, 384, -484, -240, 417, -636, 48, 37, 369, -157, 126, -597, 295, -414, 524, 328, -399, 453, 626, 271, -207, -104, -47, 210, 320, 367, 29, 281, -36, 60, -66, -286, -714, -141, 33, 65, 234, 927, -707, 382, -82, -542, 530, 1051, -522, 671, -298, 653, 193, -4, -86, -676, 211, 174, -365, -149, -100, -371, -719, 36, -134, -588, -433, 208, -327, 614, 41, -580, 238, 385, -440, 283, 212, -352, -160, -408, 108, -425, -192, -802, -568, -473, 67, 177, 221, 810]
[315, -510, -133, -213, 271, -798, 379, -124, 338, -584, -778, -360, -12, -611, 201, 508, 768, 617, 52, -468, 385, -529, -77, -82, 687, 49, 408, -198, -350, -26, -590, -1098, -473, -137, -783, 637, -34, -538, -386, -629, 188, -282, 542, 287, 722, -503, 674, 357, -409, -186, 799, 242, 281, 180, -268, -500, -1088, -425, -280, -382, 711, 205, -266, -435, -461, 35, -338, -465, -156, 312, -707, 293, 87, 905, 217, -296, -743, -462, 481, 616, -404, 355, -175, 318, -180, 994, 149, -326, 570, 115, -301, -454, 310, 659, 621, 3, 97, -178, 40, -433]
[-303, 779, 45, 805, 798, 40, 789, -502, -346, -167, 320, 101, 721, -405, 118, 122, -494, -473, -48, -871, -434, -3, -203, -190, -189, -606, -396, -346, 243, 234, -120, 536, 743, 160, -82, -356, -504, 901, 64, -23, -663, -383, -173, 385, 313, 333, -209, 356, 838, 375, 444, 533, -139, 160, -198, -227, 656, 336, -489, 249, 202, -79, -702, 363, -15, 308, -132, 115, -563, -11, -68, -4, -1042, -82, -300, 3, 286, 844, -328, -206, -503, -48, 65, -114, 512, -794, -377, -1, 266, 290, -52, -139, 113, -182, -378, -436, 778, 726, 697, 92]
[-38, -685, 57, -32, 64, 77, 1028, -35, -168, -344, -129, -289, 589, -556, -191, 933, -423, 728, 40, 1119, 720, 107, 429, 501, -166, 528, -180, 69, 12, -597, -40, -946, -141, -520, 34, 166, -167, -105, -80, -404, 143, 214, 687, -75, 687, -368, -227, 497, -240, -156, 1100, 217, -104, 50, -310, -1014, 231, 3, 183, -341, 136, 323, 100, -467, -599, -360, 115, -417, 104, 494, -316, 306, 327, 647, -289, -129, 149, -1076, 240, 674, 415, -455, 759, 289, 40, 910, 79, -199, 162, -66, -227, -287, 114, -31, 242, 228, 361, -495, -375, -498]
[-44, -197, 97, 1079, 519, -543, 376, -908, -529, -417, -364, -417, 229, 901, -237, -232, -64, -470, -529, -668, 411, -239, 48, -327, 42, 619, -1212, -108, 298, -1017, -834, -42, -294, -1104, -359, -440, -49, -21, -820, -56, -680, -85, 519, -361, 408, 431, -218, -145, 330, 61, 84, 476, -89, -49, -355, -95, 495, -129, -732, -420, 157, 29, -358, -129, -469, 23, -416, 97, -290, -105, 13, 44, -136, 327, 100, -221, -335, -437, -232, 520, -475, 6, -153, -83, 398, 438, 426, -470, 162, 727, 981, -817, 195, 10, 444, 929, -357, -370, -393, -242]
[-100, 454, 317, 529, 0, 161, -227, 257, -1005, -3, 300, -383, 503, -349, -417, 202, -346, -209, 150, 536, -361, 805, -351, 26, -882, -370, 465, 576, -29, 2, 292, 290, 135, 332, -577, -696, -557, 491, 232, 152, -200, 241, -651, -513, -222, -630, -368, 373, -204, -329, -194, -50, -149, -131, 363, -337, 117, -94, -210, -33, -487, -51, 755, 629, -215, -79, -527, 282, 961, -492, 288, -1, 662, -509, -618, -689, 1116, 499, 67, 30, -271, 384, 543, 115, -405, -190, 141, 178, -1104, 188, -374, 33, -637, 253, -1174, -822, 464, 31, 329, -734]
[-766, -508, -122, -290, 1087, -248, 493, 92, -92, -109, 1, -16, 15, -923, 489, 289, -259, 70, 102, 1441, 243, -162, -1051, -772, -207, -939, 61, 568, -597, 208, 315, 313, -24, -26, -847, 138, 225, 469, -336, 5, 170, 484, 470, 945, 648, 161, -569, 215, -768, -399, 253, 565, 412, 108, -95, -70, -46, 336, -42, 472, 228, 165, 291, 248, 295, -9, -226, 203, -140, -180, -329, -422, -290, -90, -508, -625, 811, 525, 101, 171, 268, 590, 304, 156, -94, 366, -133, -850, -107, -367, -654, 524, 693, 98, -786, -182, -391, 753, -123, 197]
[-421, -846, 852, 106, 173, -7, -256, 207, 1534, 317, -322, -191, -1000, -28, -562, -3, 248, -272, 219, -493, 161, 80, 135, 209, 856, 93, -254, 58, 64, 314, -67, 133, -125, -297, -17, 199, 613, 513, -223, 342, 365, -71, 224, 282, -153, 124, 736, -535, -73, -576, 54, -647, -148, -504, 22, 239, 3, -434, 1, 437, -291, -605, -454, -837, -95, 170, 49, 242, -179, 225, -225, 257, 74, 48, 542, 31, -98, 234, 77, 318, -122, 993, 68, 868, -627, 345, -274, 615, 876, -325, -11, -399, -119, 80, -659, 302, 26, 379, -66, 248]
[895, -166, 729, -207, 147, -809, 30, -139, 448, -182, 126, -114, -350, 413, 379, 22, -739, 96, -94, -444, -591, 322, 188, -216, 17, 339, -242, 188, 766, 471, -180, 454, 195, -549, -144, -346, 52, 162, -201, 58, 68, -153, -243, -185, 169, -46, -595, -98, 66, -525, 35, 423, -267, 71, 506, -622, 332, -709, -91, 407, -288, 387, 53, -166, 158, -781, 159, -24, -74, -542, 332, 405, -60, -240, -178, 167, -267, -143, -88, 245, -452, -11, 467, 802, -624, 444, 127, 931, 259, -267, -100, -749, -634, -128, -811, -274, -146, 746, 168, 373]
[-496, 63, 178, -369, 52, -121, 359, -335, 42, 240, 190, -577, -330, 397, -658, 470, -196, -34, -287, 209, 489, 733, 733, 280, -216, -75, 620, -491, 488, 177, 530, 603, -45, -76, 66, 420, 442, 449, -788, -127, -774, 281, 85, -125, -273, 194, -802, -654, -542, -574, 210, 744, 241, 198, 100, -646, 785, 241, -303, 825, 10, 517, -283, -364, -228, -1089, 539, 140, 202, -241, 766, 445, -134, 452, 87, -665, 521, 557, 240, 308, 340, 245, 579, 161, 231, 1262, -157, -281, -258, -249, 109, -9, 184, -223, -334, 556, -75, 694, -47, 101]
[543, -496, -351, -378, -357, 89, -360, 774, -933, 705, -163, -288, 418, -212, -168, 183, -440, -799, 1292, -76, -125, 21, -44, 156, 124, -521, -118, 422, 338, 389, 334, 135, 90, 271, 171, -74, 931, 290, 830, -193, -136, 586, -481, -114, -583, -453, 537, 143, -15, -540, -323, 115, -494, -115, -7, -310, 258, 226, 40, -79, -82, 531, -751, 103, 322, 62, 492, -31, 192, 137, 2, -242, 567, -437, 251, -689, -503, 489, -935, -777, -793, -806, -312, 39, -263, 8, 398, 211, -546, 29, -47, -209, -651, -136, -283, 181, 139, -216, -51, 44]
[915, 349, 429, 217, -1196, 642, -417, -287, 32, -320, 399, 637, 557, 264, 509, 361, 431, 476, -36, -770, -77, 372, 45, 1146, -50, -5, 961, -566, 9, -347, -162, -183, -692, 102, -248, -261, -60, -494, -10, 266, -18, -196, 338, -467, -860, 683, 61, -375, 326, -222, 734, -855, -72, 187, 93, -292, -104, 645, 680, -466, 54, -10, -476, -63, -485, 579, 227, -906, 300, 130, -400, 220, -58, 154, -238, -452, -20, -686, -311, -263, -161, 108, -453, 600, -64, -128, -137, -83, -397, 320, -119, 479, 90, -61, 502, -338, 184, -77, -127, -213]
[620, 130, 260, -200, 696, -280, 299, -735, 323, -156, -864, 814, -487, 1323, 898, -363, 392, -202, -166, 402, -136, -4, 18, -923, -824, 224, 450, 376, 460, -288, 379, 44, 621, -220, 216, -200, -107, -173, 74, -372, -312, -416, 614, -192, 45, 39, -469, -486, -297, -462, -59, 713, -193, -107, -516, 69, 547, -850, 287, -623, 292, -168, 348, -115, -597, -661, -611, -352, -418, -635, -29, 137, -179, -89, 427, -240, -35, 1007, -339, -476, -341, -134, 960, 734, 162, -252, -649, -524, 438, -102, -139, -255, 682, -647, 830, -127, -504, 474, -175, -189]
[-284, -181, -5, 337, 811, -208, 111, 272, 19, 445, -308, 353, -160, -368, -705, -118, -547, -288, 118, 339, 214, -76, -490, -800, -241, 517, -1135, 631, -116, -500, 359, -354, -300, 450, -523, 149, 287, 466, -212, -287, -457, -368, -208, -325, -189, 161, 640, -518, 169, -145, 190, -464, 170, -40, -271, -8, 44, -280, -511, -644, 742, -584, 133, 134, -8, 659, -84, 323, 823, 216, 41, 188, -138, -290, -606, -135, 195, 812, -366, -80, -1011, 595, -718, -889, 333, -813, 62, -77, -506, 94, 329, 231, -156, 812, 807, 412, -243, -305, -120, 210]
[286, -52, 583, 1461, -128, 23, -388, 28, 519, -130, -670, -305, 87, -926, -827, 133, -779, -783, 825, 922, 215, 106, -254, 951, 112, 203, -506, 36, 480, -537, -207, -877, -395, 191, -614, -424, 346, 873, 283, 687, 215, 145, 176, 460, -81, -700, 473, 959, -44, -252, 476, -686, 2, -292, 89, 286, 221, -282, 94, -431, -762, -497, -643, -416, 277, 483, -140, 273, 648, 194, -339, 229, 200, -47, 425, -207, 636, -21, 333, 250, -936, 519, 323, 418, -1103, -226, 81, 434, 1095, 271, -477, -509, -22, 351, -440, -397, 139, 154, 229, -1060]
[-957, 287, -17, -577, -557, -139, 1237, -63, -1161, 1038, 787, 351, -717, 399, -407, -55, 218, 552, -193, 10, -140, 255, 299, 354, -209, -571, -110, 565, -28, 159, 756, 40, 758, 336, 415, 230, -68, 141, 284, -59, -240, -523, -79, 29, 21, 429, -6, -467, -512, -117, -513, -354, -66, -574, -161, 878, 3, 475, -315, -132, -435, -740, 333, -458, -271, -601, 486, 1117, -244, -191, -139, 426, 1003, -170, 780, 551, 160, 101, -751, -18, 457, -896, -580, -820, 561, -434, -6, 177, -138, -703, 494, -387, 135, -726, -29, 408, 290, -1164, -212, 362]
[479, -109, -423, -587, 201, -112, 209, -534, -247, -487, -806, -343, -206, 417, -764, 334, -188, 496, -352, 614, 359, 72, 470, 504, -548, -100, 537, 361, -328, -370, -463, 389, 414, -260, 540, 543, 238, -921, -609, -178, 121, -2, 979, 510, -338, -225, 173, 671, -398, -119, 167, 62, 466, 94, -483, 292, 554, 136, 447, 14, 54, 152, 397, 287, -180, -785, 284, -275, 528, -85, 447, -637, 456, 20, 526, -723, -161, 87, 240, 266, 643, -484, 525, -277, 426, 546, -12, -77, 699, -334, 152, 77, 141, -412, -142, -379, 392, 296, 428, -1049]
[629, 57, -730, 369, -661, -278, 409, 207, -517, -487, -464, 598, 875, -456, -271, 734, -631, -53, -256, 239, 266, -985, -98, 855, 97, -378, 571, -481, -384, -660, -395, 162, 168, -1085, -27, 28, 13, -882, -1, -95, 179, 337, 265, -198, 63, 611, -141, 746, 129, 396, 376, 294, 476, 367, -326, 445, 683, -572, -143, -213, 930, -247, -224, 239, 47, 18, 741, -1126, 557, 190, -401, 310, -274, 484, -818, 506, -116, -1005, -151, 41, -134, -176, 335, -646, 256, 215, 16, -160, 116, -200, 484, 179, 329, -251, 778, -140, 253, -705, -132, -509]
[1276, 94, -608, 322, -432, 8, -428, -126, -738, 241, 296, -361, 202, 37, -835, -291, -109, -21, 226, 965, 415, -10, -129, 545, 525, 552, -658, -625, 933, -597, 243, -90, 519, -320, 820, 225, 684, -283, -395, -914, -141, -96, -253, -727, -691, 201, 253, 130, 271, -102, -320, -660, 820, 402, -535, 630, 387, 382, -80, -619, -561, -70, -463, -231, 102, -11, 367, 766, -101, 576, 518, 277, 109, -248, 445, 237, -55, -271, -534, 180, -140, -112, -65, 313, 204, 799, -30, -236, -211, 167, 626, -1363, -28, 145, 503, 1007, 220, -558, 333, -872]
[514, -399, -545, -49, 20, -759, 767, -129, -52, -441, 1075, -292, -69, 322, -329, 126, -770, 498, 684, -613, -335, -857, -40, -59, -105, -295, -977, 979, -543, 523, -275, -1034, 421, 130, 736, 517, -233, 325, -77, -281, 142, -465, -453, 871, 148, -206, 1015, 208, 785, -1027, -101, -266, 7, -981, 109, -158, -1014, 43, -67, -589, -232, -155, 16, -320, -104, 469, 391, 22, 890, 665, -347, -62, 726, 191, 34, 458, -362, -615, 693, -24, -718, -945, 615, -1336, -38, -744, -373, 215, 954, -232, 350, -871, -319, 312, -141, -39, 517, -258, 500, -1038]
[-163, 100, 273, 885, 611, 178, -761, -645, 379, 191, -38, -244, -471, -45, 743, -255, -291, 7, -95, 161, 233, -204, -20, -1412, -8, -519, 423, 108, 1507, 178, 225, 252, -156, -260, -334, -23, -173, 349, 458, -1047, 514, 286, 747, 454, 0, -314, -430, -711, 280, -64, 814, 360, -39, -401, -40, 196, 231, 373, 274, -400, 473, 266, 162, -466, -148, 98, -91, 1198, 25, 306, 852, 320, -855, 537, 130, 600, 697, 547, 208, 331, 164, 110, 215, 917, -701, 28, -156, -409, -567, -331, -557, -186, -164, -152, -238, 209, 270, 503, 570, -623]
[437, 136, 62, -1370, 382, -779, 823, 262, 246, 334, -106, -160, -204, -407, -208, -126, 12, 354, 599, 556, -63, -213, 186, -34, 192, -153, 591, -240, -80, 309, 785, 468, 131, 580, 114, 535, -136, 119, -324, 433, 35, -406, 51, -486, -862, -226, 147, -422, -768, -74, 292, 113, -116, 410, -32, -98, -289, 48, 149, 251, 1, -238, 598, -601, -18, -558, -49, -73, 250, -255, 182, 108, -462, 17, 690, -673, -181, 734, -386, 73, -329, 111, 612, 138, -595, -401, -766, -373, 584, -347, 63, 270, 1027, -667, 95, -262, -192, 108, 510, 446]
[-91, 488, 309, 50, 123, 106, 31, -609, 497, 466, -828, 398, 346, 452, 390, -713, -754, 290, 610, 745, -44, 438, 395, -248, -1349, -43, -528, 233, 71, -112, 251, 261, 130, 920, 65, 18, 332, 1173, 52, -175, -118, -201, 396, -166, -81, -456, 256, -68, -528, 658, 213, 421, 31, 81, -343, -781, -149, 583, 37, -213, 171, -282, 528, 359, -97, -416, 235, 386, 502, -465, 59, 80, -330, 283, -65, -902, -13, 938, 277, -118, -127, 31, -33, -831, 500, -1073, -112, -533, -94, 181, 607, 305, 558, 436, 478, -480, 191, -296, 972, -433]
[107, -56, 152, -351, 461, -426, 1157, -655, -1182, 651, -45, -437, -151, -153, -271, 519, 229, 13, -81, 46, 143, 233, 256, 197, 348, -880, 23, 1308, -402, 525, -150, 159, 474, -276, -183, -239, -729, 443, 427, 154, -252, -231, 383, -328, -82, 72, 146, -80, -585, 36, 79, 356, 229, 71, -256, -840, 181, 714, 222, 433, 744, -69, 354, -476, -226, -440, -485, 60, -274, -1030, -589, -222, 396, 78, 258, -636, 173, 847, -1016, -298, -321, 103, 500, 413, 304, 175, -92, -348, -791, 57, -134, 47, 812, -1061, -278, 259, -76, -115, 40, -111]
[-167, -272, -836, -184, 87, 533, -281, 759, -257, -1069, -285, -487, 912, 576, 41, 742, 351, -249, -2, 1037, 767, -255, -152, 783, -263, 86, 50, -1139, -207, -987, -125, 678, -983, -326, -975, 183, 277, -396, -335, 224, -356, 29, 72, 602, -186, 137, 174, -396, -267, -101, 558, 521, 96, 444, -263, 82, -219, 322, -292, -538, -459, -578, 553, 192, -183, 214, -616, -85, 437, 234, -375, 657, 106, 90, -720, -985, 319, -273, 213, 878, 26, -187, 893, 840, 161, 196, -456, -1274, -389, 179, -977, 755, -373, -317, 226, -684, -18, 401, -35, -641]
[556, 672, -259, -687, -307, -425, 1144, -317, -724, 787, 668, -624, -57, -866, -405, 780, 47, 100, -719, 523, 374, -287, 745, 203, 294, -187, 149, 161, -581, 477, 643, 264, 171, 430, 828, 1059, 287, -537, 259, -496, 340, -29, 49, -130, 987, 208, -107, -315, -721, -169, 335, -93, 295, 415, -470, -512, 326, 1308, 220, 99, -295, 215, 16, 174, 176, -232, -201, -13, 528, 1059, 316, -619, 571, -102, -627, -396, -224, -191, -1420, -730, 500, -462, -299, -584, -63, 1311, -278, 671, -72, -869, -339, 399, 302, 12, 284, -685, 163, -52, 51, 1048]
[518, 835, 287, 359, -739, 53, -30, 16, 189, 358, 282, 154, 604, -777, 274, 750, -70, 945, 107, 68, -677, 187, -701, 618, -220, -343, 756, -389, -992, 673, 921, -312, -892, 511, -706, 207, -326, 190, 293, 74, -13, -33, -669, -159, 38, -108, -67, -179, -564, -591, 888, -561, 364, -198, -129, -206, -121, -840, 187, -41, 124, -608, -321, -383, 108, 81, -216, -165, 272, -185, -759, 95, -265, -67, -1338, -256, 150, 311, 450, -441, 46, 678, 400, 495, -1011, 243, -1129, 493, -97, 481, -829, 787, 349, 273, -509, -1156, -459, 409, 311, -421]
[-943, -48, 910, 41, 346, 651, 684, 813, 1198, -284, 209, -654, -525, -617, -597, 310, 789, 153, -507, 131, 726, 471, 117, -501, -261, -647, 1547, 546, -718, 250, 601, 276, 149, 512, 287, -473, -126, 376, -324, 0, 253, -870, 105, -339, 230, -243, 643, 417, -294, -308, 418, -147, 172, 423, 151, 76, 120, -11, 44, -267, -22, 401, 311, -515, -259, 10, -1093, 4, 38, -259, -273, 479, -416, -17, -464, 517, 248, 730, 545, 375, -548, 674, 278, -471, 41, -658, -775, -739, -90, 120, -709, -13, -303, 629, 533, -512, 277, -189, -260, 635]
[-431, 388, -151, 382, -574, -93, 73, 7, 315, 311, 876, -194, -194, 656, 230, -295, 223, -473, -432, 475, 261, -112, 592, 442, -381, 382, 364, -502, 210, -233, 179, 345, 514, -495, 1522, -696, 70, -256, -665, 695, -547, -561, -173, -406, 743, 324, 640, -110, 119, 50, -656, 468, 327, -60, 656, 63, 553, 548, 378, -358, -379, 477, -677, 170, 435, -147, -755, 163, 29, 650, -99, 541, 102, -258, 20, 607, 271, -389, -151, -160, 239, -1137, -116, -1287, 231, 130, -497, -329, 544, 525, 42, -124, -574, 536, 463, 294, 425, -462, -410, 200]
[-492, -838, -75, -865, 181, -320, 887, 1019, 66, -571, 666, -95, 395, 374, -30, 177, 497, 575, 296, -198, 375, 880, -747, 306, -276, -717, -241, -179, -449, 447, -297, -474, -169, 127, 3, 304, 623, 368, -1038, -436, -1412, -415, 645, 187, 329, 696, -117, -330, -206, -153, -664, 21, 334, -26, -800, -259, -170, 35, -466, -91, 842, -41, -309, -425, 51, -197, 331, -358, -1550, -618, -752, 106, -327, 180, 365, -416, -963, -442, -211, 371, 496, -82, 520, 50, 1435, 729, -181, -1053, 363, 457, 249, 1102, 335, 147, 707, 572, -423, 291, -450, 183]
[-132, 422, 131, -114, -292, -438, 781, -134, -323, 444, -50, -73, -852, -43, -745, -263, 666, 27, -541, -1174, -170, 160, 603, 235, 422, -218, 273, -100, -367, 490, -152, -193, 176, 648, 245, 6, 368, 353, 240, -538, 20, 658, 174, -511, 139, 377, -1, -579, -284, -1227, 794, -173, 450, 272, 162, 198, -100, 258, 377, -58, -368, 14, -312, -407, -277, 15, -616, 214, 621, 842, 458, 720, -37, -43, 88, -58, -476, 581, 210, -591, -585, 166, -662, 8, -90, 536, 195, -4, 26, -75, 251, -487, 111, 387, 7, 508, 437, -860, -223, 485]
[-189, 428, -387, 102, -507, 110, -322, -456, -441, 138, 775, 64, -645, -52, 133, 325, 629, 33, -355, -18, 155, 62, -514, -576, -98, -119, 95, 210, 511, -97, 519, 58, -752, -374, -108, 430, -55, -233, 96, -256, 574, 504, -113, -282, -389, 115, -300, 23, -324, -530, 813, 346, 98, -143, -445, -369, -601, 8, 166, 374, -63, 540, -99, 212, -374, 927, -190, 680, 663, 51, 846, 36, 353, 774, -669, 238, 510, 563, 1, -1448, 179, 240, 117, -80, -439, 1031, 233, 599, -684, 290, -556, 705, 34, -174, -1082, -295, -308, 877, 100, -233]
[-163, 727, -68, 309, 1439, -733, -326, -172, 666, -503, 440, 712, 611, 296, -531, -1274, -108, 53, -18, -1246, 450, 196, -92, -196, 399, -787, -350, 484, 467, 236, 100, 375, 384, 68, 114, 718, -935, 47, -803, -950, 490, 229, 1023, -597, -126, 296, 188, -559, 613, -535, 231, -23, 873, 270, 198, 425, -624, -439, -307, -652, 357, 968, -550, -694, -547, 340, 760, -535, -696, 218, 153, -78, -578, 7, 121, 16, -711, 875, 188, 109, -843, 498, -1110, -115, 692, -267, -476, -609, -208, 555, 116, -487, 1010, 56, 143, 1045, 222, 407, 256, -449]
[-121, -28, -295, -244, 35, -1153, 576, -265, 203, 88, 673, 672, 359, -606, 279, 693, -24, 116, -1150, 694, 300, -137, -162, 479, -833, 547, 349, -252, -366, -880, 583, -381, -111, 217, 174, 215, 52, 515, -574, 440, -1025, -286, -882, 603, -70, -31, -1370, 360, -72, 247, 1, 561, 621, 360, 115, -724, -103, 146, -530, 107, 206, -780, 433, -183, -116, 302, -114, 389, 580, -146, -141, -51, -381, 103, -853, 37, 574, 277, -367, 308, -73, -542, 632, -423, 452, -7, -300, -207, 115, 1325, -534, -394, -711, -85, -259, 396, 204, 228, 455, 141]
[600, 252, -69, -637, -95, -435, 17, 594, 36, 232, 460, 220, -94, -69, -75, -644, 379, -2, 232, -167, -254, 514, 39, -318, -352, 89, 384, 653, 862, -547, 669, -472, 803, 293, 701, -131, 63, -269, -742, -239, -366, -262, -488, -910, -249, -348, -413, 645, -207, 200, -453, -308, 102, 506, 933, 371, 266, -364, -276, 382, -230, 665, -149, -456, -243, 77, 545, -191, 109, -684, 709, -618, -93, -482, 1170, 263, -509, -43, -499, -511, -239, -9, -612, -162, 6, 29, 388, 692, 486, 806, 390, -87, -4, -353, 70, 453, 426, -221, -21, -96]
[-1034, -1700, 18, -715, 200, 526, 175, -116, 991, -31, -1316, -233, 44, 334, 638, -284, 159, -821, -1069, 154, 464, -452, 175, -198, 51, 1029, -841, -220, -81, -1052, 43, -73, -843, -158, -292, 176, 1029, -87, -175, 466, 138, 118, 765, -136, 159, 506, 90, 260, 113, 350, -83, -63, 219, -39, 157, -252, -248, -147, -144, -98, 465, -1577, -273, 545, -245, 741, -355, -234, 296, 1051, 16, -705, -899, 315, -483, -59, -560, -57, 388, 205, 145, -243, -639, 530, 1025, -45, 126, 294, 534, 729, 433, 324, -439, 400, 861, 142, 47, -666, -269, 1224]
[-233, -107, 437, -140, 263, 202, 706, 658, 492, 148, -403, 36, 63, -21, -420, 512, -857, 1043, 404, 599, 354, -58, 140, 1062, 443, -126, -117, -556, 408, 297, 592, -299, 444, 261, -251, -39, -427, -172, 218, 249, 511, -198, 336, 26, -9, -91, 576, -781, 869, -551, 624, -320, -279, -173, 194, 337, -5, 7, 177, -791, 378, -687, -126, -79, -25, -279, 112, 96, -282, 863, -506, 474, -228, 90, -425, 616, -472, 16, 933, 770, 109, -733, 880, 1227, -1117, -165, -1084, -217, -45, -264, -1004, -19, 305, -356, 1, 92, 226, -73, -144, -136]
[99, -694, 581, -561, 122, -110, 227, -63, 886, -397, -273, -293, 242, -521, -96, -269, -430, 205, 8, -101, 222, -231, -133, 287, 605, 458, -150, -956, -384, 123, 159, 157, -122, 45, -228, 409, -136, 517, -219, 537, 508, -1004, 17, 245, 165, -507, 417, -244, -204, -378, 350, 71, 558, 70, -20, 284, -531, -222, -193, -845, -123, -593, -223, -161, -237, -444, -249, -202, -102, 33, -602, 244, -1094, 595, 501, 3, -455, -320, 643, 981, -874, -97, -183, 619, 786, -619, -590, 328, 910, 393, 251, -170, -114, -76, -560, 32, 34, -617, 303, -530]
[512, 289, -14, -285, 809, -491, 563, 362, 579, -10, 387, 399, 194, 106, 973, 197, -789, -83, -48, -271, -738, -577, -81, 4, 305, -483, 829, -475, 878, 281, 293, -245, 307, -179, 376, 658, -853, -119, -836, 739, 54, -33, 22, 539, -344, -306, -248, -584, 58, -526, 83, 999, 224, 10, 21, 538, 61, 182, -848, 18, 709, 28, 521, -667, -758, 411, 189, 24, 47, -511, -289, -175, -1297, 201, 64, 557, 215, 42, -355, -203, -401, -633, 449, -306, 245, -867, -104, -1025, 356, -162, 8, 873, 252, -545, 275, -38, -90, -270, 63, 320]
[173, 58, 15, -353, 221, 958, -438, -870, -759, -347, -408, 34, 270, -488, -255, 958, -541, -629, -15, 22, -509, -210, -326, 253, -110, -83, 810, -595, -513, -406, 111, 52, 59, -869, -497, 1178, -455, -477, -531, 294, -62, 1384, 401, 378, -220, -31, -219, 653, 653, -44, -559, 418, -387, 92, -581, -117, 531, -495, -388, 147, 746, -391, -124, 1000, -407, 390, 700, -1150, 10, 518, -36, -620, 356, -169, 158, -566, 1232, 109, -1081, -387, -111, 105, 502, 686, 235, -206, 429, -320, 426, -247, 24, 396, 457, -498, -494, -126, 547, 312, -302, -431]
[-212, -318, -151, -710, -27, -241, 124, -451, 337, 685, -102, -910, -287, -590, 0, -217, -328, -218, 288, 329, 396, -169, -414, -210, -4, 435, -796, 172, 273, 597, -11, 351, 345, 298, -322, 457, 789, 477, -1071, -244, -295, -57, -569, 645, 417, 232, -440, 46, 161, 34, -506, 976, 88, -4, -43, -416, -566, 1039, -489, -360, -60, 103, -691, 1025, 530, -81, -531, 25, -465, 132, 275, -61, -191, 742, -139, -534, -519, 127, 467, -88, -164, -266, -590, 348, 404, 510, 475, 123, -208, 134, 150, -347, 525, -155, 301, 795, -287, 419, 258, 666]
[-24, 674, -847, 191, -264, 343, -689, -53, 153, -124, 295, -442, -1241, -931, -380, -535, 565, 381, 628, 562, 589, -106, -734, -652, 116, -115, 214, 312, 953, 247, 487, -213, 29, 757, -234, 57, 233, -136, 545, -474, 270, -1168, -708, 40, -393, -258, 241, 37, 163, -310, 503, -432, 144, 280, -207, 177, -775, 130, 165, 9, -455, 983, -306, 440, 75, 96, -16, 227, -136, -1, 311, 714, 395, 612, 316, 593, 113, 852, 1710, -479, -563, 958, -59, -181, -28, 122, -200, 237, -291, -446, -602, -361, 656, 551, -40, 72, 69, 1328, 87, -776]
[11, -706, -14, -98, -396, -184, 268, 165, -168, 475, -592, -570, -752, -561, 260, 681, -94, -553, 473, 547, 169, 384, -96, -645, -139, -532, -429, 1243, -433, -303, -100, 435, -96, 319, 397, -547, 688, 333, 357, 525, -236, -360, 26, 749, 259, -213, 313, 963, 103, 853, -820, 236, -938, 52, -653, -48, 275, 634, -266, 206, -842, -116, 342, 294, 443, 94, 100, 786, 703, 133, -586, -669, 449, -106, 304, -415, -150, -277, -53, -329, 17, -745, -53, 53, -358, -956, 439, 754, -46, -402, 782, -202, 163, -475, -92, 70, 248, 204, 439, 756]
[-627, 542, 426, -322, -118, 41, -202, 814, -472, -496, -356, 93, -249, 1090, -815, -72, -553, 396, 612, -685, 139, 1, -313, -193, -77, -465, 116, -379, -41, 70, -336, 159, -676, -242, -719, -88, -148, 188, 621, 42, 495, 1043, 639, -125, -157, 252, -599, -287, 1293, 496, 285, 785, -571, 14, -450, 118, 108, -742, -200, -556, 604, 137, 13, -422, -184, -433, 420, 50, -479, -202, 356, 120, -31, 69, 230, 799, -1075, -176, -22, 589, -165, -32, 464, 948, -343, 4, 774, 199, 233, -440, -222, 773, -690, -742, -623, -275, -46, -10, -29, -4]
[298, 113, 290, -671, -718, -453, 368, 1245, 309, 487, 11, 63, 547, -608, -691, 245, -326, -37, 841, -698, 207, 576, 436, 778, 300, 856, -732, -920, 434, -357, 582, 181, 279, 457, 49, 583, -328, 264, -171, 192, -183, 463, -1605, -624, -771, -609, 744, 349, 543, -99, 181, 437, 423, 193, 341, -384, 193, -699, -1169, -172, 237, -426, -119, 403, -568, -626, 1162, -73, 164, -399, -235, 517, 69, 159, -444, 51, -186, -343, -298, 586, -32, 754, -395, 13, -328, 678, 836, 569, 38, -83, -202, -47, -463, 651, -653, 92, 333, -502, -215, -201]
[-245, 532, 492, -19, -176, -253, 157, 192, 84, 728, -341, 502, 81, 695, -675, -723, -713, 294, 92, -2, -387, -106, -53, -508, -537, -520, 107, -402, 30, 1467, 187, 25, 56, 603, -15, 186, -231, 546, 1009, -620, -216, -652, -551, 423, 165, 531, 991, -745, -49, 162, -51, -717, 683, -442, 327, 416, -151, -11, 117, -634, 638, 0, -33, -239, 426, -306, 270, 793, 673, -618, -128, 461, -379, 218, -720, 634, 67, 1235, 209, -459, -333, 343, -853, -328, 13, -248, -1139, 759, -267, -122, -392, 158, 138, 256, 198, -814, -413, 203, 576, 180]
[-414, 479, -377, 774, -375, 547, -685, 248, 161, 719, -655, 142, 350, 338, 502, -607, 117, -85, 24, -302, 197, 74, 169, 260, -184, -13, 216, 160, -124, 331, -379, 408, -97, -623, -229, -814, -671, 229, 711, -252, 213, -158, 329, -633, 918, -301, 518, -157, -228, 670, -351, 167, -300, -271, 216, 509, 384, -809, -190, -807, 44, -1073, 249, 59, -586, -269, -716, 131, -307, 53, 86, 577, 478, -512, 24, 1025, -93, 25, -167, -200, 492, 350, -288, 471, 432, 243, 420, 389, -108, 146, 24, -7, 107, 554, 350, 80, -319, -1046, 361, 273]
[206, -1040, -578, -1180, -42, -286, 533, 1478, 24, -100, 186, -134, -404, -189, 90, 178, -412, 167, -285, 234, -587, -1023, 434, -175, 693, 332, 412, 595, -482, 605, -505, 274, 331, -192, -409, -395, 227, -256, 157, 275, 711, -28, -20, 124, 9, 251, 310, 434, -405, 62, 391, -284, 251, -298, 476, 393, -498, 471, 751, -539, 464, -832, 12, 475, 1025, 30, -844, 61, 685, 744, 336, -512, -155, -291, -449, 79, -446, -185, -161, 210, -756, -853, -452, -501, -562, 293, 822, 147, 331, -325, -418, 89, -528, 230, 451, -418, -208, -721, 413, 702]
[555, 620, 142, 715, -306, 145, -379, -468, -998, 431, 127, 715, 13, 636, 1004, 220, 232, 587, -290, -26, -235, -120, -265, 242, 16, -1330, 486, 812, 159, 785, 104, -640, 475, 76, 83, -216, -125, 134, 1132, -480, 1063, -104, 373, -455, 929, -301, -356, 508, -591, -528, -466, 6, -258, -571, -569, 269, -189, -881, 313, 333, 117, 382, 856, -352, -253, -526, 358, -310, -561, -839, -575, 556, 1075, -165, 224, 575, 353, -417, 136, -921, 16, 67, 99, -169, 101, -232, -311, -865, -253, -484, -102, -771, 821, 495, 550, -98, -91, -1259, -203, -383]
[-651, -483, 236, 638, -332, -620, -270, 1224, 238, 26, -181, -52, 418, -428, -277, -79, 855, 305, 1520, 309, 17, 512, -1060, -196, -605, -328, 278, 5, -86, 941, -233, -530, -46, 1129, -268, 262, 568, 495, -592, -35, -137, -624, -860, -38, -742, -566, 860, -308, -209, -701, -532, -1144, 776, -35, -884, 80, -579, -53, -594, -347, -255, -146, -848, 210, -357, 328, -4, 771, 627, 162, -688, -274, 487, -657, 196, 271, 375, 378, -152, 756, -303, 1648, -531, -18, 175, -151, 212, -542, -811, -39, 305, -421, -119, 1146, -906, -117, -223, -352, -26, -488]
[36, -712, 237, 144, 43, 857, -564, 564, 303, 736, -676, 432, -146, 97, 1024, 126, 193, 193, -466, -979, -310, 92, -192, -612, 688, 541, 1172, -77, -443, -416, -451, -331, -1050, -1135, -198, -450, -66, -279, 93, -534, -341, 722, 245, 461, -373, 191, 311, 141, 701, 430, -676, -79, 63, -415, 227, -23, 320, -1533, -20, 486, 1018, -447, -80, -536, -337, 529, 903, -618, -16, -631, -404, -69, -443, 242, -125, 625, -190, -436, 505, -238, 133, 999, 168, 693, 124, -81, 439, 504, -563, 675, 86, -29, -418, 565, 463, 664, -636, -450, -10, 313]
[-5, 401, 550, -791, -539, -237, 777, -119, -1123, 88, 356, 614, -216, 259, -857, 284, -397, 496, -377, 555, -108, 1365, 151, 1060, -442, -623, -363, 494, -192, 257, 380, 152, 836, -129, 1080, -396, -213, 636, -213, 249, 319, -391, 340, -862, 247, 939, 178, -227, -166, -648, 488, -399, 560, -16, -559, 13, 851, 262, 757, -666, -118, -127, 400, 233, 14, -327, -868, 938, -488, -250, -334, 307, 637, -34, -1217, -9, 387, 211, -912, 409, 389, -233, -210, 672, 643, 208, -699, 594, -501, -237, -625, 804, -634, -1469, -985, -772, 305, -197, 205, -795]
[-962, -244, -107, 137, 139, 483, 775, 45, -540, 58, -109, -153, 242, 29, 207, 562, -533, 205, -453, 586, 614, 552, 456, 451, -77, -153, -650, -136, 23, -446, 67, -377, -828, -280, -169, -579, 961, 860, -93, -10, -328, 774, 95, 1086, 237, -932, -1159, 163, 385, 467, -329, 746, -2, -38, -332, 296, 550, 684, 245, 164, -270, -1127, 86, 21, -89, -274, 735, 364, -739, -386, -142, -830, -401, -148, 136, -204, -318, -515, -61, 501, 617, -950, 460, 310, 327, -179, 470, -364, 128, 638, 63, 453, 284, -289, -237, 503, -352, -574, 387, 127]
[-646, 430, -407, -254, -77, -293, -404, -710, -541, -122, 353, 242, 1184, -420, 573, 1097, -518, -56, -561, 617, 661, -743, -317, -154, 699, -649, 182, -423, 101, 331, 200, 263, -853, -174, -57, 166, 441, -89, 762, -911, 40, 72, 563, 715, 505, 202, 90, 283, 471, 872, 334, 938, 582, -352, -298, -244, -532, 451, -31, -949, 725, 350, -242, -198, -261, 576, 296, 267, -252, 320, -401, 589, -715, 690, -280, 429, 253, -546, -603, 251, 436, -636, -300, 616, 460, -99, -22, -113, -916, -112, -16, 136, 7, 724, 245, 69, 758, -84, 291, 286]
[-88, 523, 226, -86, -410, -899, -126, -82, 621, -449, 1, 135, 362, -163, 344, 615, 367, 372, 218, -627, 619, -90, -591, -88, -41, -316, 559, 431, -307, 1321, -738, 165, 322, -258, -261, 773, -747, -334, 268, -772, -91, 593, 708, -201, 345, -215, -17, 61, 89, -79, 269, 28, 179, -520, 309, -371, -523, 582, -513, -1115, 1069, 195, -418, -13, -140, -330, -545, -356, 95, 339, -52, 662, -544, 901, -106, 109, -371, -190, -348, -734, -94, 195, -140, -30, -594, 811, 263, -229, -682, 332, 257, 1033, 1097, 256, 428, 738, -462, 550, -439, 7]
[-88, -490, -58, 274, 121, -218, 805, 311, -245, -722, -865, -705, -189, -398, -524, -438, -420, 159, 979, -799, 423, -311, 436, 45, 521, -228, -415, -128, 308, -358, -316, 158, 617, -14, -444, 322, 706, 23, 757, -633, 799, 557, 111, 965, 1, -318, -89, 407, 433, 255, 313, 264, -13, -485, -352, 666, 362, 102, -99, 222, -45, 133, 133, -125, -44, -799, 1317, 334, 200, -294, 280, 224, 178, 892, 738, 180, -337, 31, 603, 1331, -197, 681, 420, 629, -128, 703, 520, 26, 391, -504, 543, -725, 579, -108, -118, 320, 405, -148, 253, -398]
[541, -302, -498, 140, -35, 102, 849, -495, -1022, -437, -214, -808, -692, -199, -341, 797, -743, -300, 235, 44, -330, -356, 158, -535, 522, 248, -60, 719, -412, -526, -239, -332, -405, -191, -63, 118, 248, 59, -175, 270, 184, -85, 336, 499, 596, -220, -2, 1413, 419, 711, -51, 790, -147, 32, -185, -380, -82, -525, -153, 598, -319, -337, 597, 587, 374, -468, 128, -176, 526, -431, -466, -19, 494, -28, -591, 131, 188, -875, 612, 690, -443, -116, 957, -359, 553, -229, 158, 281, 1037, -936, 222, -515, -377, -129, 308, -994, -10, -68, 320, -726]
[-121, -77, 164, -155, -528, -484, -286, 637, 33, -295, 196, -628, 63, -327, 96, 680, 663, -35, 38, -219, 15, 1412, -422, 117, -412, -150, 380, 28, -614, 565, -489, 95, -951, 491, -310, 540, -571, -202, -225, 608, -706, 1100, -12, 115, -50, -785, -106, 425, -748, -893, -139, 234, -300, -418, -77, 93, 489, -985, -604, -183, -449, -302, 596, -49, -610, -1068, -644, 200, -433, 2, -536, 207, 19, -95, 319, -269, 493, -507, -593, 643, 622, -12, 384, 692, -580, 284, -126, 64, 414, 13, -698, 611, -718, 17, -691, -380, -478, 77, -912, -19]
[86, -390, -577, -290, -615, -279, 123, 49, -1149, -1, 701, -273, 715, -244, 824, 942, 610, -36, -683, 30, 29, -304, -1499, 11, -575, -1113, 936, 578, -519, 324, -202, 108, -5, -475, 695, 757, -1135, -1044, 824, 86, -225, 164, 474, -70, 401, -228, -571, 844, 40, -124, -604, -46, -289, -129, -451, -433, -603, -17, -859, -232, 579, -598, 595, 349, -33, 835, -270, 7, -794, 343, 325, -873, 617, 78, -282, 337, -280, -550, -264, -987, 704, -1409, 734, 638, 117, 86, -241, -104, -594, -318, 346, 114, -440, -720, -185, -379, -50, -36, -56, -427]
[-335, -913, 264, -573, 492, -436, -434, -270, -58, -113, -352, -496, 326, -1008, -175, 423, -1017, -478, -170, 557, 25, 11, 38, -12, 384, -94, 369, 238, 935, -191, 258, 633, -697, -579, -234, -84, 765, 13, -20, -319, 224, -181, 89, -721, -520, 367, -286, 47, -307, -674, 501, -118, -384, -364, -1, -369, -264, -777, -130, 77, 82, 200, -819, 833, -196, 31, 691, -291, 982, 544, 1194, 582, 69, 248, 192, -458, 302, -456, 105, 158, -524, -573, 405, -167, 75, -430, 650, 416, -268, -910, 410, -540, -401, 614, -703, 24, 1166, -48, 167, -228]
[-509, -181, -115, -30, -377, 193, 123, 89, 515, 342, -691, 85, 206, 272, 425, -692, 1185, -502, 968, -226, 563, 95, -410, -496, -19, -213, -27, 354, -448, -250, -363, 149, 780, 307, -114, -177, 427, 93, -857, -99, -224, -436, 188, 584, 500, 85, 1173, 847, -927, 484, 427, 83, -171, 347, 177, 664, 404, -192, 13, 232, -59, -98, -1116, 650, -40, -310, -774, 765, 69, 260, -132, 337, -550, 441, 567, -54, -157, 357, 292, -87, 65, 223, -1152, -165, 387, -226, -603, 57, 25, 129, -49, 247, 458, 55, 783, 25, -648, 337, -319, -248]
[-348, 769, -339, 647, -800, 1505, -908, 3, -491, -272, -187, -80, -69, -23, 221, 199, 80, 72, 465, -111, 250, 205, -107, 947, 241, -303, -63, -507, -670, 416, 386, -1191, -814, 160, -376, 479, 20, 67, -199, -34, -410, 1160, 138, 281, 215, -388, 434, -423, 487, 256, -456, -424, -233, -361, -267, -174, -334, 914, -210, 111, -165, -451, -759, -295, 88, 633, 1206, 54, -470, -76, -1025, -527, 630, -486, 580, 569, 311, -200, 863, 144, -25, 370, -586, -692, -219, -738, 342, -506, -1110, -154, 279, 485, 871, -478, 238, 490, -35, -191, -426, -413]
[-607, -570, 229, 677, 397, 1209, -749, -784, 535, -297, 276, 224, 198, -251, 868, -389, -8, -240, -177, -978, 670, -541, -806, -447, -475, -47, 163, -107, 690, -1144, 529, -480, -750, -809, -718, 128, -502, 25, 198, -267, 28, -670, 757, -138, -218, 476, 150, -119, 456, 254, -132, -1108, -492, -1089, 107, 243, -92, -359, -949, -365, -135, -1129, -701, -304, -822, 657, 199, -168, 167, -9, 151, 607, -829, 290, 858, 683, 75, -28, 667, 580, 261, 744, -351, 553, 792, -555, -267, -413, 164, 492, 948, -279, 148, 23, 218, 882, 22, 493, -157, -232]
[-169, 316, -448, 124, 695, 325, 205, -151, -922, 92, 1270, 141, -132, -234, -205, -618, -525, 299, -35, 212, -205, 515, 64, -182, 64, -584, -161, 661, 909, -126, 9, -393, 435, 707, 648, -91, -806, -174, 341, 539, -351, -693, -453, -413, -777, -380, 482, 242, 200, 269, 317, 127, 76, -294, -127, 223, -930, 899, 19, -69, -193, 128, 526, 238, -307, 665, 233, 977, -928, -690, 456, -569, 508, -503, 667, 88, 728, 1431, -177, 151, 281, -827, -193, 13, -29, -474, -158, 55, -209, 611, -419, -526, 301, -705, -251, -180, 535, 442, 729, -347]
[523, 519, -566, -683, -462, -325, -913, -708, 893, -128, -696, 200, -343, 1180, -484, -797, 218, -24, 611, 148, 61, -163, 557, 334, -687, 502, -596, 162, -451, 49, -263, 455, 889, -142, 1054, 640, 39, -356, -781, -72, 184, -152, -403, -755, 50, -44, 827, -603, -332, -588, -391, -48, 1273, 117, -15, -187, -627, 51, 94, -569, -62, 776, -159, 199, -93, -613, -252, -805, 61, 76, 18, -96, 851, -431, 112, -628, -453, -209, 125, 453, -82, 786, -676, -719, 712, 3, 281, 45, -324, -329, 414, -436, 512, 463, 251, 410, 229, -259, -29, -608]
[-846, 744, 759, 387, 533, -892, 190, -79, 139, -325, -496, 296, 493, -232, -607, -596, 620, -96, -284, 187, 64, 78, -194, 496, 162, 270, -428, -1202, 677, -8, -132, -235, -578, 509, -585, 248, -352, 454, -186, 908, 448, 649, 303, -70, -85, -267, -1106, -530, -8, 266, 185, -597, -170, 702, -386, -186, -100, 194, -472, 617, 111, -257, -516, 24, 106, -63, -1186, 349, -539, -160, 823, -232, -259, 55, -57, 129, -162, -186, -1251, 123, -306, 651, 407, -385, -416, 388, 589, 417, 555, 165, -415, 854, -308, 103, -963, -703, 19, 30, -196, 305]
[-458, -470, -234, -53, -1008, 314, -39, 991, -29, 657, -144, 518, 597, 67, 466, 242, 584, -203, 464, 460, -8, 396, 246, 595, -504, -561, 698, 136, 248, -3, 587, -551, -912, 292, -167, 476, 320, 113, 114, -623, -118, 210, -43, 1062, -113, -220, -77, 192, -279, 309, -160, 780, 358, 326, -126, 778, -310, -79, -373, -327, 38, -433, -743, -1080, 7, -484, 190, 769, 180, -279, -521, 457, -36, 104, 22, 397, 72, -805, -995, -216, 266, 211, -1033, -13, 679, -11, 447, -122, -246, -13, 13, 706, -225, 37, 696, -19, -612, -313, 81, 82]
[-440, 431, 128, 357, -480, 332, -517, -811, -78, 15, 352, -252, -285, 905, 751, 153, -513, -325, -221, -654, -388, 369, 10, 259, 403, 584, -717, -94, 236, 266, -57, -642, -305, -453, 354, -35, -376, 625, 113, 625, -679, 413, -644, -173, 85, -517, 64, -241, 431, 811, -688, 360, -432, -196, 429, -1078, -429, -28, -318, -328, 775, -227, -504, -326, -133, 284, 510, -179, -981, -225, -98, 448, 619, -313, 303, 689, -67, -571, -652, -137, -110, -502, -196, 155, -328, -56, 408, 1638, -357, 175, 867, 501, -409, -173, -366, -186, -236, -264, 68, 568]
[-403, -546, 6, -196, 0, 765, 148, 1140, -158, 1385, 629, 394, -201, -414, -128, 317, -114, -162, 438, -267, -199, 243, -63, -130, 360, 197, 58, 166, -158, -639, -235, -805, 143, -677, 546, -603, 186, 586, 269, 400, 87, -65, -1336, -332, -635, 130, 1056, 326, 261, -54, 616, -148, 62, -191, 443, 251, 899, -994, 597, 1082, -58, -340, -411, -368, 565, 11, 672, -261, -1118, -1089, -439, -332, -157, -108, -641, -28, 182, -309, 134, 333, 573, 214, -302, 741, -566, -48, -908, 314, 745, 552, -364, -116, -305, -675, -590, -914, -485, -133, -115, -199]
[272, -143, -145, 95, -186, 88, -113, -933, -856, 68, -70, 425, -202, -12, 410, 361, -12, -246, -495, 316, -139, 314, -180, 417, -574, 255, -1784, 795, -989, -224, -378, 422, -430, -192, -560, -147, 1173, -51, 515, 363, 338, 1014, 506, 23, -218, 135, 37, 840, -905, -168, -113, -38, 155, -377, 64, 329, -557, 269, 1028, 219, -871, -213, 735, 592, 46, -28, 258, -721, 666, 440, -911, -175, -208, -155, 141, -808, -65, -231, 66, -1130, 19, -446, 419, -226, -354, -862, 145, -372, 189, 713, 219, 436, 731, -268, -546, -300, 540, 15, -564, 373]
[259, 227, -241, 5, 252, -111, -166, 45, -457, -7, 685, -87, -598, -42, 390, 661, 617, 422, -875, -282, -42, 1087, -433, 297, 1199, -841, 739, 163, 322, -707, 31, -147, 452, 462, 973, 537, -405, 193, -231, 273, -111, 1184, 89, -489, -134, -596, -912, -541, 497, -306, 156, 748, -132, 829, -396, -365, -565, 353, -1104, 443, -94, -11, 561, -429, -300, 506, -71, 270, -673, 487, 326, 641, 696, -630, 99, -284, -84, 258, -792, -549, -363, -629, 106, -376, 139, 9, -74, 180, -756, -414, 106, -136, -207, -467, 453, 312, 249, -245, -24, 203]
[-260, -458, -399, 301, -94, -994, 811, -273, 24, -322, 403, 365, -289, -1331, 417, 646, 249, 328, 198, 316, 690, -148, -419, 339, 611, -186, -542, 534, 212, -149, -211, -319, -595, 70, -700, -61, -542, -117, 186, 76, 654, 8, 654, 309, 537, 518, -294, 6, -121, 177, 969, 781, 66, 149, -620, -278, -276, 614, 601, -110, 67, -114, -520, 159, 80, -367, -815, 287, 101, 657, 33, 283, -137, 241, -974, 389, -49, -851, -557, 1054, -104, -124, -17, 337, -117, 190, 564, -481, 496, -617, -589, 791, 337, -392, -91, -56, 45, -216, -242, -269]
[369, -21, 367, -350, -323, 522, -146, -276, 112, 409, 32, 40, -1132, 905, -53, 388, 289, -1285, -229, 21, 229, -169, 76, -888, 33, 561, 319, 7, 152, -437, 690, 521, 26, -153, 381, 691, 664, -499, -892, -40, -335, 429, 276, -401, -221, -79, 686, 37, 379, 33, -260, 736, -319, -300, 1305, -244, -114, 825, -690, -476, -91, -701, 128, 492, 512, 527, -279, 11, 741, 43, 397, 633, -126, 186, 555, 82, -251, -67, -93, -626, -396, -595, -389, -750, -275, -661, -307, 212, 93, -295, 803, -20, -550, 183, 651, -461, 249, -112, 185, 767]
[410, 181, 754, -891, -333, -1055, -296, 76, 211, -523, -634, 1013, 366, 646, 291, 502, -351, 422, 7, -224, -194, -259, 962, -633, -741, 851, 122, -792, -16, 763, 897, 69, -1080, 981, -320, 836, 433, -134, -79, -637, -231, -388, -674, 269, -246, -671, -782, -130, -160, -205, -477, 905, -352, -395, -355, -269, -170, -942, -468, -245, 786, 31, 912, -193, -1025, -770, 526, 998, 568, -370, -194, 11, -55, 614, -637, -221, -230, -111, -702, 327, 1491, 539, 176, 77, -138, 769, 280, 84, -467, 242, -3, 253, -665, 420, -740, 175, -339, 990, 291, 254]
[14, 255, -372, -85, -503, 581, 529, 370, -819, 590, 1192, 205, 80, -269, 348, -57, -709, 268, 306, -386, -457, 110, 31, 406, 380, -513, -366, -535, 526, 310, 108, -112, 417, -36, 1049, -685, -425, 241, 252, 439, -329, -427, -600, -429, 188, 251, -729, -81, 935, 329, -110, 704, -23, 568, 141, -208, 267, 709, 255, 445, -320, -255, -155, 347, 120, 232, 1176, -31, -313, -230, -108, 75, 9, -390, -500, 1183, 57, -685, 475, -411, -103, -154, 127, 564, 617, -995, -253, 144, -231, -53, 571, 48, 770, -1079, -457, 411, -13, -611, 345, 226]
[-254, 278, 33, 989, -615, 528, 402, -71, 455, 18, -344, 133, 208, 1100, 313, -354, 366, -385, -119, -142, 629, -356, -530, -338, -484, -247, 423, 188, 47, 122, 438, 84, 235, 720, -12, -13, 116, 116, 574, 71, -39, 241, 721, 636, 264, -394, -789, -294, 200, 85, -478, 822, 168, -545, 70, 199, 367, 553, -355, -380, 230, 284, -6, -109, -430, 327, -642, 576, -237, -184, -441, -276, -653, 523, 347, 161, -764, 991, 968, -923, 286, -379, 572, -100, 278, -250, -499, -104, -558, 401, 399, -1, -76, 136, 485, 334, -1032, -20, -433, 997]
[-1008, 23, 39, -501, 1070, 347, 1729, 126, -422, 225, 386, 409, -212, 317, -118, 290, -232, 190, -418, 41, -364, 233, 864, 185, -62, 341, 27, 764, -205, -598, 584, -718, 137, -100, -498, -333, -716, -254, 136, 363, -223, -354, -1025, -58, -292, -310, -623, -1012, 507, 285, -230, 292, -193, -322, 847, -117, 425, 661, -148, 1495, -52, 1116, -410, 278, -824, -64, 544, -416, -163, -779, 229, -723, 360, -606, 150, -122, 302, 494, 148, -196, 303, -361, 442, -918, 373, -505, 526, 217, -101, -43, 99, 447, 551, -81, -709, -17, 435, 167, -759, 532]
